18.40
17.40
17.10
16.60
15.80
18.50
17.30
18.70
19.60
19.10
18.90
19.60
19.50
19.70
20.80
19.50
18.50
18.60
17.80
19.50
19.40
19.70
19.40
18.90
18.90
19.00
18.60
18.80
19.60
19.50
19.50
20.00
19.40
18.90
18.20
19.00
17.30
18.70
18.10
18.50
17.10
17.40
18.00
17.00
18.10
19.00
18.60
17.20
19.20
18.30
21.10
19.10
20.10
19.00
19.30
19.00
17.30
18.40
17.30
17.10
15.40
17.40
16.10
18.20
18.20
18.90
18.00
19.30
17.80
18.80
18.30
18.40
18.40
18.30
17.50
16.80
15.60
16.00
17.30
16.90
14.00
14.40
15.60
16.90
17.20
16.10
13.60
14.60
13.00
16.30
17.60
18.00
18.10
17.60
14.80
14.90
14.40
14.20
15.00
11.80
12.20
14.30
13.20
14.40
13.30
14.40
17.60
17.00
16.00
16.20
16.30
16.40
15.20
15.70
14.30
14.60
13.30
15.80
11.80
14.30
14.40
14.40
14.40
16.80
15.40
13.80
11.20
14.60
13.30
14.80
14.00
13.70
12.60
13.00
12.60
12.30
13.10
13.00
13.50
12.80
13.30
15.00
11.80
13.80
11.20
10.60
11.40
12.30
11.00
10.60
10.80
 8.60
 6.50
 8.20
12.40
14.40
14.10
11.50
 5.60
 7.20
 9.50
 7.90
14.50
11.60
14.40
14.50
12.00
10.90
10.20
13.20
12.40
13.10
14.60
13.80
14.70
12.70
14.70
13.30
12.60
13.50
12.10
11.80
13.00
15.40
14.60
12.00
13.20
14.90
14.80
13.20
12.20
11.50
12.80
13.90
12.00
10.40
11.80
13.40
12.60
14.80
12.60
12.80
11.80
12.80
13.00
12.50
10.20
11.60
 8.60
 9.30
10.00
13.20
11.50
11.60
13.40
15.10
11.90
12.80
14.20
10.40
 9.40
 6.60
 8.30
 7.80
 9.60
11.00
10.60
11.60
11.00
11.40
12.60
12.40
 9.50
14.80
15.50
14.30
11.80
11.20
12.40
10.40
11.00
11.60
12.20
10.60
11.30
12.20
14.40
16.80
13.90
14.50
13.40
15.90
14.00
12.30
10.80
14.20
18.20
13.60
12.80
13.20
11.80
13.50
15.00
15.00
13.60
13.20
14.80
14.50
14.30
14.00
15.50
13.90
17.00
17.90
14.00
12.40
12.50
15.60
14.80
14.50
15.10
15.60
16.40
18.00
16.10
17.10
18.30
18.10
15.10
13.40
13.00
13.40
15.40
15.80
15.20
15.70
16.30
16.90
15.90
15.90
16.90
18.90
19.00
18.80
18.20
18.20
19.60
18.00
18.90
19.00
19.70
18.70
16.90
18.10
20.10
20.20
20.80
16.30
16.10
17.20
19.00
16.20
16.10
15.80
18.00
19.00
19.80
18.70
18.60
18.40
20.10
15.10
13.50
16.10
17.70
18.00
16.60
17.40
16.20
16.60
18.80
18.50
16.20
15.40
16.00
18.20
19.70
19.40
20.00
16.20
16.20
16.50
17.90
18.60
20.10
19.10
21.10
21.10
20.80
20.70
21.20
20.30
19.20
21.60
19.80