1497.00
1463.00
1648.00
1595.00
1777.00
1824.00
1994.00
1835.00
1787.00
1699.00
1633.00
1645.00
1597.00
1577.00
1709.00
1756.00
1936.00
2052.00
2105.00
2016.00
1914.00
1925.00
1824.00
1765.00
1721.00
1752.00
1914.00
1857.00
2159.00
2195.00
2287.00
2276.00
2096.00
2055.00
2004.00
1924.00
1851.00
1839.00
2019.00
1937.00
2270.00
2251.00
2382.00
2364.00
2129.00
2110.00
2072.00
1980.00
1995.00
1932.00
2171.00
2162.00
2489.00
2424.00
2641.00
2630.00
2324.00
2412.00
2284.00
2186.00
2184.00
2144.00
2379.00
2383.00
2717.00
2774.00
3051.00
2891.00
2613.00
2600.00
2493.00
2410.00
2390.00
2463.00
2616.00
2734.00
2970.00
3125.00
3342.00
3207.00
2964.00
2919.00
2764.00
2732.00
2622.00
2698.00
2950.00
2895.00
3200.00
3408.00
3679.00
3473.00
3154.00
3107.00
3052.00
2918.00
2786.00
2739.00
3125.00
3033.00
3486.00
3661.00
3927.00
3851.00
3456.00
3390.00
3280.00
3166.00
3080.00
3069.00
3340.00
3310.00
3798.00
3883.00
4191.00
4213.00
3766.00
3628.00
3520.00
3322.00
3250.00
3287.00
3552.00
3440.00
4153.00
4265.00
4655.00
4492.00
4051.00
3967.00
3807.00
3639.00
3647.00
3560.00
3929.00
3858.00
4485.00
4697.00
4977.00
4675.00
4596.00
4491.00
4127.00
4144.00
4014.00
3994.00
4320.00
4400.00
5002.00
5091.00
5471.00
5193.00
4997.00
4737.00
4546.00
4498.00
4350.00
4206.00
4743.00
4582.00
5191.00
5457.00
5891.00
5618.00
5158.00
5030.00
4800.00
4654.00
4453.00
4440.00
4945.00
4788.00
5425.00
5706.00
6061.00
5846.00
5242.00
5408.00
5114.00
5042.00
5008.00
4657.00
5359.00
5193.00
5891.00
5980.00
6390.00
6366.00
5756.00
5640.00
5429.00
5398.00
5413.00
5141.00
5695.00
5554.00
6369.00
6592.00
7107.00
6917.00
6353.00
6205.00
5830.00
5646.00
5379.00
5489.00
5824.00
5907.00
6482.00
6795.00
7028.00
6776.00
6274.00
6362.00
5940.00
5958.00
5769.00
5887.00
6367.00
6165.00
6868.00
7201.00
7601.00
7581.00
7090.00
6841.00
6408.00
6435.00
6176.00
6138.00
6717.00
6470.00
7312.00
7763.00
8171.00
7788.00
7311.00
6679.00
6704.00
6724.00
6552.00
6427.00
7105.00
6869.00
7683.00
8082.00
8555.00
8386.00
7553.00
7398.00
7112.00
6886.00
7077.00
6820.00
7426.00
7143.00
8261.00
8240.00
8977.00
8991.00
8026.00
7911.00
7510.00
7381.00
7366.00
7414.00
7824.00
7524.00
8279.00
8707.00
9486.00
8973.00
8231.00
8206.00
7927.00
7999.00
7834.00
7521.00
8284.00
7999.00
8940.00
9381.00
10078.00
9796.00
8471.00
8572.00
8150.00
8168.00
8166.00
7903.00
8606.00
8071.00
9178.00
9873.00
10476.00
9296.00
8818.00
8697.00
8381.00
8293.00
7942.00
8001.00
8744.00
8397.00
9115.00
9773.00
10358.00
9849.00
9083.00
9143.00
8800.00
8741.00
8492.00
8795.00
9354.00
8796.00
10072.00
10174.00
11326.00
10744.00
9806.00
9740.00
9373.00
9244.00
9407.00
8827.00
9880.00
9364.00
10580.00
10899.00
11687.00
11280.00
10208.00
10212.00
9725.00
9721.00
9846.00
9407.00
10265.00
9970.00
10801.00
11246.00
12167.00
11578.00
10645.00
10613.00
10104.00
10348.00
10263.00
9973.00
10803.00
10409.00
11458.00
11845.00
12559.00
12070.00
11221.00
11338.00
10761.00
11012.00
10923.00
10790.00
11427.00
10788.00
11772.00
12104.00
12634.00
12772.00
11764.00
11956.00
11646.00
11750.00
11485.00
11198.00
12265.00
11704.00
12419.00
13259.00
13945.00
13839.00
12387.00
12546.00
12038.00
11977.00
12336.00
11793.00
12877.00
11923.00
13306.00
13988.00
14002.00
14338.00
12867.00
12761.00
12449.00
12658.00