1451.00
2037.00
2477.00
2785.00
2994.00
2681.00
3098.00
2708.00
2517.00
2445.00
2087.00
1801.00
1216.00
2173.00
2286.00
3121.00
3458.00
3511.00
3524.00
2767.00
2744.00
2603.00
2527.00
1846.00
1066.00
2327.00
3066.00
3048.00
3806.00
4042.00
3583.00
3438.00
2957.00
2885.00
2744.00
1837.00
1447.00
2504.00
3248.00
3098.00
4318.00
3561.00
3316.00
3379.00
2717.00
2354.00
2445.00
1542.00
1606.00
2590.00
3588.00
3202.00
4704.00
4005.00
3810.00
3488.00
2781.00
2944.00
2817.00
1960.00
1937.00
2903.00
3357.00
3552.00
4581.00
3905.00
4581.00
4037.00
3345.00
3175.00
2808.00
2050.00
1719.00
3143.00
3756.00
4776.00
4540.00
4309.00
4563.00
3506.00
3665.00
3361.00
3094.00
2440.00
1633.00
2935.00
4159.00
4159.00
4894.00
4921.00
4577.00
4155.00
3851.00
3429.00
3370.00
2726.00
1674.00
3257.00
4731.00
4481.00
5443.00
5566.00
5044.00
4781.00
4014.00
3561.00
3801.00
2685.00
1805.00
3756.00
4227.00
4595.00
5702.00
4681.00
4395.00
4459.00
4191.00
3742.00
3279.00
2468.00
1742.00
3366.00
3633.00
3701.00
4926.00
4522.00
5275.00
4717.00
4114.00
3851.00
3493.00
2654.00
2168.00
3561.00
4305.00
4413.00
5307.00
5361.00
4948.00
4472.00
3846.00
3715.00
3343.00
2939.00
1615.00
3497.00
3915.00
4858.00
4962.00
4504.00
4767.00
4291.00
4091.00
4164.00
3915.00
3130.00
1696.00
3887.00
4749.00
4781.00
5089.00
5484.00
5072.00
4611.00
4117.00
3910.00
4252.00
3624.00
1678.00
3851.00
5021.00
4581.00
6195.00
5338.00
4909.00
4640.00
3706.00
4113.00
3879.00
3411.00
2043.00
3736.00
4490.00
3715.00
5623.00
4671.00
5591.00
5461.00
4795.00
4846.00
4843.00
3278.00
2411.00
4278.00
4639.00
4559.00
6404.00
4851.00
6480.00
6394.00
5752.00
4718.00
4659.00
3842.00
2873.00
5556.00
5389.00
6135.00
6707.00
5220.00
6249.00
5281.00
4192.00
4867.00
3752.00
3492.00
1979.00
4584.00
5139.00
5044.00
5501.00
5044.00
5035.00
5167.00
4650.00
5298.00
4373.00
3941.00
2334.00
4381.00
5665.00
4393.00
5232.00
5876.00
5900.00
5704.00
4718.00
4650.00
4446.00
3061.00
2155.00
4274.00
4695.00
4362.00
4889.00
5370.00
5072.00
4985.00
3978.00
4139.00
3995.00
3025.00
1949.00
4357.00
4638.00
3994.00
6174.00
5656.00
4411.00
5504.00
4463.00
4458.00
4528.00
2830.00
1843.00
5042.00
5348.00
5257.00
6699.00
5388.00
6001.00
5966.00
4845.00
4507.00
4214.00
3460.00
1833.00
4978.00
6464.00
5820.00
6447.00
6191.00
6628.00
5452.00
5295.00
5080.00
5564.00
3965.00
2062.00
5099.00
6162.00
5529.00
6416.00
6382.00
5624.00
5785.00
4644.00
5331.00
5143.00
4596.00
2180.00
5786.00
5840.00
5666.00
6360.00
6219.00
6082.00
5653.00
5726.00
5049.00
5859.00
4091.00
2167.00
6480.00
7375.00
6583.00
7251.00
6730.00
6428.00
5228.00
4716.00
6101.00
5753.00
4000.00
2691.00
5898.00
6526.00
5840.00
6650.00
5717.00
7236.00
6523.00
5729.00
6004.00
5950.00
4690.00
3687.00
7791.00
7153.00
6434.00
7850.00
6809.00
8379.00
6914.00
6919.00
7265.00
6994.00
5503.00
3782.00
7502.00
8119.00
7292.00
6886.00
7049.00
7977.00
8519.00
6680.00
7994.00
7047.00
5782.00
3771.00
7906.00
8970.00
6077.00
7919.00
7340.00
7791.00
7368.00
8255.00
7816.00
7476.00
6696.00
4484.00
8274.00
8866.00
8572.00
9176.00
8645.00
8265.00
9558.00
7037.00
9101.00
8180.00
7072.00
3832.00
7253.00
8667.00
7658.00
8859.00
7291.00
7529.00
8715.00
8450.00
9085.00
8350.00
7080.00