96.30
84.40
91.20
81.90
80.50
70.40
74.80
75.90
86.30
98.70
100.90
113.80
89.80
84.40
87.20
85.60
72.00
69.20
77.50
78.10
94.30
97.70
100.20
116.40
97.10
93.00
96.00
80.50
76.10
69.90
73.60
92.60
94.20
93.50
108.50
109.40
105.10
92.50
97.10
81.40
79.10
72.10
78.70
87.10
91.40
109.90
116.30
113.00
100.00
84.80
94.30
87.10
90.30
72.40
84.90
92.70
92.20
114.90
112.50
118.30
106.00
91.20
96.60
96.30
88.20
70.20
86.50
88.20
102.80
119.10
119.20
125.10
106.10
102.10
105.20
101.00
84.30
87.50
92.70
94.40
113.00
113.90
122.90
132.70
106.90
96.60
127.30
98.20
100.20
89.40
95.30
104.20
106.40
116.20
135.90
134.00
104.60
107.10
123.50
98.80
98.60
90.60
89.10
105.20
114.00
122.10
138.00
142.20
116.40
112.60
123.80
103.60
113.90
98.60
95.00
116.00
113.90
127.50
131.40
145.90
131.50
131.00
130.50
118.90
114.30
85.70
104.60
105.10
117.30
142.50
140.00
159.80
131.20
125.40
126.50
119.40
113.50
98.70
114.50
113.80
133.10
143.40
137.30
165.20
126.90
124.00
135.70
130.00
109.40
117.80
120.30
121.00
132.30
142.90
147.40
175.90
132.60
123.70
153.30
134.00
119.60
116.20
118.60
130.70
129.30
144.40
163.20
179.40
128.10
138.40
152.70
120.00
140.50
116.20
121.40
127.80
143.60
157.60
166.20
182.30
153.10
147.60
157.70
137.20
151.50
98.70
145.80
151.70
129.40
174.10
197.00
193.90
164.10
142.80
157.90
159.20
162.20
123.10
130.00
150.10
169.40
179.70
182.10
194.30
161.40
169.40
168.80
158.10
158.50
135.30
149.30
143.40
142.20
188.40
166.20
199.20
182.70
145.20
182.10
158.70
141.60
132.60
139.60
147.00
166.60
157.00
180.40
210.20
159.80
157.80
168.20
158.40
152.00
142.20
137.20
152.60
166.80
165.60
198.60
201.50
170.70
164.40
179.70
157.00
168.00
139.30
138.60
153.40
138.90
172.10
198.40
217.80
173.70
153.80
175.60
147.10
160.30
135.20
148.80
151.00
148.20
182.20
189.20
183.10
170.00
158.40
176.10
156.20
153.20
117.90
149.80
156.60
166.70
156.80
158.60
210.80
203.60
175.20
168.70
155.90
147.30
137.00
141.10
167.40
160.20
191.90
174.40
208.20
159.40
161.10
172.10
158.40
114.60
159.60
159.70
159.40
160.70
165.50
205.00
205.20
141.60
148.10
184.90
132.50
137.30
135.50
121.70
166.10
146.80
162.80
186.80
185.50
151.50
158.10
143.00
151.20
147.60
130.70
137.50
146.10
133.60
167.90
181.90
202.00
166.50
151.30
146.20
148.30
144.70
123.60
151.60
133.90
137.40
181.60
182.00
190.00
161.20
155.50
141.90
164.60
136.20
126.80
152.50
126.60
150.10
186.30
147.50
200.40
177.20
127.40
177.10
154.40
135.20
126.40
147.30
140.60
152.30
151.20
172.20
215.30
154.10
159.30
160.40
151.90
148.40
139.60
148.20
153.50
145.10
183.70
210.50
203.30
153.30
144.30
169.60
143.70
160.00
135.50
141.70
159.90
145.60
183.40
198.10
186.70
171.90
150.50
163.00
153.60
152.80
135.40
148.30
148.30
133.50
193.80
208.40
197.00