92.5604
98.2748
77.6264
103.5484
96.9612
82.1921
88.2728
96.3243
107.9911
106.9370
80.8756
102.9346
99.8161
82.6799
89.0084
66.1379
71.5518
83.6553
77.6190
80.7944
70.4064
51.1535
75.5561
78.7539
72.3717
76.5850
78.4772
70.6658
81.5457
70.1356
89.3001
72.0560
82.1245
77.5323
80.9043
103.9696
100.7627
89.4308
107.7725
79.0238
89.3095
85.2635
94.0666
91.9747
70.6062
76.5743
72.2665
75.5726
75.1338
74.6502
59.0149
70.4733
69.7351
55.6125
55.5795
68.8037
84.9755
69.1105
79.4394
71.7144
90.6567
78.7539
88.9955
97.1195
104.7175
108.0446
96.3343
84.0766
83.7447
85.7156
101.3687
81.4452
95.5296
75.4244
92.8779
72.3808
64.7968
63.7157
72.3342
66.2083
61.2839
75.0070
67.6401
67.2259
79.5254
62.4280
78.8992
81.5108
73.2947
82.0346
70.3943
72.7196
89.7407
99.5222
106.0107
83.1630
96.9825
93.9995
79.6229
88.1041
81.0126
97.6453
80.4375
83.9747
69.9695
79.9408
66.7881
75.8056
74.5293
74.4542
64.2504
52.5968
56.9515
78.1343
56.5810
78.6273
72.3335
88.7830
64.2266
78.2803
71.3183
99.9580
73.9558
99.3945
102.5095
105.3267
82.4509
91.9113
87.0620
101.9924
89.0896
101.1362
76.5565
76.0328
69.3662
65.9634
84.9777
73.5744
70.3486
56.3583
76.3251
68.7438
60.6107
66.1316
64.0639
56.1318
63.3807
62.5985
67.3986
72.1986
80.6367
72.5907
100.8983
104.4908
92.7163
93.9434
90.0494
106.9194
90.3433
81.3265
99.5547
85.5089
78.3518
80.2360
67.8936
65.8405
87.1605
84.8673
71.1091
53.8030
57.7775
60.6769
74.7180
51.1963
53.3003
58.9225
75.6567
80.8506
81.3137
78.5277
84.5289
79.9907
96.1576
81.8158
98.5936
84.7712
90.9724
98.6864
102.6727
80.4242
104.0288
97.0882
85.7048
81.1944
78.4035
71.0718
74.1542
71.5064
78.3817
75.8546
70.0637
61.4405
74.4296
66.7189
62.5314
82.0229
82.4615
75.4036
80.5556
82.6113
74.3509
80.1384
87.9445
83.0618
103.3196
85.1088
86.6955
85.0391
86.0958
91.0613
85.4802
101.5182
84.0073
73.6632
92.1464
91.2738
72.0650
59.5168
61.5948
64.2712
68.5810
57.9485
68.1675
72.0706
58.6620
57.3754
65.0835
68.4623
74.6063
80.2357
70.6841
78.9755
97.8472
77.0238
105.8560
101.1758
94.5761
97.2736
86.3844
91.7558
105.0398
90.2210
86.7351
75.0665
79.6669
80.6031
79.2730
68.0487
64.8759
81.6491
51.8663
76.6372
77.4808
74.6197
54.9710
61.7090
66.2439
79.2908
65.9779
86.6368
71.3215
90.7138
88.6420
99.5187
99.4415
106.3775
106.6455
89.9427
100.2282
83.9247
77.0634
96.1390
86.1017
82.5163
92.1417
80.1773
77.4289
81.9665
78.0175
69.3113
56.2218
57.2801
76.6775
51.5944
66.7067
58.8906
85.5436
80.2798
76.8955
79.1327
69.9072
91.5602
75.0897
78.2905
93.6399
82.1677
104.4623
104.4442
100.9390
82.4863
95.9353
89.3746
100.2903
87.5884
89.0099
75.4953
71.8707
80.9426
56.3569
56.0047
55.9358
61.8103
75.0236
74.8351
53.8238
65.8306
71.9895
71.4029
81.5871
83.8392
76.8782
84.0506
74.2814
105.6691
83.0054
82.4523
91.0901
85.8614
93.9565
88.1752
104.6961
101.4267
72.6814
90.2544
73.0736
74.5664
75.3351
84.4653
66.3852
81.5012
59.7778
71.1151
70.0723
66.9079
72.9528
73.8487
61.5272
62.7394
91.8537
70.1336
69.0967
87.9370
100.2728
96.2224
83.7034
90.3333
93.7396
109.3670
83.9580
103.6561
95.4901
85.1049
76.8288
80.9663
79.4607
65.4997
76.5842
62.9689
65.3914
69.4992
58.2883
58.7954
68.5949
58.6926
76.7409
83.3327
78.0907
69.2153
79.4034
68.2331
95.3079
97.4907
98.3496
83.9690
95.8211
79.9412
92.6756
89.2994
84.1104
83.3534
88.8337
76.6437
89.0568
82.2464
85.8785
82.8780
78.0549
57.1913
55.9170
61.5976
66.6601
69.7155
62.3107
75.3336
73.5604
82.9123
72.1232
68.6533
65.0502
83.3288
91.4827
83.8046
76.5415
84.1413
82.6001
87.6960
93.1204
95.7321
92.9886
104.2515
91.6887
102.1255
90.2323
96.8495
72.2212
82.1650
67.5709
76.3375
74.7070
54.0494
58.3779
56.8034
70.1172
76.0659
62.3435
77.2684
76.4432
59.1004
79.9464
76.6031
95.5984
71.1356
87.6903
88.8776
91.8179
102.3706
89.5920
103.4600
93.4066
79.0633
81.4234
95.4695
85.3056
72.7003
75.2337
80.1030
64.6513
78.3360
61.1383
79.5323
58.8060
73.0472
55.7420
59.3591
54.7430
71.1391
76.6841
75.2967
74.6532
84.3333
87.5472
91.4716
92.8904
104.5024
84.2584
100.5443
87.0047
83.4997
97.4850
91.4945
89.9089
93.6751
94.2096
78.6252
84.8603
74.3661
84.1568
81.1707
61.5461
70.4134
68.2016
66.3044
76.1804
58.6775
61.5518
57.4293
84.3781
78.2655
76.2652
84.1795
84.4602
90.5204
90.1334
97.7786
93.6652
109.0770
86.4781
83.0918
82.5568
79.8981
88.2846
87.2680
82.0755
91.0238
83.8369
85.0407
86.8846
85.3654
59.6137
56.1758
71.6221
52.8968
65.8443
66.6445
77.8438
68.3984
67.9869
79.0419
84.1191
80.6016
78.5501
75.6010
91.3995
84.0115
79.3240
101.9138
87.2014
93.1899
99.8997
88.7672
98.2374
85.6580
91.6035
89.2401
78.2692
62.4687
68.8247
68.9125
61.9609
57.9212
75.3858
62.9798
76.7153
62.4696
75.0831
65.7566
80.4386
81.5513
73.2032
71.4806
91.8309
99.5802
83.6437
96.2851
91.1497
104.2709
102.9835
84.9354
105.1253
107.6865
91.5799
100.3452
88.7418
72.7612
70.9959
74.0900
81.3601
80.9507
77.5517
61.5653
66.7561
52.7807
53.4333
54.8229
72.3692
68.7081
61.8745
73.7491
66.3096
66.6492
93.6401
87.9178
101.7050
97.0472
95.4741
103.7278
106.2882
109.5852
79.2815
103.9535
94.5242
103.5153
86.9315
82.5044
89.0404
68.7166
73.8418
83.2088
71.0927
77.3650
72.8934
67.6618
57.4842
70.7266
54.5141
72.6316
76.0116
80.7915
88.6039
94.4691
91.1895
88.5444
101.6662
93.5499
78.4999
82.8916
105.7991
94.4467
104.6115
84.2725
92.7159
92.7133
72.0608
86.5601
75.8723
63.3673
73.5861
61.9585
57.5453
58.1744
55.1296
55.7543
51.3617
69.7901
60.4656
70.0107
77.0381
73.8724
77.9554
78.3555
71.8366
85.8118
99.4067
102.3650
86.0992
85.5197
96.8672
99.1272
91.7767
84.1696
104.5852
76.2789
74.2723
72.3799
69.9938
80.5101
76.1102
57.7456
81.7889
73.8695
72.8694
51.9843
75.8954
78.7663
81.5416
79.6210
79.7500
74.3003
67.2094
76.9577
72.1366
72.0277
101.9910
85.1864
86.8564
89.2539
93.9299
99.3638
80.0227
103.2566
92.9181
99.4398
81.5374
81.4995
66.6272
67.1946
78.7832
66.1081
80.8074
55.5543
80.3867
66.2816
71.2897
80.7189
60.6451
66.2885
70.1284
81.8177
86.4274
68.0066
73.4622
81.8901
75.5179
91.8037
88.0659
84.5359
86.1862
107.0724
99.5276
92.0444
103.5111
76.9371
93.4674
90.2067
81.8558
67.4071
76.8153
65.1813
57.8765
58.3877
77.5824
52.2258
57.3568
52.3468
65.2613
54.2513
83.0990
64.7987
64.6824
74.2210
81.8004
74.1511
103.6785
86.1100
86.9108
81.1272
88.8651
81.3084
94.4287
100.8332
95.0793
76.5135
73.5269
91.4359
92.1540
77.8945
62.1736
80.9575
63.9958
60.8288
73.1236
50.3923
51.5356
70.7716
70.1137
69.6359
78.0745
80.1166
85.3226
73.6393
88.8946
87.8011
85.7124
77.9949
101.3956
89.3934
98.1538
102.1554
82.4102
81.8270
92.6334
88.3737
97.8153
92.0875
87.0302
63.4213
61.0855
58.8390
77.8034
80.2999
71.2456
54.0447
71.7639
54.0448
55.5344
73.0744
66.0476
78.5133
84.3553
82.4956
90.3196
78.1459
95.8655
105.2651
103.9983
81.8529
90.9109
90.9938
99.8167
95.9286
99.8281
84.8464
77.2819
70.7187
88.1580
68.0516
70.5471
72.7366
60.7214
71.2678
65.2686
54.6375
73.5401
53.7523
60.8316
60.9740
72.1094
61.6439
74.0408
68.1454
71.4872
94.6339
82.5639
94.2532
106.9231
92.2404
100.7604
102.6608
92.2451
97.6553
79.4398
101.8296
76.7249
76.1040
88.9349
76.5094
81.9677
68.0634
62.0410
53.1267
70.9330
62.9691
63.6343
69.0299
53.7917
63.3272
79.3649
79.7919
65.6413
68.9045
70.8892
71.3357
86.5101
95.8144
99.6781
95.2021
83.1824
98.8708
83.0608
82.0195
79.1050
78.0776
76.1486
74.0061
74.5244
71.3742
65.4258
63.7145
80.6405
73.1063
67.4063
55.6152
56.4431
53.0546
79.4236
75.0543
72.9169
68.3018
66.8674
83.6749
97.7567
76.2140
81.5505
88.0512
80.2102
99.7887
91.9895
109.4029
91.3314
96.6105
80.7783
85.2571
75.9351
90.8620
91.1333
72.4046
79.4650
65.0077
69.7717
76.9823
68.6589
60.1415
59.0589
64.3119
64.6890
64.6410
72.9328
81.1753
74.6114
77.8807
71.8649
71.8341
82.5223
85.6728
97.6011
107.9739
107.9898
93.6544
86.4802
100.9073
98.9270
96.0362
93.4117
71.2963
85.4468
75.7791
65.2638
59.1388
78.5601
57.2599
55.6412
70.0618
76.9139
66.2309
73.0907
58.4605
84.7869
75.1255
82.2733
66.0969
92.3948
93.5596
77.4224
91.8985
87.7654
95.6593
91.8843
92.3706
84.6880
85.6520
76.7632
101.5270
90.7120
96.0971
69.9054
89.5142
82.7387
73.5050
67.0539
59.7380
73.2925
56.9423
52.0078
73.7540
72.1457
75.3092
75.4450
71.4704
73.6042
89.4842
77.6415
95.5372
97.4890
101.7151
93.1595
98.3357
108.4447
93.2368
81.0664
103.9929