89.4417
92.1738
68.8096
92.4013
83.9708
67.9262
73.3549
81.4064
93.7252
93.9467
69.7284
94.1178
93.7150
79.5613
89.0084
69.2566
77.6528
92.4721
88.7662
93.7848
84.6722
66.0714
90.4739
93.0198
85.3621
87.7322
87.2940
76.7668
84.6643
70.1356
86.1814
65.9550
73.3077
66.3851
67.9140
89.7037
85.8449
74.5130
93.5067
66.0334
78.1623
76.4468
87.9655
88.8560
70.6062
79.6929
78.3676
84.3894
86.2809
87.6406
73.2808
85.3911
84.6529
69.8784
68.5699
79.9509
93.7923
75.2116
82.5580
71.7144
87.5380
72.6529
80.1787
85.9723
91.7271
93.7787
81.4165
69.1587
69.4788
72.7252
90.2215
72.6285
89.4285
72.3057
92.8779
75.4995
70.8979
72.5325
83.4813
79.1987
75.5498
89.9249
82.5579
81.4917
92.5158
73.5752
87.7160
87.6119
76.4134
82.0346
67.2756
66.6185
80.9239
88.3750
93.0203
68.8972
82.0647
79.0817
65.3571
75.1137
69.8655
88.8285
74.3365
80.8560
69.9695
83.0595
72.8891
84.6224
85.6764
87.4445
78.5162
67.5146
71.8693
92.4001
69.5713
89.7745
81.1503
94.8840
67.3453
78.2803
68.1996
93.8569
65.1390
88.2473
89.5191
91.0608
67.5331
76.9935
72.7961
89.0021
77.9424
92.3194
70.4554
72.9141
69.3662
69.0821
91.0788
82.3911
81.4958
69.3486
90.5909
83.6617
75.5286
80.3975
77.0542
67.2790
72.1975
68.6996
70.5172
72.1986
77.5180
66.4896
92.0815
93.3436
79.7259
79.6776
75.1316
92.0016
76.0774
68.3361
88.4076
76.6922
72.2507
77.1174
67.8936
68.9592
93.2615
93.6840
82.2563
66.7934
72.0434
75.5948
89.6358
65.4621
66.2907
70.0697
84.4735
86.9517
84.4324
78.5277
81.4103
73.8896
87.3408
70.6687
85.6033
70.5053
76.0545
83.7686
88.4068
67.4338
92.8816
88.2714
79.6037
78.0758
78.4035
74.1905
80.2553
80.3231
89.5288
88.8449
84.3295
76.3583
89.3474
80.9848
75.5218
93.1700
91.2783
81.5047
83.6743
82.6113
71.2323
74.0374
79.1277
71.9146
90.3293
70.8429
71.7777
70.1212
71.8299
78.0710
74.3331
92.7014
77.9062
70.5445
92.1464
94.3925
78.1661
68.3336
72.7419
77.2616
82.8469
72.8664
83.0853
86.3365
71.6524
68.5225
73.9003
74.5633
77.7250
80.2357
67.5655
72.8745
89.0304
65.8766
92.8656
86.9099
79.6583
82.3558
72.1185
78.7655
93.8927
81.4042
80.6341
71.9478
79.6669
83.7218
85.3741
76.8655
76.0231
94.6395
66.1322
91.5550
92.3986
88.8855
67.9614
72.8561
75.0607
85.3918
69.0966
86.6368
68.2029
84.6127
79.8252
88.3716
86.4511
92.1116
91.7277
75.0249
85.9624
70.9343
65.9162
87.3222
80.0007
79.3977
92.1417
83.2960
83.5300
90.7833
89.1647
82.3016
70.4877
72.1980
91.5954
65.8602
79.6970
70.0378
94.3604
86.3808
80.0141
79.1327
66.7886
85.4592
66.2729
67.1434
80.6495
67.9019
89.5445
89.5264
86.6732
69.4960
84.7882
80.5578
94.1892
84.4697
89.0099
78.6139
77.9717
89.7594
67.5041
68.9951
70.2017
76.7281
89.9414
89.1009
66.8141
76.9777
80.8063
77.5040
84.7058
83.8392
73.7595
77.9495
65.4646
94.5219
70.0151
68.1865
76.1723
70.9436
79.6906
75.1848
93.5489
92.6100
66.5803
87.1357
73.0736
77.6851
81.4361
93.2821
77.5323
94.4916
74.0436
86.0330
84.9902
81.1738
85.9432
84.9958
70.3440
68.8404
94.9724
70.1336
65.9780
81.8360
91.4560
85.0753
70.7130
76.0675
78.8218
94.4491
69.6921
90.6657
84.3429
76.2882
70.7277
77.8476
79.4607
68.6183
82.6852
71.7856
76.5386
82.4896
72.5542
73.7132
83.5127
72.9584
89.7313
94.4799
86.9075
75.3163
82.5221
68.2331
92.1892
91.3896
89.5328
72.8218
82.8307
65.6754
77.7578
74.3816
69.8445
70.3630
77.6866
67.8269
82.9557
79.1277
85.8785
85.9966
84.1559
66.0081
67.0642
74.5880
80.9259
84.6334
77.2286
89.5994
86.5508
94.0595
80.9400
74.7544
68.1689
83.3288
88.3641
77.7036
67.7247
72.9941
69.6097
73.4302
78.2026
80.8143
78.7227
91.2611
80.5416
93.3087
84.1313
93.7308
72.2212
85.2837
73.6719
85.1542
85.8542
67.0398
72.6437
71.7212
85.0350
90.3318
75.3339
88.4156
85.2600
65.2015
83.0651
76.6031
92.4797
65.0345
78.8735
77.7305
78.8275
88.1048
74.6742
88.5422
79.1407
66.0729
70.2762
86.6527
79.2046
69.5816
75.2337
83.2217
70.7524
87.1528
72.2855
92.5227
73.0718
87.9650
70.6599
73.6249
67.7334
82.2863
85.5009
81.3978
77.7719
84.3333
84.4285
85.3705
84.0736
93.3552
71.2680
86.2785
72.0869
68.5819
83.2191
78.5041
78.7618
84.8583
88.1086
75.5065
84.8603
77.4848
90.2579
89.9875
72.6932
83.4038
62.4675
61.2222
71.0982
52.9434
54.5422
48.5764
73.1949
64.3666
59.3839
64.1795
61.3415
64.4193
61.3166
66.6314
60.6749
74.8111
51.5603
48.1739
48.2909
46.9077
57.1374
58.4512
55.9745
67.9051
63.8369
68.1594
72.9856
74.1822
50.7609
49.1662
65.8880
47.8146
60.7621
60.9103
70.8342
59.5456
56.8037
65.1429
67.2377
60.6016
55.4314
49.4999
62.5828
52.8644
46.3336
67.6480
52.2836
58.2721
65.6339
55.7768
67.0902
56.8412
65.5025
66.1214
58.2692
45.5873
54.9257
57.7293
53.1081
50.9116
69.6516
57.8976
71.6331
56.7355
68.0734
56.9037
69.2554
67.6523
56.3219
51.4806
68.7122
73.4791
54.8270
65.1379
58.1593
70.0050
68.0656
50.0176
70.8594
74.6962
60.4327
71.5284
62.6408
49.6426
50.9959
57.2086
67.4612
69.7675
68.6989
54.5557
61.0219
47.6985
48.3512
49.0888
65.3596
59.8553
50.6913
59.8502
49.4282
46.6492
70.5214
61.8168
72.8883
65.9000
62.4837
69.4619
71.3704
74.6673
45.0157
70.9632
63.3770
74.6985
60.8304
59.3857
69.0404
51.8353
59.9428
72.0256
62.2398
70.3553
67.1592
62.5796
52.4020
64.9925
47.5045
63.7788
64.8283
66.8926
71.7226
74.4691
68.0709
62.4434
72.8494
62.4027
45.5095
48.6258
70.8813
59.5289
70.3457
51.2822
61.5687
63.8965
45.9597
63.4414
55.8723
46.4860
59.6871
50.7753
48.6925
51.1648
49.3954
50.6722
46.2796
64.0559
53.4560
61.1579
65.8549
59.9735
61.0740
58.3555
48.7180
59.7107
70.5899
71.2178
53.1088
51.2538
61.9494
64.2094
57.5109
51.1793
73.4380
47.4621
48.1713
49.2612
49.9938
63.6288
62.2113
46.5623
72.9360
66.8599
67.1352
46.9021
70.8132
73.0322
74.5319
70.7682
68.5668
60.4013
50.3281
56.9577
49.0179
45.9267
73.1743
54.0392
53.8660
54.9881
59.0120
64.4460
45.7568
70.2662
61.7710
70.6230
55.4364
58.3808
46.6272
50.3132
64.8842
54.9249
71.9546
48.5447
74.6525
61.1995
66.2075
74.9847
53.6355
57.4357
58.9452
67.9187
69.5461
48.0066
50.3435
55.7890
46.7011
60.6566
55.0755
50.2701
51.2684
72.1546
65.2617
59.0540
72.3640
48.1203
67.3664
67.0880
61.8558
50.5258
62.9163
53.9981
49.0237
51.3780
71.8483
47.1436
52.2746
46.6126
58.2517
45.3985
71.9157
50.8997
47.8011
54.2210
58.6817
48.0501
74.8617
54.9628
53.9204
46.8614
53.9473
46.3905
60.1628
67.8428
63.9321
47.6967
47.4259
68.3172
72.1540
61.0132
48.2746
69.7743
55.1429
53.8192
67.3894
45.3101
46.4534
65.0375
63.1040
60.7831
66.8913
66.2176
68.4413
53.6393
65.7760
61.7001
56.8956
46.8477
68.4053
55.1275
63.2360
67.2376
48.1444
48.8367
61.4862
59.5569
71.7143
68.9688
67.0302
46.5400
47.1866
47.6558
68.9505
73.2902
65.5115
48.9625
66.6817
48.3106
48.5248
64.2215
54.8644
64.6144
67.4739
62.4956
67.2010
52.0448
67.0487
74.1180
71.0079
47.5870
55.9931
56.0760
65.5509
62.9382
68.6809
56.0296
51.1808
47.6000
68.1580
51.1702
56.6481
61.5534
51.8686
64.2582
59.5344
49.5554
68.4580
48.0182
53.8220
52.1212
60.9262
47.7450
57.1595
48.1454
48.3685
68.5328
53.7471
63.1060
73.9327
57.9745
65.8426
67.7430
57.9793
64.6649
48.2927
73.0128
50.6238
52.9854
68.9349
59.6281
68.0687
56.8802
53.1882
46.1170
65.1988
57.8869
58.5522
63.2957
46.7821
54.4743
68.1817
65.8930
48.7600
48.9045
47.7706
45.2346
57.6933
64.6672
66.6877
60.9363
48.2645
63.9530
48.7950
49.0291
47.9578
49.2608
50.0475
50.8875
54.5244
54.4929
51.5269
52.5313
71.7877
66.0967
61.6721
50.5330
51.3609
47.3204
72.4140
66.2015
61.7337
54.4029
49.9861
63.6749
74.6380
50.1130
52.7338
56.9040
47.2198
65.5229
57.0716
74.4851
57.0655
63.6202
49.6311
56.4404
49.8340
67.7434
71.1333
55.5233
65.5661
53.8245
60.9189
69.9727
62.9247
55.0593
53.9768
58.5778
57.6794
55.7882
61.7496
67.2764
57.7300
57.8807
48.7462
45.7330
53.7056
54.5256
64.6107
73.7081
73.0719
58.7366
52.2144
67.9169
67.7798
67.2194
67.3107
48.1776
65.4468
58.8978
51.3649
47.9556
69.7072
50.2503
49.9071
64.9796
71.8317
60.4967
66.0811
49.6077
73.6037
61.2265
65.3920
46.0969
69.2761
67.4586
48.6056
60.7514
54.7750
61.3935
56.9664
57.4528
50.4221
52.6616
45.6161
72.7103
64.6110
72.9784
49.9054
72.6329
68.8397
62.3218
58.2011
52.7284
67.5584
51.8601
46.9256
68.0199
65.1361
66.4564
64.2618
57.5714
56.7229
69.4842
54.5228
69.4362
68.6722
70.5679
60.1691
64.0698
73.5268
58.3189
46.8006
71.0025