89.9417
93.1738
70.3096
94.4013
86.4708
70.9262
76.8549
85.4064
98.2252
98.9467
75.2284
100.1178
100.2150
86.5613
96.5084
77.2566
86.1528
101.4721
98.2662
103.7848
95.1722
77.0714
101.9739
105.0198
97.8621
100.7322
100.7940
90.7668
99.1643
85.1356
101.6814
81.9550
89.8077
83.3851
85.4140
107.7037
104.3449
93.5130
113.0067
86.0334
98.6623
97.4468
109.4655
110.8560
93.1062
102.6929
101.8676
108.3894
110.7809
112.6406
98.7808
111.3911
111.1529
96.8784
96.0699
107.9509
122.2923
104.2116
112.0580
101.7144
118.0380
103.6529
111.6787
117.9723
124.2271
126.7787
114.9165
103.1587
103.9788
107.7252
125.7215
108.6285
125.9285
109.3057
130.3779
113.4995
109.3979
111.5325
122.9813
119.1987
116.0498
130.9249
124.0579
123.4917
135.0158
116.5752
131.2160
131.6119
120.9134
127.0346
112.7756
112.6185
127.4239
135.3750
140.5203
116.8972
130.5647
128.0817
114.8571
125.1137
120.3655
139.8285
125.8365
132.8560
122.4695
136.0595
126.3891
138.6224
140.1764
142.4445
134.0162
123.5146
128.3693
149.4001
127.0713
147.7745
139.6503
153.8840
126.8453
138.2803
128.6996
154.8569
126.6390
150.2473
152.0191
154.0608
131.0331
140.9935
137.2961
154.0021
143.4424
158.3194
136.9554
139.9141
136.8662
137.0821
159.5788
151.3911
150.9958
139.3486
161.0909
154.6617
147.0286
152.3975
149.5542
140.2790
145.6975
142.6996
145.0172
147.1986
153.0180
142.4896
168.5815
170.3436
157.2259
157.6776
153.6316
171.0016
155.5774
148.3361
168.9076
157.6922
153.7507
159.1174
150.3936
151.9592
176.7615
177.6840
166.7563
151.7934
157.5434
161.5948
176.1358
152.4621
153.7907
158.0697
172.9735
175.9517
173.9324
168.5277
171.9103
164.8896
178.8408
162.6687
178.1033
163.5053
169.5545
177.7686
182.9068
162.4338
188.3816
184.2714
176.1037
175.0758
175.9035
172.1905
178.7553
179.3231
189.0288
188.8449
184.8295
177.3583
190.8474
182.9848
178.0218
196.1700
194.7783
185.5047
188.1743
187.6113
176.7323
180.0374
185.6277
178.9146
197.8293
178.8429
180.2777
179.1212
181.3299
188.0710
184.8331
203.7014
189.4062
182.5445
204.6464
207.3925
191.6661
182.3336
187.2419
192.2616
198.3469
188.8664
199.5853
203.3365
189.1524
186.5225
192.4003
193.5633
197.2250
200.2357
188.0655
193.8745
210.5304
187.8766
215.3656
209.9099
203.1583
206.3558
196.6185
203.7655
219.3927
207.4042
207.1341
198.9478
207.1669
211.7218
213.8741
205.8655
205.5231
224.6395
196.6322
222.5550
223.8986
220.8855
200.4614
205.8561
208.5607
219.3918
203.5966
221.6368
203.7029
220.6127
216.3252
225.3716
223.9511
230.1116
230.2277
214.0249
225.4624
210.9343
206.4162
228.3222
221.5007
221.3977
234.6417
226.2960
227.0300
234.7833
233.6647
227.3016
215.9877
218.1980
238.0954
212.8602
227.1970
218.0378
242.8604
235.3808
229.5141
229.1327
217.2886
236.4592
217.7729
219.1434
233.1495
220.9019
243.0445
243.5264
241.1732
224.4960
240.2882
236.5578
250.6892
241.4697
246.5099
236.6139
236.4717
248.7594
227.0041
228.9951
230.7017
237.7281
251.4414
251.1009
229.3141
239.9777
244.3063
241.5040
249.2058
248.8392
239.2595
243.9495
231.9646
261.5219
237.5151
236.1865
244.6723
239.9436
249.1906
245.1848
264.0489
263.6100
238.0803
259.1357
245.5736
250.6851
254.9361
267.2821
252.0323
269.4916
249.5436
262.0330
261.4902
258.1738
263.4432
262.9958
248.8440
247.8404
274.4724
250.1336
246.4780
262.8360
272.9560
267.0753
253.2130
259.0675
262.3218
278.4491
254.1921
275.6657
269.8429
262.2882
257.2277
264.8476
266.9607
256.6183
271.1852
260.7856
266.0386
272.4896
263.0542
264.7132
275.0127
264.9584
282.2313
287.4799
280.4075
269.3163
277.0221
263.2331
287.6892
287.3896
286.0328
269.8218
280.3307
263.6754
276.2578
273.3816
269.3445
270.3630
278.1866
268.8269
284.4557
281.1277
288.3785
288.9966
287.6559
270.0081
271.5642
279.5880
286.4259
290.6334
283.7286
296.5994
294.0508
302.0595
289.4400
283.7544
277.6689
293.3288
298.8641
288.7036
279.2247
284.9941
282.1097
286.4302
291.7026
294.8143
293.2227
306.2611
296.0416
309.3087
300.6313
310.7308
289.7212
303.2837
292.1719
304.1542
305.3542
287.0398
293.1437
292.7212
306.5350
312.3318
297.8339
311.4156
308.7600
289.2015
307.5651
301.6031
317.9797
291.0345
305.3735
304.7305
306.3275
316.1048
303.1742
317.5422
308.6407
296.0729
300.7762
317.6527
310.7046
301.5816
307.7337
316.2217
304.2524
321.1528
306.7855
327.5227
308.5718
323.9650
307.1599
310.6249
305.2334
320.2863
324.0009
320.3978
317.2719
324.3333
324.9285
326.3705
325.5736
335.3552
313.7680
329.2785
315.5869
312.5819
327.7191
323.5041
324.2618
330.8583
334.6086
322.5065
332.3603
325.4848
338.7579
338.9875
322.1932
333.4038
332.9675
332.2222
342.5982
324.9434
327.0422
321.5764
346.6949
338.3666
333.8839
339.1795
336.8415
340.4193
337.8166
343.6314
338.1749
352.8111
330.0603
327.1739
327.7909
326.9077
337.6374
339.4512
337.4745
349.9051
346.3369
351.1594
356.4856
358.1822
335.2609
334.1662
351.3880
333.8146
347.2621
347.9103
358.3342
347.5456
345.3037
354.1429
356.7377
350.6016
345.9314
340.4999
354.0828
344.8644
338.8336
360.6480
345.7836
352.2721
360.1339
350.7768
362.5902
352.8412
362.0025
363.1214
355.7692
343.5873
353.4257
356.7293
352.6081
350.9116
370.1516
358.8976
373.1331
358.7355
370.5734
359.9037
372.7554
371.6523
360.8219
356.4806
374.2122
379.4791
361.3270
372.1379
365.6593
378.0050
376.5656
359.0176
380.3594
384.6962
370.9327
382.5284
374.1408
361.6426
363.4959
370.2086
380.9612
383.7675
383.1989
369.5557
376.5219
363.6985
364.8512
366.0888
382.8596
377.8553
369.1913
378.8502
368.9282
366.6492
391.0214
382.8168
394.3883
387.9000
384.9837
392.4619
394.8704
398.6673
369.5157
395.9632
388.8770
400.6985
387.3304
386.3857
396.5404
379.8353
388.4428
401.0256
391.7398
400.3553
397.6592
393.5796
383.9020
396.9925
380.0045
396.7788
398.3283
400.8926
406.2226
409.4691
403.5709
398.4434
409.3494
399.4027
383.0095
386.6258
409.3813
398.5289
409.8457
391.2822
402.0687
404.8965
387.4597
405.4414
398.3723
389.4860
403.1871
394.7753
393.1925
396.1648
394.8954
396.6722
392.7796
411.0559
400.9560
409.1579
414.3549
408.9735
410.5740
408.3555
399.2180
410.7107
422.0899
423.2178
405.6088
404.2538
415.4494
418.2094
412.0109
406.1793
428.9380
403.4621
404.6713
406.2612
407.4938
421.6288
420.7113
405.5623
432.4360
426.8599
427.6352
407.9021
432.3132
435.0322
437.0319
433.7682
432.0668
424.4013
414.8281
421.9577
414.5179
411.9267
439.6743
421.0392
421.3660
422.9881
427.5120
433.4460
415.2568
440.2662
432.2710
441.6230
426.9364
430.3808
419.1272
423.3132
438.3842
428.9249
446.4546
423.5447
450.1525
437.1995
442.7075
451.9847
431.1355
435.4357
437.4452
446.9187
449.0461
428.0066
430.8435
436.7890
428.2011
442.6566
437.5755
433.2701
434.7684
456.1546
449.7617
444.0540
457.8640
434.1203
453.8664
454.0880
449.3558
438.5258
451.4163
442.9981
438.5237
441.3780
462.3483
438.1436
443.7746
438.6126
450.7517
438.3985
465.4157
444.8997
442.3011
449.2210
454.1817
444.0501
471.3617
451.9628
451.4204
444.8614
452.4473
445.3905
459.6628
467.8428
464.4321
448.6967
448.9259
470.3172
474.6540
464.0132
451.7746
473.7743
459.6429
458.8192
472.8894
451.3101
452.9534
472.0375
470.6040
468.7831
475.3913
475.2176
477.9413
463.6393
476.2760
472.7001
468.3956
458.8477
480.9053
468.1275
476.7360
481.2376
462.6444
463.8367
476.9862
475.5569
488.2143
485.9688
484.5302
464.5400
465.6866
466.6558
488.4505
493.2902
486.0115
469.9625
488.1817
470.3106
471.0248
487.2215
478.3644
488.6144
491.9739
487.4956
492.7010
478.0448
493.5487
501.1180
498.5079
475.5870
484.4931
485.0760
495.0509
492.9382
499.1809
487.0296
482.6808
479.6000
500.6580
484.1702
490.1481
495.5534
486.3686
499.2582
495.0344
485.5554
504.9580
485.0182
491.3220
490.1212
499.4262
486.7450
496.6595
488.1454
488.8685
509.5328
495.2471
505.1060
516.4327
500.9745
509.3426
511.7430
502.4793
509.6649
493.7927
519.0128
497.1238
499.9854
516.4349
507.6281
516.5687
505.8802
502.6882
496.1170
515.6988
508.8869
510.0522
515.2957
499.2821
507.4743
521.6817
519.8930
503.2600
503.9045
503.2706
501.2346
514.1933
521.6672
524.1877
518.9363
506.7645
522.9530
508.2950
509.0291
508.4578
510.2608
511.5475
512.8875
517.0244
517.4929
515.0269
516.5313
536.2877
531.0967
527.1721
516.5330
517.8609
514.3204
539.9140
534.2015
530.2337
523.4029
519.4861
533.6749
545.1380
521.1130
524.2338
528.9040
519.7198
538.5229
530.5716
548.4851
531.5655
538.6202
525.1311
532.4404
526.3340
544.7434
548.6333
533.5233
544.0661
532.8245
540.4189
549.9727
543.4247
536.0593
535.4768
540.5778
540.1794
538.7882
545.2496
551.2764
542.2300
542.8807
534.2462
531.7330
540.2056
541.5256
552.1107
561.7081
561.5719
547.7366
541.7144
557.9169
558.2798
558.2194
558.8107
540.1776
557.9468
551.8978
544.8649
541.9556
564.2072
545.2503
545.4071
560.9796
568.3317
557.4967
563.5811
547.6077
572.1037
560.2265
564.8920
546.0969
569.7761
568.4586
550.1056
562.7514
557.2750
564.3935
560.4664
561.4528
554.9221
557.6616
551.1161
578.7103
571.1110
579.9784
557.4054
580.6329
577.3397
571.3218
567.7011
562.7284
578.0584
562.8601
558.4256
580.0199
577.6361
579.4564
577.7618
571.5714
571.2229
584.4842
570.0228
585.4362
585.1722
587.5679
577.6691
582.0698
592.0268
577.3189
566.3006
591.0025