88.9417
91.1738
67.3096
90.4013
81.4708
64.9262
69.8549
77.4064
89.2252
88.9467
64.2284
88.1178
87.2150
72.5613
81.5084
61.2566
69.1528
83.4721
79.2662
83.7848
74.1722
55.0714
78.9739
81.0198
72.8621
74.7322
73.7940
62.7668
70.1643
55.1356
70.6814
49.9550
56.8077
49.3851
50.4140
71.7037
67.3449
55.5130
74.0067
46.0334
57.6623
55.4468
66.4655
66.8560
48.1062
56.6929
54.8676
60.3894
61.7809
62.6406
47.7808
59.3911
58.1529
42.8784
41.0699
51.9509
65.2923
46.2116
53.0580
41.7144
57.0380
41.6529
48.6787
53.9723
59.2271
60.7787
47.9165
35.1587
34.9788
37.7252
54.7215
36.6285
52.9285
35.3057
55.3779
37.4995
32.3979
33.5325
43.9813
39.1987
35.0498
48.9249
41.0579
39.4917
50.0158
30.5752
44.2160
43.6119
31.9134
37.0346
21.7756
20.6185
34.4239
41.3750
45.5203
20.8972
33.5647
30.0817
15.8571
25.1137
19.3655
37.8285
22.8365
28.8560
17.4695
30.0595
19.3891
30.6224
31.1764
32.4445
23.0162
11.5146
15.3693
35.4001
12.0713
31.7745
22.6503
35.8840
7.8453
18.2803
7.6996
32.8569
3.6390
26.2473
27.0191
28.0608
4.0331
12.9935
8.2961
24.0021
12.4424
26.3194
3.9554
5.9141
1.8662
1.0821
22.5788
13.3911
11.9958
-0.6514
20.0909
12.6617
4.0286
8.3975
4.5542
-5.7210
-1.3025
-5.3004
-3.9828
-2.8014
2.0180
-9.5104
15.5815
16.3436
2.2259
1.6776
-3.3684
13.0016
-3.4226
-11.6639
7.9076
-4.3078
-9.2493
-4.8826
-14.6064
-14.0408
9.7615
9.6840
-2.2437
-18.2066
-13.4566
-10.4052
3.1358
-21.5379
-21.2093
-17.9303
-4.0265
-2.0483
-5.0676
-11.4723
-9.0897
-17.1104
-4.1592
-21.3313
-6.8967
-22.4947
-17.4455
-10.2314
-6.0932
-27.5662
-2.6184
-7.7286
-16.8963
-18.9242
-19.0965
-23.8095
-18.2447
-18.6769
-9.9712
-11.1551
-16.1705
-24.6417
-12.1526
-21.0152
-26.9782
-9.8300
-12.2217
-22.4953
-20.8257
-22.3887
-34.2677
-31.9626
-27.3723
-35.0854
-17.1707
-37.1571
-36.7223
-38.8788
-37.6701
-31.9290
-36.1669
-18.2986
-33.5938
-41.4555
-20.3536
-18.6075
-35.3339
-45.6664
-41.7581
-37.7384
-32.6531
-43.1336
-33.4147
-30.6635
-45.8476
-49.4775
-44.5997
-44.4367
-41.7750
-39.7643
-52.9345
-48.1255
-32.4696
-56.1234
-29.6344
-36.0901
-43.8417
-41.6442
-52.3815
-46.2345
-31.6073
-44.5958
-45.8659
-55.0522
-47.8331
-44.2782
-43.1259
-52.1345
-53.4769
-35.3605
-64.3678
-39.4450
-39.1014
-43.1145
-64.5386
-60.1439
-58.4393
-48.6082
-65.4034
-48.3632
-67.2971
-51.3873
-56.6748
-48.6284
-51.0489
-45.8884
-46.7723
-63.9751
-53.5376
-69.0657
-74.5838
-53.6778
-61.4993
-62.6023
-50.3583
-59.7040
-59.9700
-53.2167
-55.3353
-62.6984
-75.0123
-73.8020
-54.9046
-81.1398
-67.8030
-77.9622
-54.1396
-62.6192
-69.4859
-70.8673
-83.7114
-65.5408
-85.2271
-84.8566
-71.8505
-85.0981
-63.9555
-64.4736
-67.8268
-85.5040
-70.7118
-75.4422
-62.3108
-72.5303
-68.4901
-79.3861
-80.5283
-69.2406
-91.9959
-91.0049
-90.2983
-84.2719
-71.5586
-72.8991
-95.6859
-86.0223
-82.6937
-86.4960
-79.7942
-81.1608
-91.7405
-88.0505
-101.0354
-72.4781
-97.4849
-99.8135
-92.3277
-98.0564
-89.8094
-94.8152
-76.9511
-78.3900
-104.9197
-84.8643
-99.4264
-95.3149
-92.0639
-80.7179
-96.9677
-80.5084
-101.4564
-89.9670
-91.5098
-95.8262
-91.5568
-93.0042
-108.1560
-110.1596
-84.5276
-109.8664
-114.5220
-99.1640
-90.0440
-96.9247
-111.7870
-106.9325
-104.6782
-89.5509
-114.8079
-94.3343
-101.1571
-109.7118
-115.7723
-109.1524
-108.0393
-119.3817
-105.8148
-117.2144
-112.9614
-107.5104
-117.9458
-117.2868
-107.9873
-119.0416
-102.7687
-98.5201
-106.5925
-118.6837
-111.9779
-126.7669
-103.3108
-104.6104
-106.9672
-124.1782
-114.6693
-132.3246
-120.7422
-124.6184
-129.6555
-129.6370
-122.8134
-133.1731
-118.5443
-122.8723
-116.6215
-117.0034
-119.3441
-137.9919
-137.4358
-130.4120
-124.5741
-121.3666
-129.2714
-117.4006
-120.9492
-113.9405
-127.5600
-134.2456
-141.3311
-126.6712
-122.1359
-133.2964
-143.7753
-139.0059
-142.8903
-139.5698
-135.2974
-133.1857
-135.7773
-123.7389
-134.9584
-122.6913
-132.3687
-123.2692
-145.2788
-132.7163
-144.8281
-133.8458
-133.6458
-152.9602
-147.8563
-149.2788
-136.4650
-131.6682
-147.1661
-134.5844
-138.2400
-158.7985
-141.4349
-148.3969
-133.0203
-160.9655
-147.6265
-149.2695
-148.6725
-139.8952
-153.8258
-140.4578
-150.3593
-163.9271
-160.2238
-144.3473
-152.2954
-162.4184
-157.2663
-149.7783
-162.7476
-146.8472
-162.2145
-142.4773
-162.4282
-148.0350
-165.8401
-163.3751
-169.7666
-155.7137
-152.9991
-157.6022
-161.7281
-155.6667
-156.0715
-155.6295
-157.4264
-148.6448
-171.2320
-156.7215
-171.4131
-175.4181
-161.2809
-166.4959
-166.7382
-161.1417
-158.3914
-171.4935
-162.6397
-170.5152
-158.2421
-159.0125
-176.8068
-166.5962
-168.0325
-169.7778
-160.4018
-179.0566
-177.9578
-184.4236
-160.3051
-169.6334
-175.1161
-170.8205
-174.1585
-171.5807
-175.1834
-170.3686
-176.8251
-163.1889
-186.9397
-190.8261
-191.2091
-193.0923
-183.3626
-182.5488
-185.5255
-174.0949
-178.6631
-174.8406
-170.5144
-169.8178
-193.7391
-195.8338
-179.6120
-198.1854
-185.7379
-186.0897
-176.6658
-188.4544
-191.6963
-183.8571
-182.2623
-189.3984
-195.0686
-201.5001
-188.9172
-199.1356
-206.1664
-185.3520
-201.2164
-195.7279
-188.8661
-199.2232
-188.4098
-199.1588
-190.9975
-190.8786
-199.2308
-212.4127
-203.5743
-201.2707
-206.3919
-209.0884
-190.8484
-203.1024
-189.8669
-205.2645
-194.4266
-206.0963
-194.2446
-196.3477
-208.1781
-213.5194
-196.7878
-192.5209
-211.6730
-201.8621
-209.3407
-197.9950
-200.4344
-218.9824
-198.6406
-195.3038
-210.0673
-199.4716
-208.8592
-222.3574
-221.5041
-215.7914
-206.0388
-204.2325
-205.8011
-220.4443
-214.4781
-228.3015
-228.1488
-227.9112
-212.1404
-218.1447
-227.8087
-219.1498
-230.0718
-233.3508
-209.9786
-219.1832
-208.6117
-216.1000
-220.0163
-213.5381
-212.1296
-209.3327
-239.4843
-214.0368
-222.1230
-211.3015
-225.6696
-227.6143
-218.4596
-236.1647
-228.5572
-216.9744
-227.2602
-219.6447
-223.3408
-228.4204
-239.0980
-227.0075
-244.9955
-229.2212
-228.6717
-227.1074
-222.7774
-220.5309
-227.4291
-233.5566
-223.6506
-234.5973
-251.9905
-249.3742
-227.6187
-239.4711
-229.1543
-248.7178
-238.9313
-237.1035
-255.5403
-238.5586
-246.6277
-256.5140
-243.8129
-253.2247
-255.8075
-253.8352
-256.1046
-255.3278
-260.2204
-242.9441
-254.0440
-246.8421
-242.6451
-249.0265
-248.4260
-251.6445
-261.7820
-251.2893
-240.9101
-240.7822
-259.3912
-261.7462
-251.5506
-249.7906
-256.9891
-263.8207
-242.0620
-268.5379
-268.3287
-267.7388
-267.5062
-254.3712
-256.2887
-272.4377
-246.5640
-253.1401
-253.3648
-274.0979
-250.6868
-248.9678
-247.9681
-252.2318
-254.9332
-263.5987
-274.1719
-268.0423
-276.4821
-280.0733
-253.3257
-272.9608
-273.6340
-273.0119
-269.4880
-264.5540
-283.7432
-259.7338
-268.7290
-260.3770
-276.0636
-273.6192
-285.8728
-282.6868
-268.6158
-279.0751
-262.5454
-286.4553
-260.8475
-274.8005
-270.2925
-262.0153
-283.8645
-280.5643
-279.5548
-271.0813
-269.9539
-291.9934
-290.1565
-285.2110
-294.7989
-281.3434
-287.4245
-292.7299
-292.2316
-271.8454
-279.2383
-285.9460
-273.1360
-297.8797
-279.1336
-279.9120
-285.6442
-297.4742
-285.5837
-295.0019
-300.4763
-298.6220
-278.6517
-303.8564
-299.2254
-305.3874
-294.2483
-307.6015
-281.5843
-303.1003
-306.6989
-300.7790
-296.8183
-307.9499
-281.6383
-302.0372
-303.5796
-311.1386
-304.5527
-312.6095
-299.3372
-292.1572
-296.5679
-313.3033
-314.0741
-293.6828
-290.3460
-301.9868
-315.2254
-294.2257
-309.3571
-311.1808
-298.1106
-320.6899
-320.0466
-301.9625
-304.3960
-307.2169
-301.6087
-302.7824
-301.0587
-316.3607
-304.7240
-309.2999
-314.6044
-325.1523
-304.0947
-317.8725
-310.2640
-306.7624
-326.3556
-326.1633
-314.0138
-316.4431
-304.7857
-308.0312
-310.4698
-331.4600
-331.3134
-331.3442
-310.5495
-306.7098
-314.9885
-332.0375
-314.8183
-333.6894
-333.9752
-318.7785
-328.6356
-319.3856
-317.0261
-322.5044
-318.2990
-333.9552
-319.4513
-312.8820
-316.4921
-340.4130
-332.5069
-332.9240
-323.9491
-327.0618
-321.8191
-334.9704
-340.3192
-344.4000
-324.3420
-341.8298
-336.8519
-332.4466
-342.6314
-330.7418
-335.9656
-346.4446
-328.0420
-348.9818
-343.6780
-345.8788
-337.5738
-351.2550
-342.3405
-351.8546
-352.1315
-332.4672
-347.7529
-338.8940
-328.5673
-345.0255
-337.6574
-336.2570
-346.5207
-340.3351
-357.2073
-332.9872
-355.8762
-354.0146
-338.5651
-348.3719
-340.4313
-352.1198
-356.3118
-363.8830
-345.3012
-353.1131
-352.9478
-348.7043
-365.7179
-358.5257
-345.3183
-348.1070
-365.7400
-366.0955
-367.7294
-370.7654
-358.8067
-352.3328
-350.8123
-357.0637
-370.2355
-355.0470
-370.7050
-370.9709
-372.5422
-371.7392
-371.4525
-371.1125
-367.9756
-368.5071
-371.9731
-371.4687
-352.7123
-358.9033
-363.8279
-375.4670
-375.1391
-379.6796
-355.0860
-361.7985
-366.7663
-374.5971
-379.5139
-366.3251
-355.8620
-380.8870
-378.7662
-375.0960
-385.2802
-367.4771
-376.4284
-359.5149
-377.4345
-371.3798
-385.8689
-379.5596
-386.6660
-369.2566
-366.3667
-382.4767
-372.9339
-385.1755
-378.5811
-370.0273
-377.5753
-385.9407
-387.5232
-383.4222
-384.8206
-387.2118
-381.7504
-376.7236
-386.7700
-387.1193
-396.7538
-400.2670
-392.7944
-392.4744
-382.8893
-374.2919
-375.4281
-390.2634
-397.2856
-382.0831
-382.7202
-383.7806
-384.1893
-403.8224
-387.0532
-394.1022
-402.1351
-406.0444
-384.7928
-404.7497
-405.5929
-391.0204
-384.6683
-396.5033
-391.4189
-408.3923
-384.8963
-397.7735
-394.1080
-413.9031
-391.2239
-393.5414
-412.8944
-401.2486
-407.7250
-401.6065
-406.5336
-406.5472
-414.0779
-412.3384
-419.8839
-393.2897
-401.8890
-394.0216
-417.5946
-395.3671
-399.6603
-406.6782
-411.2989
-417.2716
-402.9416
-419.1399
-424.5744
-403.9801
-407.3639
-406.5436
-409.2382
-416.4286
-417.7771
-405.5158
-420.9772
-406.5638
-407.8278
-406.4321
-417.3309
-413.9302
-404.9732
-420.6811
-432.6994
-408.9975