89.4417
92.1738
68.8096
92.4013
83.9708
67.9262
73.3549
81.4064
93.7252
93.9467
69.7284
94.1178
93.7150
79.5613
89.0084
69.2566
77.6528
92.4721
88.7662
93.7848
84.6722
66.0714
90.4739
93.0198
85.3621
87.7322
87.2940
76.7668
84.6643
70.1356
86.1814
65.9550
73.3077
66.3851
67.9140
89.7037
85.8449
74.5130
93.5067
66.0334
78.1623
76.4468
87.9655
88.8560
70.6062
79.6929
78.3676
84.3894
86.2809
87.6406
73.2808
85.3911
84.6529
69.8784
68.5699
79.9509
93.7923
75.2116
82.5580
71.7144
87.5380
72.6529
80.1787
85.9723
91.7271
93.7787
81.4165
69.1587
69.4788
72.7252
90.2215
72.6285
89.4285
72.3057
92.8779
75.4995
70.8979
72.5325
83.4813
79.1987
75.5498
89.9249
82.5579
81.4917
92.5158
73.5752
87.7160
87.6119
76.4134
82.0346
67.2756
66.6185
80.9239
88.3750
93.0203
68.8972
82.0647
79.0817
65.3571
75.1137
69.8655
88.8285
74.3365
80.8560
69.9695
83.0595
72.8891
84.6224
85.6764
87.4445
78.5162
67.5146
71.8693
92.4001
69.5713
89.7745
81.1503
94.8840
67.3453
78.2803
68.1996
93.8569
65.1390
88.2473
89.5191
91.0608
67.5331
76.9935
72.7961
89.0021
77.9424
92.3194
70.4554
72.9141
69.3662
69.0821
91.0788
82.3911
81.4958
69.3486
90.5909
83.6617
75.5286
80.3975
77.0542
67.2790
72.1975
68.6996
70.5172
72.1986
77.5180
66.4896
92.0815
93.3436
79.7259
79.6776
75.1316
92.0016
76.0774
68.3361
88.4076
76.6922
72.2507
77.1174
67.8936
68.9592
93.2615
93.6840
82.2563
66.7934
72.0434
75.5948
89.6358
65.4621
66.2907
70.0697
84.4735
86.9517
84.4324
78.5277
81.4103
73.8896
87.3408
70.6687
85.6033
70.5053
76.0545
83.7686
88.4068
67.4338
92.8816
88.2714
79.6037
78.0758
78.4035
74.1905
80.2553
80.3231
89.5288
88.8449
84.3295
76.3583
89.3474
80.9848
75.5218
93.1700
91.2783
81.5047
83.6743
82.6113
71.2323
74.0374
79.1277
71.9146
90.3293
70.8429
71.7777
70.1212
71.8299
78.0710
74.3331
92.7014
77.9062
70.5445
92.1464
94.3925
78.1661
68.3336
72.7419
77.2616
82.8469
72.8664
83.0853
86.3365
71.6524
68.5225
73.9003
74.5633
77.7250
80.2357
67.5655
72.8745
89.0304
65.8766
92.8656
86.9099
79.6583
82.3558
72.1185
78.7655
93.8927
81.4042
80.6341
71.9478
79.6669
83.7218
85.3741
76.8655
76.0231
94.6395
66.1322
91.5550
92.3986
88.8855
67.9614
72.8561
75.0607
85.3918
69.0966
86.6368
68.2029
84.6127
79.8252
88.3716
86.4511
92.1116
91.7277
75.0249
85.9624
70.9343
65.9162
87.3222
80.0007
79.3977
92.1417
83.2960
83.5300
90.7833
89.1647
82.3016
70.4877
72.1980
91.5954
65.8602
79.6970
70.0378
94.3604
86.3808
80.0141
79.1327
66.7886
85.4592
66.2729
67.1434
80.6495
67.9019
89.5445
89.5264
86.6732
69.4960
84.7882
80.5578
94.1892
84.4697
89.0099
78.6139
77.9717
89.7594
67.5041
68.9951
70.2017
76.7281
89.9414
89.1009
66.8141
76.9777
80.8063
77.5040
84.7058
83.8392
73.7595
77.9495
65.4646
94.5219
70.0151
68.1865
76.1723
70.9436
79.6906
75.1848
93.5489
92.6100
66.5803
87.1357
73.0736
77.6851
81.4361
93.2821
77.5323
94.4916
74.0436
86.0330
84.9902
81.1738
85.9432
84.9958
70.3440
68.8404
94.9724
70.1336
65.9780
81.8360
91.4560
85.0753
70.7130
76.0675
78.8218
94.4491
69.6921
90.6657
84.3429
76.2882
70.7277
77.8476
79.4607
68.6183
82.6852
71.7856
76.5386
82.4896
72.5542
73.7132
83.5127
72.9584
89.7313
94.4799
86.9075
75.3163
82.5221
68.2331
92.1892
91.3896
89.5328
72.8218
82.8307
65.6754
77.7578
74.3816
69.8445
70.3630
77.6866
67.8269
82.9557
79.1277
85.8785
85.9966
84.1559
66.0081
67.0642
74.5880
80.9259
84.6334
77.2286
89.5994
86.5508
94.0595
80.9400
74.7544
68.1689
83.3288
88.3641
77.7036
67.7247
72.9941
69.6097
73.4302
78.2026
80.8143
78.7227
91.2611
80.5416
93.3087
84.1313
93.7308
72.2212
85.2837
73.6719
85.1542
85.8542
67.0398
72.6437
71.7212
85.0350
90.3318
75.3339
88.4156
85.2600
65.2015
83.0651
76.6031
92.4797
65.0345
78.8735
77.7305
78.8275
88.1048
74.6742
88.5422
79.1407
66.0729
70.2762
86.6527
79.2046
69.5816
75.2337
83.2217
70.7524
87.1528
72.2855
92.5227
73.0718
87.9650
70.6599
73.6249
67.7334
82.2863
85.5009
81.3978
77.7719
84.3333
84.4285
85.3705
84.0736
93.3552
71.2680
86.2785
72.0869
68.5819
83.2191
78.5041
78.7618
84.8583
88.1086
75.5065
84.8603
77.4848
90.2579
89.9875
72.6932
83.4038
102.4675
101.2222
111.0982
92.9434
94.5422
88.5764
113.1949
104.3666
99.3839
104.1795
101.3415
104.4193
101.3166
106.6314
100.6749
114.8111
91.5603
88.1739
88.2909
86.9077
97.1374
98.4512
95.9745
107.9051
103.8369
108.1594
112.9856
114.1822
90.7609
89.1662
105.8880
87.8146
100.7621
100.9103
110.8342
99.5456
96.8037
105.1429
107.2377
100.6016
95.4314
89.4999
102.5828
92.8644
86.3336
107.6480
92.2836
98.2721
105.6339
95.7768
107.0902
96.8412
105.5025
106.1214
98.2692
85.5873
94.9257
97.7293
93.1081
90.9116
109.6516
97.8976
111.6331
96.7355
108.0734
96.9037
109.2554
107.6523
96.3219
91.4806
108.7122
113.4791
94.8270
105.1379
98.1593
110.0050
108.0656
90.0176
110.8594
114.6962
100.4327
111.5284
102.6408
89.6426
90.9959
97.2086
107.4612
109.7675
108.6989
94.5557
101.0219
87.6985
88.3512
89.0888
105.3596
99.8553
90.6913
99.8502
89.4282
86.6492
110.5214
101.8168
112.8883
105.9000
102.4837
109.4619
111.3704
114.6673
85.0157
110.9632
103.3770
114.6985
100.8304
99.3857
109.0404
91.8353
99.9428
112.0256
102.2398
110.3553
107.1592
102.5796
92.4020
104.9925
87.5045
103.7788
104.8283
106.8926
111.7226
114.4691
108.0709
102.4434
112.8494
102.4027
85.5095
88.6258
110.8813
99.5289
110.3457
91.2822
101.5687
103.8965
85.9597
103.4414
95.8723
86.4860
99.6871
90.7753
88.6925
91.1648
89.3954
90.6722
86.2796
104.0559
93.4560
101.1579
105.8549
99.9735
101.0740
98.3555
88.7180
99.7107
110.5899
111.2178
93.1088
91.2538
101.9494
104.2094
97.5109
91.1793
113.4380
87.4621
88.1713
89.2612
89.9938
103.6288
102.2113
86.5623
112.9360
106.8599
107.1352
86.9021
110.8132
113.0322
114.5319
110.7682
108.5668
100.4013
90.3281
96.9577
89.0179
85.9267
113.1743
94.0392
93.8660
94.9881
99.0120
104.4460
85.7568
110.2662
101.7710
110.6230
95.4364
98.3808
86.6272
90.3132
104.8842
94.9249
111.9546
88.5447
114.6525
101.1995
106.2075
114.9847
93.6355
97.4357
98.9452
107.9187
109.5461
88.0066
90.3435
95.7890
86.7011
100.6566
95.0755
90.2701
91.2684
112.1546
105.2617
99.0540
112.3640
88.1203
107.3664
107.0880
101.8558
90.5258
102.9163
93.9981
89.0237
91.3780
111.8483
87.1436
92.2746
86.6126
98.2517
85.3985
111.9157
90.8997
87.8011
94.2210
98.6817
88.0501
114.8617
94.9628
93.9204
86.8614
93.9473
86.3905
100.1628
107.8428
103.9321
87.6967
87.4259
108.3172
112.1540
101.0132
88.2746
109.7743
95.1429
93.8192
107.3894
85.3101
86.4534
105.0375
103.1040
100.7831
106.8913
106.2176
108.4413
93.6393
105.7760
101.7001
96.8956
86.8477
108.4053
95.1275
103.2360
107.2376
88.1444
88.8367
101.4862
99.5569
111.7143
108.9688
107.0302
86.5400
87.1866
87.6558
108.9505
113.2902
105.5115
88.9625
106.6817
88.3106
88.5248
104.2215
94.8644
104.6144
107.4739
102.4956
107.2010
92.0448
107.0487
114.1180
111.0079
87.5870
95.9931
96.0760
105.5509
102.9382
108.6809
96.0296
91.1808
87.6000
108.1580
91.1702
96.6481
101.5534
91.8686
104.2582
99.5344
89.5554
108.4580
88.0182
93.8220
92.1212
100.9262
87.7450
97.1595
88.1454
88.3685
108.5328
93.7471
103.1060
113.9327
97.9745
105.8426
107.7430
97.9793
104.6649
88.2927
113.0128
90.6238
92.9854
108.9349
99.6281
108.0687
96.8802
93.1882
86.1170
105.1988
97.8869
98.5522
103.2957
86.7821
94.4743
108.1817
105.8930
88.7600
88.9045
87.7706
85.2346
97.6933
104.6672
106.6877
100.9363
88.2645
103.9530
88.7950
89.0291
87.9578
89.2608
90.0475
90.8875
94.5244
94.4929
91.5269
92.5313
111.7877
106.0967
101.6721
90.5330
91.3609
87.3204
112.4140
106.2015
101.7337
94.4029
89.9861
103.6749
114.6380
90.1130
92.7338
96.9040
87.2198
105.5229
97.0716
114.4851
97.0655
103.6202
89.6311
96.4404
89.8340
107.7434
111.1333
95.5233
105.5661
93.8245
100.9189
109.9727
102.9247
95.0593
93.9768
98.5778
97.6794
95.7882
101.7496
107.2764
97.7300
97.8807
88.7462
85.7330
93.7056
94.5256
104.6107
113.7081
113.0719
98.7366
92.2144
107.9169
107.7798
107.2194
107.3107
88.1776
105.4468
98.8978
91.3649
87.9556
109.7072
90.2503
89.9071
104.9796
111.8317
100.4967
106.0811
89.6077
113.6037
101.2265
105.3920
86.0969
109.2761
107.4586
88.6056
100.7514
94.7750
101.3935
96.9664
97.4528
90.4221
92.6616
85.6161
112.7103
104.6110
112.9784
89.9054
112.6329
108.8397
102.3218
98.2011
92.7284
107.5584
91.8601
86.9256
108.0199
105.1361
106.4564
104.2618
97.5714
96.7229
109.4842
94.5228
109.4362
108.6722
110.5679
100.1691
104.0698
113.5268
98.3189
86.8006
111.0025