89.4417
92.1738
68.8096
92.4013
83.9708
67.9262
73.3549
81.4064
93.7252
93.9467
69.7284
94.1178
93.7150
79.5613
89.0084
69.2566
77.6528
92.4721
88.7662
93.7848
84.6722
66.0714
90.4739
93.0198
85.3621
87.7322
87.2940
76.7668
84.6643
70.1356
86.1814
65.9550
73.3077
66.3851
67.9140
89.7037
85.8449
74.5130
93.5067
66.0334
78.1623
76.4468
87.9655
88.8560
70.6062
79.6929
78.3676
84.3894
86.2809
87.6406
73.2808
85.3911
84.6529
69.8784
68.5699
79.9509
93.7923
75.2116
82.5580
71.7144
87.5380
72.6529
80.1787
85.9723
91.7271
93.7787
81.4165
69.1587
69.4788
72.7252
90.2215
72.6285
89.4285
72.3057
92.8779
75.4995
70.8979
72.5325
83.4813
79.1987
75.5498
89.9249
82.5579
81.4917
92.5158
73.5752
87.7160
87.6119
76.4134
82.0346
67.2756
66.6185
80.9239
88.3750
93.0203
68.8972
82.0647
79.0817
65.3571
75.1137
69.8655
88.8285
74.3365
80.8560
69.9695
83.0595
72.8891
84.6224
85.6764
87.4445
78.5162
67.5146
71.8693
92.4001
69.5713
89.7745
81.1503
94.8840
67.3453
78.2803
68.1996
93.8569
65.1390
88.2473
89.5191
91.0608
67.5331
76.9935
72.7961
89.0021
77.9424
92.3194
70.4554
72.9141
69.3662
69.0821
91.0788
82.3911
81.4958
69.3486
90.5909
83.6617
75.5286
80.3975
77.0542
67.2790
72.1975
68.6996
70.5172
72.1986
77.5180
66.4896
92.0815
93.3436
79.7259
79.6776
75.1316
92.0016
76.0774
68.3361
88.4076
76.6922
72.2507
77.1174
67.8936
68.9592
93.2615
93.6840
82.2563
66.7934
72.0434
75.5948
89.6358
65.4621
66.2907
70.0697
84.4735
86.9517
84.4324
78.5277
81.4103
73.8896
87.3408
70.6687
85.6033
70.5053
76.0545
83.7686
88.4068
67.4338
92.8816
88.2714
79.6037
78.0758
78.4035
74.1905
80.2553
80.3231
89.5288
88.8449
84.3295
76.3583
89.3474
80.9848
75.5218
93.1700
91.2783
81.5047
83.6743
82.6113
71.2323
74.0374
79.1277
71.9146
90.3293
70.8429
71.7777
70.1212
71.8299
78.0710
74.3331
92.7014
77.9062
70.5445
92.1464
94.3925
78.1661
68.3336
72.7419
77.2616
82.8469
72.8664
83.0853
86.3365
71.6524
68.5225
73.9003
74.5633
77.7250
80.2357
67.5655
72.8745
89.0304
65.8766
92.8656
86.9099
79.6583
82.3558
72.1185
78.7655
93.8927
81.4042
80.6341
71.9478
79.6669
83.7218
85.3741
76.8655
76.0231
94.6395
66.1322
91.5550
92.3986
88.8855
67.9614
72.8561
75.0607
85.3918
69.0966
86.6368
68.2029
84.6127
79.8252
88.3716
86.4511
92.1116
91.7277
75.0249
85.9624
70.9343
65.9162
87.3222
80.0007
79.3977
92.1417
83.2960
83.5300
90.7833
89.1647
82.3016
70.4877
72.1980
91.5954
65.8602
79.6970
70.0378
94.3604
86.3808
80.0141
79.1327
66.7886
85.4592
66.2729
67.1434
80.6495
67.9019
89.5445
89.5264
86.6732
69.4960
84.7882
80.5578
94.1892
84.4697
89.0099
78.6139
77.9717
89.7594
67.5041
68.9951
70.2017
76.7281
89.9414
89.1009
66.8141
76.9777
80.8063
77.5040
84.7058
83.8392
73.7595
77.9495
65.4646
94.5219
70.0151
68.1865
76.1723
70.9436
79.6906
75.1848
93.5489
92.6100
66.5803
87.1357
73.0736
77.6851
81.4361
93.2821
77.5323
94.4916
74.0436
86.0330
84.9902
81.1738
85.9432
84.9958
70.3440
68.8404
94.9724
70.1336
65.9780
81.8360
91.4560
85.0753
70.7130
76.0675
78.8218
94.4491
69.6921
90.6657
84.3429
76.2882
70.7277
77.8476
79.4607
68.6183
82.6852
71.7856
76.5386
82.4896
72.5542
73.7132
83.5127
72.9584
89.7313
94.4799
86.9075
75.3163
82.5221
68.2331
92.1892
91.3896
89.5328
72.8218
82.8307
65.6754
77.7578
74.3816
69.8445
70.3630
77.6866
67.8269
82.9557
79.1277
85.8785
85.9966
84.1559
66.0081
67.0642
74.5880
80.9259
84.6334
77.2286
89.5994
86.5508
94.0595
80.9400
74.7544
68.1689
83.3288
88.3641
77.7036
67.7247
72.9941
69.6097
73.4302
78.2026
80.8143
78.7227
91.2611
80.5416
93.3087
84.1313
93.7308
72.2212
85.2837
73.6719
85.1542
85.8542
67.0398
72.6437
71.7212
85.0350
90.3318
75.3339
88.4156
85.2600
65.2015
83.0651
76.6031
92.4797
65.0345
78.8735
77.7305
78.8275
88.1048
74.6742
88.5422
79.1407
66.0729
70.2762
86.6527
79.2046
69.5816
75.2337
83.2217
70.7524
87.1528
72.2855
92.5227
73.0718
87.9650
70.6599
73.6249
67.7334
82.2863
85.5009
81.3978
77.7719
84.3333
84.4285
85.3705
84.0736
93.3552
71.2680
86.2785
72.0869
68.5819
83.2191
78.5041
78.7618
84.8583
88.1086
75.5065
84.8603
77.4848
90.2579
89.9875
72.6932
83.4038
82.4675
81.2222
91.0982
72.9434
74.5422
68.5764
93.1949
84.3666
79.3839
84.1795
81.3415
84.4193
81.3166
86.6314
80.6749
94.8111
71.5603
68.1739
68.2909
66.9077
77.1374
78.4512
75.9745
87.9051
83.8369
88.1594
92.9856
94.1822
70.7609
69.1662
85.8880
67.8146
80.7621
80.9103
90.8342
79.5456
76.8037
85.1429
87.2377
80.6016
75.4314
69.4999
82.5828
72.8644
66.3336
87.6480
72.2836
78.2721
85.6339
75.7768
87.0902
76.8412
85.5025
86.1214
78.2692
65.5873
74.9257
77.7293
73.1081
70.9116
89.6516
77.8976
91.6331
76.7355
88.0734
76.9037
89.2554
87.6523
76.3219
71.4806
88.7122
93.4791
74.8270
85.1379
78.1593
90.0050
88.0656
70.0176
90.8594
94.6962
80.4327
91.5284
82.6408
69.6426
70.9959
77.2086
87.4612
89.7675
88.6989
74.5557
81.0219
67.6985
68.3512
69.0888
85.3596
79.8553
70.6913
79.8502
69.4282
66.6492
90.5214
81.8168
92.8883
85.9000
82.4837
89.4619
91.3704
94.6673
65.0157
90.9632
83.3770
94.6985
80.8304
79.3857
89.0404
71.8353
79.9428
92.0256
82.2398
90.3553
87.1592
82.5796
72.4020
84.9925
67.5045
83.7788
84.8283
86.8926
91.7226
94.4691
88.0709
82.4434
92.8494
82.4027
65.5095
68.6258
90.8813
79.5289
90.3457
71.2822
81.5687
83.8965
65.9597
83.4414
75.8723
66.4860
79.6871
70.7753
68.6925
71.1648
69.3954
70.6722
66.2796
84.0559
73.4560
81.1579
85.8549
79.9735
81.0740
78.3555
68.7180
79.7107
90.5899
91.2178
73.1088
71.2538
81.9494
84.2094
77.5109
71.1793
93.4380
67.4621
68.1713
69.2612
69.9938
83.6288
82.2113
66.5623
92.9360
86.8599
87.1352
66.9021
90.8132
93.0322
94.5319
90.7682
88.5668
80.4013
70.3281
76.9577
69.0179
65.9267
93.1743
74.0392
73.8660
74.9881
79.0120
84.4460
65.7568
90.2662
81.7710
90.6230
75.4364
78.3808
66.6272
70.3132
84.8842
74.9249
91.9546
68.5447
94.6525
81.1995
86.2075
94.9847
73.6355
77.4357
78.9452
87.9187
89.5461
68.0066
70.3435
75.7890
66.7011
80.6566
75.0755
70.2701
71.2684
92.1546
85.2617
79.0540
92.3640
68.1203
87.3664
87.0880
81.8558
70.5258
82.9163
73.9981
69.0237
71.3780
91.8483
67.1436
72.2746
66.6126
78.2517
65.3985
91.9157
70.8997
67.8011
74.2210
78.6817
68.0501
94.8617
74.9628
73.9204
66.8614
73.9473
66.3905
80.1628
87.8428
83.9321
67.6967
67.4259
88.3172
92.1540
81.0132
68.2746
89.7743
75.1429
73.8192
87.3894
65.3101
66.4534
85.0375
83.1040
80.7831
86.8913
86.2176
88.4413
73.6393
85.7760
81.7001
76.8956
66.8477
88.4053
75.1275
83.2360
87.2376
68.1444
68.8367
81.4862
79.5569
91.7143
88.9688
87.0302
66.5400
67.1866
67.6558
88.9505
93.2902
85.5115
68.9625
86.6817
68.3106
68.5248
84.2215
74.8644
84.6144
87.4739
82.4956
87.2010
72.0448
87.0487
94.1180
91.0079
67.5870
75.9931
76.0760
85.5509
82.9382
88.6809
76.0296
71.1808
67.6000
88.1580
71.1702
76.6481
81.5534
71.8686
84.2582
79.5344
69.5554
88.4580
68.0182
73.8220
72.1212
80.9262
67.7450
77.1595
68.1454
68.3685
88.5328
73.7471
83.1060
93.9327
77.9745
85.8426
87.7430
77.9793
84.6649
68.2927
93.0128
70.6238
72.9854
88.9349
79.6281
88.0687
76.8802
73.1882
66.1170
85.1988
77.8869
78.5522
83.2957
66.7821
74.4743
88.1817
85.8930
68.7600
68.9045
67.7706
65.2346
77.6933
84.6672
86.6877
80.9363
68.2645
83.9530
68.7950
69.0291
67.9578
69.2608
70.0475
70.8875
74.5244
74.4929
71.5269
72.5313
91.7877
86.0967
81.6721
70.5330
71.3609
67.3204
92.4140
86.2015
81.7337
74.4029
69.9861
83.6749
94.6380
70.1130
72.7338
76.9040
67.2198
85.5229
77.0716
94.4851
77.0655
83.6202
69.6311
76.4404
69.8340
87.7434
91.1333
75.5233
85.5661
73.8245
80.9189
89.9727
82.9247
75.0593
73.9768
78.5778
77.6794
75.7882
81.7496
87.2764
77.7300
77.8807
68.7462
65.7330
73.7056
74.5256
84.6107
93.7081
93.0719
78.7366
72.2144
87.9169
87.7798
87.2194
87.3107
68.1776
85.4468
78.8978
71.3649
67.9556
89.7072
70.2503
69.9071
84.9796
91.8317
80.4967
86.0811
69.6077
93.6037
81.2265
85.3920
66.0969
89.2761
87.4586
68.6056
80.7514
74.7750
81.3935
76.9664
77.4528
70.4221
72.6616
65.6161
92.7103
84.6110
92.9784
69.9054
92.6329
88.8397
82.3218
78.2011
72.7284
87.5584
71.8601
66.9256
88.0199
85.1361
86.4564
84.2618
77.5714
76.7229
89.4842
74.5228
89.4362
88.6722
90.5679
80.1691
84.0698
93.5268
78.3189
66.8006
91.0025