82.9279
84.4684
80.7008
86.1960
85.1243
82.3405
83.6436
85.2539
87.5003
87.1195
81.6614
85.7625
84.7767
80.9518
81.8017
76.8118
77.4969
79.5555
78.0375
78.4268
76.1792
72.2417
77.1222
77.8487
76.7423
77.8307
78.5199
77.3197
79.8933
78.0271
82.2758
79.2247
81.6005
80.9928
81.9129
86.6960
86.1416
83.8752
87.4566
81.5368
83.3482
82.2283
83.6268
82.8108
78.1212
78.8990
77.6398
77.9390
77.5405
77.1980
73.9009
76.1056
75.9580
73.2204
73.3839
76.2745
79.8195
77.0086
79.4720
78.3429
82.5472
80.5643
82.9747
84.9102
86.6755
87.5110
85.2559
82.8044
82.6510
82.8752
85.7600
81.4646
83.9194
79.5007
82.5756
78.0603
76.1459
75.5676
76.9805
75.5096
74.3547
77.0124
75.5390
75.5431
78.1730
74.9993
78.6043
79.4887
78.2431
80.4069
78.4947
79.3574
83.1237
85.3907
86.9342
82.5347
85.3856
84.7890
81.8267
83.3529
81.6888
84.7046
80.9010
81.2108
77.9939
79.5723
76.5441
77.9855
77.4196
77.1588
74.9480
72.5303
73.4013
77.7247
73.5841
78.2392
77.2911
80.9431
76.4295
79.6561
78.6795
84.8051
79.9667
85.3652
86.2339
86.9675
82.4792
84.3713
83.3145
86.1305
83.3042
85.4028
80.1248
79.6224
77.8732
76.7769
80.1821
77.5393
76.5834
73.5396
77.3629
75.7597
74.1331
75.3242
75.0807
73.7401
75.5006
75.7062
77.0639
78.4397
80.5432
79.3316
85.3552
86.3844
84.2753
84.6908
83.9989
87.3729
83.9708
81.9973
85.3972
82.2774
80.4838
80.4630
77.5787
76.7523
80.6186
79.7979
76.7355
73.0286
73.6534
74.1463
76.9546
72.3371
72.9280
74.2982
77.9558
79.3567
79.8469
79.7055
81.3216
80.8116
84.4071
81.8495
85.4508
82.8563
84.1835
85.7263
86.4366
81.8169
86.2920
84.5932
81.9544
80.6547
79.6807
77.7985
78.0174
77.1257
78.1900
77.4389
76.1106
74.2990
76.8969
75.4417
74.7742
78.9183
79.3167
78.2673
79.6953
80.5223
79.2860
80.8412
82.7645
82.0987
86.3960
82.9239
83.3281
82.9969
83.1213
83.9443
82.5823
85.4792
81.6149
79.1485
82.4293
81.8389
77.5995
74.7278
74.8327
75.1222
75.8141
73.6007
75.6444
76.5120
74.0004
73.9888
75.8411
76.8790
78.5054
80.0471
78.5527
80.6086
84.7450
80.8910
86.9033
86.1373
84.9043
85.4438
83.1790
84.0832
86.4943
83.2198
82.1605
79.4291
79.9334
79.7048
79.0411
76.4342
75.4889
78.5978
72.4712
77.3384
77.5071
77.0218
73.2621
74.8555
76.0732
79.0447
76.7798
81.3274
78.6801
82.9562
82.9040
85.3900
85.6203
87.1776
87.3181
83.9776
85.9478
82.5170
80.8990
84.4034
82.0338
80.9191
82.4283
79.6196
78.6723
79.2177
78.1172
76.1302
73.3423
73.4670
77.3465
72.4168
75.6093
74.2918
79.9332
79.2425
78.9633
79.8265
78.3973
83.1255
80.1935
81.1444
84.4600
82.3357
86.8815
86.8779
86.0899
82.2293
84.6734
83.0505
84.8715
81.9335
81.8020
78.6832
77.5607
79.0130
73.7851
73.4689
73.2850
74.3730
77.0157
77.0649
73.0327
75.6798
77.2223
77.4671
79.9016
80.7678
79.7915
81.6236
80.0318
86.6201
82.3331
82.3926
84.2071
83.1613
84.6934
83.3671
86.4255
85.4609
79.3497
82.4667
78.6147
78.4975
78.2535
79.7175
75.7907
78.5682
74.0534
76.2340
76.0254
75.4795
76.8585
77.2834
75.1299
75.7344
81.9549
78.0267
78.2352
82.4009
85.2301
84.7308
82.4727
83.9688
84.7370
87.8624
82.6937
86.4633
84.5843
82.1966
80.1792
80.6091
79.8921
76.6841
78.5034
75.4182
75.5920
76.1678
73.7556
73.7700
75.7299
73.8364
77.6161
79.1803
78.4426
77.0296
79.4649
77.6466
83.4774
84.3116
84.8455
82.2801
84.8963
81.8904
84.5242
83.8489
82.7242
82.4027
83.2530
80.5043
82.6248
80.8651
81.1757
80.1598
78.7975
74.2627
73.6971
74.5875
75.4299
75.9541
74.4731
77.1646
76.9800
79.0962
77.2491
76.9172
76.5942
80.6658
82.7124
81.5744
80.4839
82.3146
82.2521
83.4413
84.6131
85.1355
84.4998
86.5824
83.8240
85.6007
82.8599
83.7857
78.4442
80.0172
76.7007
78.0919
77.4551
73.0778
73.7735
73.3716
76.0344
77.3111
74.7366
77.9674
78.1131
75.0066
79.5735
79.3206
83.5355
79.0406
82.7136
83.2618
84.0956
86.3762
83.9074
86.6810
84.5834
81.5447
81.7710
84.2695
81.8746
78.9559
79.0467
79.6048
76.1168
78.4916
74.7414
78.1744
73.8591
76.6204
73.1594
73.9697
73.2166
76.7415
78.1613
78.2459
78.5148
80.8667
81.9253
83.1078
83.7536
86.3868
82.5837
86.0110
83.3900
82.6890
85.3991
84.0310
83.4681
83.9106
83.6554
80.1409
80.9721
78.4574
80.0179
79.0586
74.8229
76.3506
75.7382
75.2718
77.2470
73.8334
74.5783
73.9996
79.7001
78.8396
78.8372
80.8359
81.3079
82.9176
83.2022
85.0420
84.4651
87.7175
83.2847
82.6074
82.4135
81.7117
83.1432
82.6292
81.2286
82.6206
80.7674
80.5923
80.5634
79.8975
74.4364
73.5031
76.4223
72.5903
75.1798
75.4268
77.8367
76.1934
76.4218
78.9949
80.4080
80.1203
80.1258
79.9337
83.4555
82.2886
81.5969
86.2849
83.4293
84.6270
85.8821
83.4855
85.1338
82.3072
83.1342
82.2638
79.6538
76.0779
76.9515
76.6069
74.9059
73.8522
77.1750
74.6069
77.3540
74.5918
77.2846
75.6650
78.9122
79.4968
78.2248
78.2961
82.7820
84.7295
81.9043
84.7433
83.9620
86.7563
86.5857
82.9761
86.9272
87.2694
83.8023
85.2446
82.5618
78.9681
78.1992
78.4022
79.4586
79.0146
78.0241
74.5810
75.4491
72.5671
72.6976
73.0625
76.7418
76.2553
75.1993
77.9364
76.8461
77.3298
83.1438
82.3970
85.5166
84.8957
84.8269
86.6477
87.2467
87.9061
81.7584
86.5228
84.3911
85.8786
82.1998
80.9167
81.8081
77.3275
77.9549
79.4662
76.7322
77.7409
76.6766
75.5433
73.5078
76.2432
73.1708
77.0400
78.0267
79.3448
81.3050
82.8938
82.6537
82.5224
85.5088
84.1963
81.4320
82.4804
87.1489
84.8784
86.8244
82.5866
84.0295
83.7182
79.2256
81.7278
79.1745
76.2576
77.9037
75.2161
74.0228
73.9028
73.1238
73.1618
72.2833
76.0559
74.3611
76.5159
78.2321
77.9610
79.1752
79.6711
78.7832
81.9758
85.0569
85.9593
82.9519
83.0061
85.3625
85.8145
84.2575
82.5660
86.4033
80.4314
79.6679
78.8918
77.9988
79.6862
78.4086
74.3735
78.8715
77.0418
76.6718
72.4078
77.1900
77.8511
78.5763
78.4379
78.7744
78.0466
77.0261
79.3915
78.8431
79.2190
85.5738
82.5236
83.1033
83.7529
84.7750
85.8618
81.9067
86.3834
84.0699
85.0635
81.1210
80.7157
77.3254
77.0231
78.9432
76.0460
78.6752
73.3788
78.1752
75.2673
76.2689
78.2417
74.3970
75.7714
76.8501
79.5501
80.8697
77.6013
79.1083
81.1915
80.2792
83.8470
83.3452
82.8093
83.2263
87.4035
85.8076
84.1409
86.1885
80.5630
83.5070
82.4572
80.3712
77.0656
78.5496
75.8607
74.0890
73.9455
77.6144
72.4561
73.4823
72.5672
75.3202
73.3640
79.4442
76.1463
76.5207
78.8442
80.7759
79.6437
85.9113
82.7083
83.1142
82.1276
83.7621
82.2507
84.7879
85.8987
84.5021
80.4783
79.5189
82.7030
82.4308
79.1631
75.6212
79.0159
75.3129
74.4337
76.7226
72.0894
72.3181
76.2522
76.2907
76.4409
78.4393
79.2098
80.6487
78.7279
82.1948
82.3737
82.3181
81.0853
86.0112
83.7808
85.6198
86.4201
82.3842
82.0975
84.0130
82.8503
84.3765
82.8333
81.4060
76.2684
75.4036
74.5922
78.0744
78.3279
76.3470
72.8199
76.3637
72.9068
73.3748
77.1286
76.0340
78.8892
80.4552
80.4991
82.4798
80.4426
84.3487
86.5393
86.5317
82.2727
84.1712
84.1878
85.8655
84.9178
85.4519
82.1448
80.2699
78.5596
81.6316
77.1945
77.2959
77.3717
74.6580
76.5215
75.1516
72.9385
76.7190
72.8484
74.4343
74.7085
77.2463
75.5153
78.3923
77.6291
78.7133
83.7403
81.6883
84.3369
87.1167
84.3502
86.1411
86.5212
84.3511
85.2631
81.3743
85.5415
80.1584
79.6366
81.7870
78.8861
79.5801
76.4371
74.9219
72.8933
76.2845
74.6048
74.7378
75.9039
73.0263
75.1791
78.6974
79.1449
76.7124
77.7809
78.5937
79.0806
82.4776
84.6492
85.6677
84.9425
82.6255
85.7632
82.5143
82.1359
81.3073
80.7911
80.0432
79.2171
78.9049
77.8590
76.2717
75.5673
78.6418
76.8892
75.5791
73.1340
73.2996
72.7088
78.1527
77.5246
77.4078
76.8469
76.9577
80.7350
83.9672
80.0563
81.4857
83.0965
81.7741
85.8599
84.3869
87.8696
84.1684
85.0542
81.6419
82.2270
80.0005
82.5882
82.2267
78.0651
79.0795
75.8260
76.4681
77.6644
75.8297
74.0393
73.8227
74.9603
75.2057
75.4419
77.4110
79.4216
78.5065
79.5761
78.7888
79.1803
81.6800
82.6208
85.2523
87.4969
87.5870
84.7199
83.1982
85.9135
85.2717
84.3828
83.4958
78.6751
81.0894
78.7400
76.2393
74.6522
78.2257
73.7199
73.2261
76.0233
77.3937
75.3441
76.8861
74.2058
79.7818
78.2116
80.0388
77.2194
82.8948
83.5254
80.6600
83.8660
83.2851
85.0340
84.3659
84.4632
82.8397
82.8624
80.8389
85.4810
82.9559
83.6352
77.9811
81.4870
79.7343
77.5254
75.9245
74.2156
76.7564
73.3994
72.4125
76.8487
76.6971
77.5756
77.9134
77.4806
78.3050
81.8968
79.9441
83.9209
84.6734
85.8293
84.3639
85.5693
87.6780
84.6364
82.1154
86.5306