82.9779
84.5684
80.8508
86.3960
85.3743
82.6405
83.9936
85.6539
87.9503
87.6195
82.2114
86.3625
85.4267
81.6518
82.5517
77.6118
78.3469
80.4555
78.9875
79.4268
77.2292
73.3417
78.2722
79.0487
77.9923
79.1307
79.8699
78.7197
81.3433
79.5271
83.8258
80.8247
83.2505
82.6928
83.6629
88.4960
87.9916
85.7752
89.4066
83.5368
85.3982
84.3283
85.7768
85.0108
80.3712
81.1990
79.9898
80.3390
79.9905
79.6980
76.4509
78.7056
78.6080
75.9204
76.1339
79.0745
82.6695
79.9086
82.4220
81.3429
85.5972
83.6643
86.1247
88.1102
89.9255
90.8110
88.6059
86.2044
86.1010
86.3752
89.3100
85.0646
87.5694
83.2007
86.3256
81.8603
79.9959
79.4676
80.9305
79.5096
78.4047
81.1124
79.6890
79.7431
82.4230
79.2993
82.9543
83.8887
82.6931
84.9069
83.0447
83.9574
87.7737
90.0907
91.6842
87.3347
90.2356
89.6890
86.7767
88.3529
86.7388
89.8046
86.0510
86.4108
83.2439
84.8723
81.8941
83.3855
82.8696
82.6588
80.4980
78.1303
79.0513
83.4247
79.3341
84.0392
83.1411
86.8431
82.3795
85.6561
84.7295
90.9051
86.1167
91.5652
92.4839
93.2675
88.8292
90.7713
89.7645
92.6305
89.8542
92.0028
86.7748
86.3224
84.6232
83.5769
87.0321
84.4393
83.5334
80.5396
84.4129
82.8597
81.2831
82.5242
82.3307
81.0401
82.8506
83.1062
84.5139
85.9397
88.0932
86.9316
93.0052
94.0844
92.0253
92.4908
91.8489
95.2729
91.9208
89.9973
93.4472
90.3774
88.6338
88.6630
85.8287
85.0523
88.9686
88.1979
85.1855
81.5286
82.2034
82.7463
85.6046
81.0371
81.6780
83.0982
86.8058
88.2567
88.7969
88.7055
90.3716
89.9116
93.5571
91.0495
94.7008
92.1563
93.5335
95.1263
95.8866
91.3169
95.8420
94.1932
91.6044
90.3547
89.4307
87.5985
87.8674
87.0257
88.1400
87.4389
86.1606
84.3990
87.0469
85.6417
85.0242
89.2183
89.6667
88.6673
90.1453
91.0223
89.8360
91.4412
93.4145
92.7987
97.1460
93.7239
94.1781
93.8969
94.0713
94.9443
93.6323
96.5792
92.7649
90.3485
93.6793
93.1389
88.9495
86.1278
86.2827
86.6222
87.3641
85.2007
87.2944
88.2120
85.7504
85.7888
87.6911
88.7790
90.4554
92.0471
90.6027
92.7086
96.8950
93.0910
99.1533
98.4373
97.2543
97.8438
95.6290
96.5832
99.0443
95.8198
94.8105
92.1291
92.6834
92.5048
91.8911
89.3342
88.4389
91.5978
85.5212
90.4384
90.6571
90.2218
86.5121
88.1555
89.4232
92.4447
90.2298
94.8274
92.2301
96.5562
96.5540
99.0900
99.3703
100.9776
101.1681
97.8776
99.8978
96.5170
94.9490
98.5034
96.1838
95.1191
96.6783
93.9196
93.0223
93.6177
92.5672
90.6302
87.8923
88.0670
91.9965
87.1168
90.3593
89.0918
94.7832
94.1425
93.9133
94.8265
93.4473
98.2255
95.3435
96.3444
99.7100
97.6357
102.2315
102.2779
101.5399
97.7293
100.2234
98.6505
100.5215
97.6335
97.5520
94.4832
93.4107
94.9130
89.7351
89.4689
89.3350
90.4730
93.1657
93.2649
89.2827
91.9798
93.5723
93.8671
96.3516
97.2678
96.3415
98.2236
96.6818
103.3201
99.0831
99.1926
101.0571
100.0613
101.6434
100.3671
103.4755
102.5609
96.4997
99.6667
95.8647
95.7975
95.6035
97.1175
93.2407
96.0682
91.6034
93.8340
93.6754
93.1795
94.6085
95.0834
92.9799
93.6344
99.9049
96.0267
96.2852
100.5009
103.3801
102.9308
100.7227
102.2688
103.0870
106.2624
101.1437
104.9633
103.1343
100.7966
98.8292
99.3091
98.6421
95.4841
97.3534
94.3182
94.5420
95.1678
92.8056
92.8700
94.8799
93.0364
96.8661
98.4803
97.7926
96.4296
98.9149
97.1466
103.0274
103.9116
104.4955
101.9801
104.6463
101.6904
104.3742
103.7489
102.6742
102.4027
103.3030
100.6043
102.7748
101.0651
101.4257
100.4598
99.1475
94.6627
94.1471
95.0875
95.9799
96.5541
95.1231
97.8646
97.7300
99.8962
98.0991
97.8172
97.5442
101.6658
103.7624
102.6744
101.6339
103.5146
103.5021
104.7413
105.9631
106.5355
105.9498
108.0824
105.3740
107.2007
104.5099
105.4857
100.1942
101.8172
98.5507
99.9919
99.4051
95.0778
95.8235
95.4716
98.1844
99.5111
96.9866
100.2674
100.4631
97.4066
102.0235
101.8206
106.0855
101.6406
105.3636
105.9618
106.8456
109.1762
106.7574
109.5810
107.5334
104.5447
104.8210
107.3695
105.0246
102.1559
102.2967
102.9048
99.4668
101.8916
98.1914
101.6744
97.4091
100.2204
96.8094
97.6697
96.9666
100.5415
102.0113
102.1459
102.4648
104.8667
105.9753
107.2078
107.9036
110.5868
106.8337
110.3110
107.7400
107.0890
109.8491
108.5310
108.0181
108.5106
108.3054
104.8409
105.7221
103.2574
104.8679
103.9586
99.7729
101.3506
100.7882
100.3718
102.3970
99.0334
99.8283
99.2996
105.0501
104.2396
104.2872
106.3359
106.8579
108.5176
108.8522
110.7420
110.2151
113.5175
109.1347
108.5074
108.3635
107.7117
109.1932
108.7292
107.3786
108.8206
107.0174
106.8923
106.9134
106.2975
100.8864
100.0031
102.9723
99.1903
101.8298
102.1268
104.5867
102.9934
103.2718
105.8949
107.3580
107.1203
107.1758
107.0337
110.6055
109.4886
108.8469
113.5849
110.7793
112.0270
113.3321
110.9855
112.6838
109.9072
110.7842
109.9638
107.4038
103.8779
104.8015
104.5069
102.8559
101.8522
105.2250
102.7069
105.5040
102.7918
105.5346
103.9650
107.2622
107.8968
106.6748
106.7961
111.3320
113.3295
110.5543
113.4433
112.7120
115.5563
115.4357
111.8761
115.8772
116.2694
112.8523
114.3446
111.7118
108.1681
107.4492
107.7022
108.8086
108.4146
107.4741
104.0810
104.9991
102.1671
102.3476
102.7625
106.4918
106.0553
105.0493
107.8364
106.7961
107.3298
113.1938
112.4970
115.6666
115.0957
115.0769
116.9477
117.5967
118.3061
112.2084
117.0228
114.9411
116.4786
112.8498
111.6167
112.5581
108.1275
108.8049
110.3662
107.6822
108.7409
107.7266
106.6433
104.6578
107.4432
104.4208
108.3400
109.3767
110.7448
112.7550
114.3938
114.2037
114.1224
117.1588
115.8963
113.1820
114.2804
118.9989
116.7784
118.7744
114.5866
116.0795
115.8182
111.3756
113.9278
111.4245
108.5576
110.2537
107.6161
106.4728
106.4028
105.6738
105.7618
104.9333
108.7559
107.1111
109.3159
111.0821
110.8610
112.1252
112.6711
111.8332
115.0758
118.2069
119.1593
116.2019
116.3061
118.7125
119.2145
117.7075
116.0660
119.9533
114.0314
113.3179
112.5918
111.7488
113.4862
112.2586
108.2735
112.8215
111.0418
110.7218
106.5078
111.3400
112.0511
112.8263
112.7379
113.1244
112.4466
111.4761
113.8915
113.3931
113.8190
120.2238
117.2236
117.8533
118.5529
119.6250
120.7618
116.8567
121.3834
119.1199
120.1635
116.2710
115.9157
112.5754
112.3231
114.2932
111.4460
114.1252
108.8788
113.7252
110.8673
111.9189
113.9417
110.1470
111.5714
112.7001
115.4501
116.8197
113.6013
115.1583
117.2915
116.4292
120.0470
119.5952
119.1093
119.5763
123.8035
122.2576
120.6409
122.7385
117.1630
120.1570
119.1572
117.1212
113.8656
115.3996
112.7607
111.0390
110.9455
114.6644
109.5561
110.6323
109.7672
112.5702
110.6640
116.7942
113.5463
113.9707
116.3442
118.3259
117.2437
123.5613
120.4083
120.8642
119.9276
121.6121
120.1507
122.7379
123.8987
122.5521
118.5783
117.6689
120.9030
120.6808
117.4631
113.9712
117.4159
113.7629
112.9337
115.2726
110.6894
110.9681
114.9522
115.0407
115.2409
117.2893
118.1098
119.5987
117.7279
121.2448
121.4737
121.4681
120.2853
125.2612
123.0808
124.9698
125.8201
121.8342
121.5975
123.5630
122.4503
124.0265
122.5333
121.1560
116.0684
115.2536
114.4922
118.0244
118.3279
116.3970
112.9199
116.5137
113.1068
113.6248
117.4286
116.3840
119.2892
120.9052
120.9991
123.0298
121.0426
124.9987
127.2393
127.2817
123.0727
125.0212
125.0878
126.8155
125.9178
126.5019
123.2448
121.4199
119.7596
122.8816
118.4945
118.6459
118.7717
116.1080
118.0215
116.7016
114.5385
118.3690
114.5484
116.1843
116.5085
119.0963
117.4153
120.3423
119.6291
120.7633
125.8403
123.8383
126.5369
129.3667
126.6502
128.4911
128.9212
126.8011
127.7631
123.9243
128.1415
122.8084
122.3366
124.5370
121.6861
122.4301
119.3371
117.8719
115.8933
119.3345
117.7048
117.8878
119.1039
116.2763
118.4791
122.0474
122.5449
120.1624
121.2809
122.1437
122.6806
126.1276
128.3492
129.4177
128.7425
126.4755
129.6632
126.4643
126.1359
125.3573
124.8911
124.1932
123.4171
123.1549
122.1590
120.6217
119.9673
123.0918
121.3892
120.1291
117.7340
117.9496
117.4088
122.9027
122.3246
122.2578
121.7469
121.9077
125.7350
129.0172
125.1563
126.6357
128.2965
127.0241
131.1599
129.7369
133.2696
129.6184
130.5542
127.1919
127.8270
125.6505
128.2882
127.9767
123.8651
124.9295
121.7260
122.4181
123.6644
121.8797
120.1393
119.9727
121.1603
121.4557
121.7419
123.7610
125.8216
124.9565
126.0761
125.3388
125.7803
128.3300
129.3208
132.0023
134.2969
134.4370
131.6199
130.1482
132.9135
132.3217
131.4828
130.6458
125.8751
128.3394
126.0400
123.5893
122.0522
125.6757
121.2199
120.7761
123.6233
125.0437
123.0441
124.6361
122.0058
127.6318
126.1116
127.9888
125.2194
130.9448
131.6254
128.8100
132.0660
131.5351
133.3340
132.7159
132.8632
131.2897
131.3624
129.3889
134.0810
131.6059
132.3352
126.7311
130.2870
128.5843
126.4254
124.8745
123.2156
125.8064
122.4994
121.5625
126.0487
125.9471
126.8756
127.2634
126.8806
127.7550
131.3968
129.4941
133.5209
134.3234
135.5293
134.1139
135.3693
137.5280
134.5364
132.0654
136.5306