82.9279
84.4684
80.7008
86.1960
85.1243
82.3405
83.6436
85.2539
87.5003
87.1195
81.6614
85.7625
84.7767
80.9518
81.8017
76.8118
77.4969
79.5555
78.0375
78.4268
76.1792
72.2417
77.1222
77.8487
76.7423
77.8307
78.5199
77.3197
79.8933
78.0271
82.2758
79.2247
81.6005
80.9928
81.9129
86.6960
86.1416
83.8752
87.4566
81.5368
83.3482
82.2283
83.6268
82.8108
78.1212
78.8990
77.6398
77.9390
77.5405
77.1980
73.9009
76.1056
75.9580
73.2204
73.3839
76.2745
79.8195
77.0086
79.4720
78.3429
82.5472
80.5643
82.9747
84.9102
86.6755
87.5110
85.2559
82.8044
82.6510
82.8752
85.7600
81.4646
83.9194
79.5007
82.5756
78.0603
76.1459
75.5676
76.9805
75.5096
74.3547
77.0124
75.5390
75.5431
78.1730
74.9993
78.6043
79.4887
78.2431
80.4069
78.4947
79.3574
83.1237
85.3907
86.9342
82.5347
85.3856
84.7890
81.8267
83.3529
81.6888
84.7046
80.9010
81.2108
77.9939
79.5723
76.5441
77.9855
77.4196
77.1588
74.9480
72.5303
73.4013
77.7247
73.5841
78.2392
77.2911
80.9431
76.4295
79.6561
78.6795
84.8051
79.9667
85.3652
86.2339
86.9675
82.4792
84.3713
83.3145
86.1305
83.3042
85.4028
80.1248
79.6224
77.8732
76.7769
80.1821
77.5393
76.5834
73.5396
77.3629
75.7597
74.1331
75.3242
75.0807
73.7401
75.5006
75.7062
77.0639
78.4397
80.5432
79.3316
85.3552
86.3844
84.2753
84.6908
83.9989
87.3729
83.9708
81.9973
85.3972
82.2774
80.4838
80.4630
77.5787
76.7523
80.6186
79.7979
76.7355
73.0286
73.6534
74.1463
76.9546
72.3371
72.9280
74.2982
77.9558
79.3567
79.8469
79.7055
81.3216
80.8116
84.4071
81.8495
85.4508
82.8563
84.1835
85.7263
86.4366
81.8169
86.2920
84.5932
81.9544
80.6547
79.6807
77.7985
78.0174
77.1257
78.1900
77.4389
76.1106
74.2990
76.8969
75.4417
74.7742
78.9183
79.3167
78.2673
79.6953
80.5223
79.2860
80.8412
82.7645
82.0987
86.3960
82.9239
83.3281
82.9969
83.1213
83.9443
82.5823
85.4792
81.6149
79.1485
82.4293
81.8389
77.5995
74.7278
74.8327
75.1222
75.8141
73.6007
75.6444
76.5120
74.0004
73.9888
75.8411
76.8790
78.5054
80.0471
78.5527
80.6086
84.7450
80.8910
86.9033
86.1373
84.9043
85.4438
83.1790
84.0832
86.4943
83.2198
82.1605
79.4291
79.9334
79.7048
79.0411
76.4342
75.4889
78.5978
72.4712
77.3384
77.5071
77.0218
73.2621
74.8555
76.0732
79.0447
76.7798
81.3274
78.6801
82.9562
82.9040
85.3900
85.6203
87.1776
87.3181
83.9776
85.9478
82.5170
80.8990
84.4034
82.0338
80.9191
82.4283
79.6196
78.6723
79.2177
78.1172
76.1302
73.3423
73.4670
77.3465
72.4168
75.6093
74.2918
79.9332
79.2425
78.9633
79.8265
78.3973
83.1255
80.1935
81.1444
84.4600
82.3357
86.8815
86.8779
86.0899
82.2293
84.6734
83.0505
84.8715
81.9335
81.8020
78.6832
77.5607
79.0130
73.7851
73.4689
73.2850
74.3730
77.0157
77.0649
73.0327
75.6798
77.2223
77.4671
79.9016
80.7678
79.7915
81.6236
80.0318
86.6201
82.3331
82.3926
84.2071
83.1613
84.6934
83.3671
86.4255
85.4609
79.3497
82.4667
78.6147
78.4975
78.2535
79.7175
75.7907
78.5682
74.0534
76.2340
76.0254
75.4795
76.8585
77.2834
75.1299
75.7344
81.9549
78.0267
78.2352
82.4009
85.2301
84.7308
82.4727
83.9688
84.7370
87.8624
82.6937
86.4633
84.5843
82.1966
80.1792
80.6091
79.8921
76.6841
78.5034
75.4182
75.5920
76.1678
73.7556
73.7700
75.7299
73.8364
77.6161
79.1803
78.4426
77.0296
79.4649
77.6466
83.4774
84.3116
84.8455
82.2801
84.8963
81.8904
84.5242
83.8489
82.7242
82.4027
83.2530
80.5043
82.6248
80.8651
81.1757
80.1598
78.7975
74.2627
73.6971
74.5875
75.4299
75.9541
74.4731
77.1646
76.9800
79.0962
77.2491
76.9172
76.5942
80.6658
82.7124
81.5744
80.4839
82.3146
82.2521
83.4413
84.6131
85.1355
84.4998
86.5824
83.8240
85.6007
82.8599
83.7857
78.4442
80.0172
76.7007
78.0919
77.4551
73.0778
73.7735
73.3716
76.0344
77.3111
74.7366
77.9674
78.1131
75.0066
79.5735
79.3206
83.5355
79.0406
82.7136
83.2618
84.0956
86.3762
83.9074
86.6810
84.5834
81.5447
81.7710
84.2695
81.8746
78.9559
79.0467
79.6048
76.1168
78.4916
74.7414
78.1744
73.8591
76.6204
73.1594
73.9697
73.2166
76.7415
78.1613
78.2459
78.5148
80.8667
81.9253
83.1078
83.7536
86.3868
82.5837
86.0110
83.3900
82.6890
85.3991
84.0310
83.4681
83.9106
83.6554
80.1409
80.9721
78.4574
80.0179
79.0586
74.8229
76.3506
68.2382
67.7718
69.7470
66.3334
67.0783
66.4996
72.2001
71.3396
71.3372
73.3359
73.8079
75.4176
75.7022
77.5420
76.9651
80.2175
75.7847
75.1074
74.9135
74.2117
75.6432
75.1292
73.7286
75.1206
73.2674
73.0923
73.0634
72.3975
66.9364
66.0031
68.9223
65.0903
67.6798
67.9268
70.3367
68.6934
68.9218
71.4949
72.9080
72.6203
72.6258
72.4337
75.9555
74.7886
74.0969
78.7849
75.9293
77.1270
78.3821
75.9855
77.6338
74.8072
75.6342
74.7638
72.1538
68.5779
69.4515
69.1069
67.4059
66.3522
69.6750
67.1069
69.8540
67.0918
69.7846
68.1650
71.4122
71.9968
70.7248
70.7961
75.2820
77.2295
74.4043
77.2433
76.4620
79.2563
79.0857
75.4761
79.4272
79.7694
76.3023
77.7446
75.0618
71.4681
70.6992
70.9022
71.9586
71.5146
70.5241
67.0810
67.9491
65.0671
65.1976
65.5625
69.2418
68.7553
67.6993
70.4364
69.3461
69.8298
75.6438
74.8970
78.0166
77.3957
77.3269
79.1477
79.7467
80.4061
74.2584
79.0228
76.8911
78.3786
74.6998
73.4167
74.3081
69.8275
70.4549
71.9662
69.2322
70.2409
69.1766
68.0433
66.0078
68.7432
65.6708
69.5400
70.5267
71.8448
73.8050
75.3938
75.1537
75.0224
78.0088
76.6963
73.9320
74.9804
79.6489
77.3784
79.3244
75.0866
76.5295
76.2182
71.7256
74.2278
71.6745
68.7576
70.4037
67.7161
66.5228
66.4028
65.6238
65.6618
64.7833
68.5559
66.8611
69.0159
70.7321
70.4610
71.6752
72.1711
71.2832
74.4758
77.5569
78.4593
75.4519
75.5061
77.8625
78.3145
76.7575
75.0660
78.9033
72.9314
72.1679
71.3918
70.4988
72.1862
70.9086
66.8735
71.3715
69.5418
69.1718
64.9078
69.6900
70.3511
71.0763
70.9379
71.2744
70.5466
69.5261
71.8915
71.3431
71.7190
78.0738
75.0236
75.6033
76.2529
77.2750
78.3618
74.4067
78.8834
76.5699
77.5635
73.6210
73.2157
69.8254
69.5231
71.4432
68.5460
71.1752
65.8788
70.6752
67.7673
68.7689
70.7417
66.8970
68.2714
69.3501
72.0501
73.3697
70.1013
71.6083
73.6915
72.7792
76.3470
75.8452
75.3093
75.7263
79.9035
78.3076
76.6409
78.6885
73.0630
76.0070
74.9572
72.8712
69.5656
71.0496
68.3607
66.5890
66.4455
70.1144
64.9561
65.9823
65.0672
67.8202
65.8640
71.9442
68.6463
69.0207
71.3442
73.2759
72.1437
78.4113
75.2083
75.6142
74.6276
76.2621
74.7507
77.2879
78.3987
77.0021
72.9783
72.0189
75.2030
74.9308
71.6631
68.1212
71.5159
67.8129
66.9337
69.2226
64.5894
64.8181
68.7522
68.7907
68.9409
70.9393
71.7098
73.1487
71.2279
74.6948
74.8737
74.8181
73.5853
78.5112
76.2808
78.1198
78.9201
74.8842
74.5975
76.5130
75.3503
76.8765
75.3333
73.9060
68.7684
67.9036
67.0922
70.5744
70.8279
68.8470
65.3199
68.8637
65.4068
65.8748
69.6286
68.5340
71.3892
72.9552
72.9991
74.9798
72.9426
76.8487
79.0393
79.0317
74.7727
76.6712
76.6878
78.3655
77.4178
77.9519
74.6448
72.7699
71.0596
74.1316
69.6945
69.7959
69.8717
67.1580
69.0215
67.6516
65.4385
69.2190
65.3484
66.9343
67.2085
69.7463
68.0153
70.8923
70.1291
71.2133
76.2403
74.1883
76.8369
79.6167
76.8502
78.6411
79.0212
76.8511
77.7631
73.8743
78.0415
72.6584
72.1366
74.2870
71.3861
72.0801
68.9371
67.4219
65.3933
68.7845
67.1048
67.2378
68.4039
65.5263
67.6791
71.1974
71.6449
69.2124
70.2809
71.0937
71.5806
74.9776
77.1492
78.1677
77.4425
75.1255
78.2632
75.0143
74.6359
73.8073
73.2911
72.5432
71.7171
71.4049
70.3590
68.7717
68.0673
71.1418
69.3892
68.0791
65.6340
65.7996
65.2088
70.6527
70.0246
69.9078
69.3469
69.4577
73.2350
76.4672
72.5563
73.9857
75.5965
74.2741
78.3599
76.8869
80.3696
76.6684
77.5542
74.1419
74.7270
72.5005
75.0882
74.7267
70.5651
71.5795
68.3260
68.9681
70.1644
68.3297
66.5393
66.3227
67.4603
67.7057
67.9419
69.9110
71.9216
71.0065
72.0761
71.2888
71.6803
74.1800
75.1208
77.7523
79.9969
80.0870
77.2199
75.6982
78.4135
77.7717
76.8828
75.9958
71.1751
73.5894
71.2400
68.7393
67.1522
70.7257
66.2199
65.7261
68.5233
69.8937
67.8441
69.3861
66.7058
72.2818
70.7116
72.5388
69.7194
75.3948
76.0254
73.1600
76.3660
75.7851
77.5340
76.8659
76.9632
75.3397
75.3624
73.3389
77.9810
75.4559
76.1352
70.4811
73.9870
72.2343
70.0254
68.4245
66.7156
69.2564
65.8994
64.9125
69.3487
69.1971
70.0756
70.4134
69.9806
70.8050
74.3968
72.4441
76.4209
77.1734
78.3293
76.8639
78.0693
80.1780
77.1364
74.6154
79.0306