82.8779
84.3684
80.5508
85.9960
84.8743
82.0405
83.2936
84.8539
87.0503
86.6195
81.1114
85.1625
84.1267
80.2518
81.0517
76.0118
76.6469
78.6555
77.0875
77.4268
75.1292
71.1417
75.9722
76.6487
75.4923
76.5307
77.1699
75.9197
78.4433
76.5271
80.7258
77.6247
79.9505
79.2928
80.1629
84.8960
84.2916
81.9752
85.5066
79.5368
81.2982
80.1283
81.4768
80.6108
75.8712
76.5990
75.2898
75.5390
75.0905
74.6980
71.3509
73.5056
73.3080
70.5204
70.6339
73.4745
76.9695
74.1086
76.5220
75.3429
79.4972
77.4643
79.8247
81.7102
83.4255
84.2110
81.9059
79.4044
79.2010
79.3752
82.2100
77.8646
80.2694
75.8007
78.8256
74.2603
72.2959
71.6676
73.0305
71.5096
70.3047
72.9124
71.3890
71.3431
73.9230
70.6993
74.2543
75.0887
73.7931
75.9069
73.9447
74.7574
78.4737
80.6907
82.1842
77.7347
80.5356
79.8890
76.8767
78.3529
76.6388
79.6046
75.7510
76.0108
72.7439
74.2723
71.1941
72.5855
71.9696
71.6588
69.3980
66.9303
67.7513
72.0247
67.8341
72.4392
71.4411
75.0431
70.4795
73.6561
72.6295
78.7051
73.8167
79.1652
79.9839
80.6675
76.1292
77.9713
76.8645
79.6305
76.7542
78.8028
73.4748
72.9224
71.1232
69.9769
73.3321
70.6393
69.6334
66.5396
70.3129
68.6597
66.9831
68.1242
67.8307
66.4401
68.1506
68.3062
69.6139
70.9397
72.9932
71.7316
77.7052
78.6844
76.5253
76.8908
76.1489
79.4729
76.0208
73.9973
77.3472
74.1774
72.3338
72.2630
69.3287
68.4523
72.2686
71.3979
68.2855
64.5286
65.1034
65.5463
68.3046
63.6371
64.1780
65.4982
69.1058
70.4567
70.8969
70.7055
72.2716
71.7116
75.2571
72.6495
76.2008
73.5563
74.8335
76.3263
76.9866
72.3169
76.7420
74.9932
72.3044
70.9547
69.9307
67.9985
68.1674
67.2257
68.2400
67.4389
66.0606
64.1990
66.7469
65.2417
64.5242
68.6183
68.9667
67.8673
69.2453
70.0223
68.7360
70.2412
72.1145
71.3987
75.6460
72.1239
72.4781
72.0969
72.1713
72.9443
71.5323
74.3792
70.4649
67.9485
71.1793
70.5389
66.2495
63.3278
63.3827
63.6222
64.2641
62.0007
63.9944
64.8120
62.2504
62.1888
63.9911
64.9790
66.5554
68.0471
66.5027
68.5086
72.5950
68.6910
74.6533
73.8373
72.5543
73.0438
70.7290
71.5832
73.9443
70.6198
69.5105
66.7291
67.1834
66.9048
66.1911
63.5342
62.5389
65.5978
59.4212
64.2384
64.3571
63.8218
60.0121
61.5555
62.7232
65.6447
63.3298
67.8274
65.1301
69.3562
69.2540
71.6900
71.8703
73.3776
73.4681
70.0776
71.9978
68.5170
66.8490
70.3034
67.8838
66.7191
68.1783
65.3196
64.3223
64.8177
63.6672
61.6302
58.7923
58.8670
62.6965
57.7168
60.8593
59.4918
65.0832
64.3425
64.0133
64.8265
63.3473
68.0255
65.0435
65.9444
69.2100
67.0357
71.5315
71.4779
70.6399
66.7293
69.1234
67.4505
69.2215
66.2335
66.0520
62.8832
61.7107
63.1130
57.8351
57.4689
57.2350
58.2730
60.8657
60.8649
56.7827
59.3798
60.8723
61.0671
63.4516
64.2678
63.2415
65.0236
63.3818
69.9201
65.5831
65.5926
67.3571
66.2613
67.7434
66.3671
69.3755
68.3609
62.1997
65.2667
61.3647
61.1975
60.9035
62.3175
58.3407
61.0682
56.5034
58.6340
58.3754
57.7795
59.1085
59.4834
57.2799
57.8344
64.0049
60.0267
60.1852
64.3009
67.0801
66.5308
64.2227
65.6688
66.3870
69.4624
64.2437
67.9633
66.0343
63.5966
61.5292
61.9091
61.1421
57.8841
59.6534
56.5182
56.6420
57.1678
54.7056
54.6700
56.5799
54.6364
58.3661
59.8803
59.0926
57.6296
60.0149
58.1466
63.9274
64.7116
65.1955
62.5801
65.1463
62.0904
64.6742
63.9489
62.7742
62.4027
63.2030
60.4043
62.4748
60.6651
60.9257
59.8598
58.4475
53.8627
53.2471
54.0875
54.8799
55.3541
53.8231
56.4646
56.2300
58.2962
56.3991
56.0172
55.6442
59.6658
61.6624
60.4744
59.3339
61.1146
61.0021
62.1413
63.2631
63.7355
63.0498
65.0824
62.2740
64.0007
61.2099
62.0857
56.6942
58.2172
54.8507
56.1919
55.5051
51.0778
51.7235
51.2716
53.8844
55.1111
52.4866
55.6674
55.7631
52.6066
57.1235
56.8206
60.9855
56.4406
60.0636
60.5618
61.3456
63.5762
61.0574
63.7810
61.6334
58.5447
58.7210
61.1695
58.7246
55.7559
55.7967
56.3048
52.7668
55.0916
51.2914
54.6744
50.3091
53.0204
49.5094
50.2697
49.4666
52.9415
54.3113
54.3459
54.5648
56.8667
57.8753
59.0078
59.6036
62.1868
58.3337
61.7110
59.0400
58.2890
60.9491
59.5310
58.9181
59.3106
59.0054
55.4409
56.2221
53.6574
55.1679
54.1586
49.8729
51.3506
50.6882
50.1718
52.0970
48.6334
49.3283
48.6996
54.3501
53.4396
53.3872
55.3359
55.7579
57.3176
57.5522
59.3420
58.7151
61.9175
57.4347
56.7074
56.4635
55.7117
57.0932
56.5292
55.0786
56.4206
54.5174
54.2923
54.2134
53.4975
47.9864
47.0031
49.8723
45.9903
48.5298
48.7268
51.0867
49.3934
49.5718
52.0949
53.4580
53.1203
53.0758
52.8337
56.3055
55.0886
54.3469
58.9849
56.0793
57.2270
58.4321
55.9855
57.5838
54.7072
55.4842
54.5638
51.9038
48.2779
49.1015
48.7069
46.9559
45.8522
49.1250
46.5069
49.2040
46.3918
49.0346
47.3650
50.5622
51.0968
49.7748
49.7961
54.2320
56.1295
53.2543
56.0433
55.2120
57.9563
57.7357
54.0761
57.9772
58.2694
54.7523
56.1446
53.4118
49.7681
48.9492
49.1022
50.1086
49.6146
48.5741
45.0810
45.8991
42.9671
43.0476
43.3625
46.9918
46.4553
45.3493
48.0364
46.8961
47.3298
53.0938
52.2970
55.3666
54.6957
54.5769
56.3477
56.8967
57.5061
51.3084
56.0228
53.8411
55.2786
51.5498
50.2167
51.0581
46.5275
47.1049
48.5662
45.7822
46.7409
45.6266
44.4433
42.3578
45.0432
41.9208
45.7400
46.6767
47.9448
49.8550
51.3938
51.1037
50.9224
53.8588
52.4963
49.6820
50.6804
55.2989
52.9784
54.8744
50.5866
51.9795
51.6182
47.0756
49.5278
46.9245
43.9576
45.5537
42.8161
41.5728
41.4028
40.5738
40.5618
39.6333
43.3559
41.6111
43.7159
45.3821
45.0610
46.2252
46.6711
45.7332
48.8758
51.9069
52.7593
49.7019
49.7061
52.0125
52.4145
50.8075
49.0660
52.8533
46.8314
46.0179
45.1918
44.2488
45.8862
44.5586
40.4735
44.9215
43.0418
42.6218
38.3078
43.0400
43.6511
44.3263
44.1379
44.4244
43.6466
42.5761
44.8915
44.2931
44.6190
50.9238
47.8236
48.3533
48.9529
49.9250
50.9618
46.9567
51.3834
49.0199
49.9635
45.9710
45.5157
42.0754
41.7231
43.5932
40.6460
43.2252
37.8788
42.6252
39.6673
40.6189
42.5417
38.6470
39.9714
41.0001
43.6501
44.9197
41.6013
43.0583
45.0915
44.1292
47.6470
47.0952
46.5093
46.8763
51.0035
49.3576
47.6409
49.6385
43.9630
46.8570
45.7572
43.6212
40.2656
41.6996
38.9607
37.1390
36.9455
40.5644
35.3561
36.3323
35.3672
38.0702
36.0640
42.0942
38.7463
39.0707
41.3442
43.2259
42.0437
48.2613
45.0083
45.3642
44.3276
45.9121
44.3507
46.8379
47.8987
46.4521
42.3783
41.3689
44.5030
44.1808
40.8631
37.2712
40.6159
36.8629
35.9337
38.1726
33.4894
33.6681
37.5522
37.5407
37.6409
39.5893
40.3098
41.6987
39.7279
43.1448
43.2737
43.1681
41.8853
46.7612
44.4808
46.2698
47.0201
42.9342
42.5975
44.4630
43.2503
44.7265
43.1333
41.6560
36.4684
35.5536
34.6922
38.1244
38.3279
36.2970
32.7199
36.2137
32.7068
33.1248
36.8286
35.6840
38.4892
40.0052
39.9991
41.9298
39.8426
43.6987
45.8393
45.7817
41.4727
43.3212
43.2878
44.9155
43.9178
44.4019
41.0448
39.1199
37.3596
40.3816
35.8945
35.9459
35.9717
33.2080
35.0215
33.6016
31.3385
35.0690
31.1484
32.6843
32.9085
35.3963
33.6153
36.4423
35.6291
36.6633
41.6403
39.5383
42.1369
44.8667
42.0502
43.7911
44.1212
41.9011
42.7631
38.8243
42.9415
37.5084
36.9366
39.0370
36.0861
36.7301
33.5371
31.9719
29.8933
33.2345
31.5048
31.5878
32.7039
29.7763
31.8791
35.3474
35.7449
33.2624
34.2809
35.0437
35.4806
38.8276
40.9492
41.9177
41.1425
38.7755
41.8632
38.5643
38.1359
37.2573
36.6911
35.8932
35.0171
34.6549
33.5590
31.9217
31.1673
34.1918
32.3892
31.0291
28.5340
28.6496
28.0088
33.4027
32.7246
32.5578
31.9469
32.0077
35.7350
38.9172
34.9563
36.3357
37.8965
36.5241
40.5599
39.0369
42.4696
38.7184
39.5542
36.0919
36.6270
34.3505
36.8882
36.4767
32.2651
33.2295
29.9260
30.5181
31.6644
29.7797
27.9393
27.6727
28.7603
28.9557
29.1419
31.0610
33.0216
32.0565
33.0761
32.2388
32.5803
35.0300
35.9208
38.5023
40.6969
40.7370
37.8199
36.2482
38.9135
38.2217
37.2828
36.3458
31.4751
33.8394
31.4400
28.8893
27.2522
30.7757
26.2199
25.6761
28.4233
29.7437
27.6441
29.1361
26.4058
31.9318
30.3116
32.0888
29.2194
34.8448
35.4254
32.5100
35.6660
35.0351
36.7340
36.0159
36.0632
34.3897
34.3624
32.2889
36.8810
34.3059
34.9352
29.2311
32.6870
30.8843
28.6254
26.9745
25.2156
27.7064
24.2994
23.2625
27.6487
27.4471
28.2756
28.5634
28.0806
28.8550
32.3968
30.3941
34.3209
35.0234
36.1293
34.6139
35.7693
37.8280
34.7364
32.1654
36.5306