164.9733
167.2171
158.9333
169.3029
166.7006
160.8627
163.4053
166.7786
171.6403
171.4539
161.3008
170.4267
169.5054
162.9930
165.8733
157.0718
159.5727
164.7290
162.6012
164.1227
160.1781
152.6431
162.5235
163.8754
161.3502
163.0220
163.7292
160.5256
164.7770
160.0993
167.6475
160.6373
164.5657
162.6513
163.9507
173.1609
171.8993
167.4267
174.8624
163.4988
167.7821
166.3605
170.0995
169.4934
161.1809
163.7982
162.2912
163.8070
163.7942
163.7261
157.5546
162.1740
161.8664
156.1566
156.0363
161.1761
167.4576
160.8939
164.7851
161.4410
168.7592
163.7437
167.5992
170.6288
173.4760
174.6483
169.8429
164.8577
164.6822
165.4653
171.7551
163.8429
169.5557
161.6067
168.6867
160.5830
157.6320
157.2612
160.7413
158.2883
156.2750
161.6765
158.5958
158.2502
162.9461
155.8432
162.1332
162.8517
159.2195
162.3589
157.3448
157.9245
164.3992
168.0026
170.3204
160.9408
166.2690
164.9192
159.0552
162.3756
159.5049
166.1564
159.2977
160.7553
155.2056
159.2473
154.0313
157.6666
157.1599
157.1026
152.9575
148.1926
149.7894
158.0759
149.2285
157.7853
154.9760
161.2408
151.0881
156.3732
153.2549
164.3893
153.6880
163.5919
164.6022
165.5348
156.2353
159.9174
157.9230
163.8859
158.7573
163.6451
153.9121
153.8237
151.2914
150.0691
157.8091
153.3686
152.1782
146.6540
154.6796
151.6491
148.3592
150.4923
149.5531
146.2353
148.9623
148.4560
150.1698
151.8794
155.0492
151.6394
162.7937
164.0926
159.2821
159.7149
158.1457
164.9303
158.3848
154.9093
162.3743
156.9669
154.3452
155.3624
150.7024
150.1626
158.9672
158.3130
153.0514
146.3421
148.1113
149.4127
155.1312
145.7847
146.6506
148.8894
155.5439
157.5599
157.6689
156.4722
158.7932
156.9104
163.3300
157.5744
164.3015
158.8285
161.4087
164.6394
166.4243
157.7586
167.4734
165.0040
160.7845
159.3330
158.5792
156.0100
157.5979
156.8764
159.9388
159.2078
157.1336
153.8847
159.2369
156.2653
154.6608
162.4892
162.6631
159.8116
161.8251
162.5896
159.2262
161.4893
164.5757
162.6105
170.7318
163.5012
164.2289
163.7002
164.2977
166.4974
164.5135
171.2066
164.5027
160.6801
168.3941
168.3623
160.9833
156.2471
157.3318
158.6196
160.5189
156.3956
160.5652
162.1608
156.7859
156.2174
159.2100
160.4405
162.7548
164.8496
160.8672
164.0264
171.4307
162.9778
174.4148
172.4798
169.8137
170.9050
166.6002
168.8363
174.2703
168.4907
167.2651
162.7793
164.8052
165.3606
164.9955
160.6502
159.4950
166.2809
154.4020
164.2983
164.5756
163.3231
155.3095
157.8083
159.3891
164.3447
158.7345
166.6998
160.2715
167.7313
166.6196
170.7092
170.4461
173.0227
172.9702
166.1697
170.2048
163.6428
160.8926
168.5470
164.5792
163.2074
167.1266
162.4077
161.3641
163.2150
161.6438
158.1356
152.8347
153.1500
160.7562
150.5257
156.3309
152.9261
163.2758
160.8326
159.1232
159.6531
155.5979
163.9034
156.9776
157.9464
163.8078
158.9791
167.6997
167.5397
166.0296
158.5834
163.9373
161.3214
165.7236
160.6986
161.3340
155.9972
154.6098
158.2857
148.4755
148.3290
148.2608
150.5315
155.6974
155.4624
146.8600
151.4305
153.6330
153.1153
156.8920
157.4906
154.4080
156.9919
152.8211
165.1430
155.8811
155.5057
158.8528
156.7011
159.9271
157.6488
164.3338
163.1400
151.7862
158.9824
152.2910
153.0739
153.5630
157.3838
150.2997
156.4665
147.8646
152.4504
152.0456
150.7537
153.1087
153.3712
148.3191
148.6596
160.1479
151.2982
150.7264
158.1192
162.9326
161.2217
156.1603
158.8007
160.1976
166.5306
156.4967
164.5513
161.5021
157.6016
154.5742
156.5338
156.2487
150.9850
155.7338
150.5882
151.8352
153.7268
149.4560
149.8335
153.8873
150.0193
157.2924
159.9473
157.8383
154.2522
158.2756
153.7481
164.5203
165.3461
165.6613
159.9076
164.6802
158.3988
163.6052
162.4113
160.5360
160.4753
162.9474
158.3836
163.6865
161.3173
163.1336
162.2960
160.7194
152.7078
152.5049
155.0502
157.3088
158.7214
155.9046
161.2134
160.5601
164.3168
159.9823
158.5472
157.0384
164.2704
167.4497
164.3022
161.3354
164.3361
163.7095
165.7722
168.0042
169.1509
168.1952
172.8797
168.0678
172.4840
167.9899
170.9134
161.3435
165.5980
160.0239
163.7717
163.3304
155.2411
157.1037
156.5588
161.9210
164.2889
158.7419
164.6111
164.1429
157.0370
165.1840
163.6413
171.0290
161.0376
167.4661
167.7685
168.7996
172.9086
167.7219
173.2324
169.2130
163.5146
164.5306
170.2489
166.3043
161.3963
162.5485
164.6306
158.5710
164.1438
157.3339
164.7241
156.4242
162.0660
155.0419
156.3395
154.2988
160.6215
162.5680
161.7126
161.1337
164.6722
165.6214
166.8610
167.1136
171.4666
163.1073
169.3956
163.7931
162.2460
167.7366
165.2769
164.6154
166.1257
166.3678
160.1791
162.7263
158.5810
162.5400
161.3700
153.5186
157.0314
156.0747
155.2023
158.9961
151.7954
152.7046
150.7779
161.2483
158.4695
157.3190
160.1267
159.8825
161.9608
161.4798
164.2394
162.3301
168.2710
159.0515
157.5631
157.2612
156.1543
159.5061
159.1323
157.1169
160.7789
157.9992
158.5794
159.4100
158.8814
148.6378
147.2913
153.4645
145.9316
151.0285
151.2273
155.5485
151.5784
151.1938
155.3746
157.1511
155.4853
154.4106
152.9907
159.0924
155.9500
153.9251
162.8539
156.9082
159.2913
162.0113
157.6409
161.5543
156.6853
159.2569
158.5276
154.3692
148.2839
151.0570
151.3099
148.7261
147.2792
154.4010
149.5376
155.0919
149.4148
154.4442
150.6642
156.4595
156.8056
153.3538
152.5471
160.5737
163.5728
157.1192
162.1261
160.0583
165.3346
164.8923
157.7925
166.0345
167.2697
161.0784
164.8712
160.5448
154.4878
154.1284
155.7150
158.9650
159.1275
158.0701
151.9471
154.2585
148.8633
149.2771
149.9433
157.0315
155.5997
152.8671
157.5924
154.5747
154.6597
165.4052
163.0744
168.5648
166.7024
166.1058
169.4770
170.6115
172.0830
160.1565
170.2605
166.7602
170.6590
164.3516
162.9227
165.8861
158.1033
160.4887
164.5504
159.9906
162.7509
161.1729
159.2464
155.2948
160.6644
154.2072
161.4406
162.7430
164.5759
167.6002
169.8327
168.4033
167.2327
172.3824
169.0583
162.9890
164.7297
173.9139
169.4331
173.5980
165.5983
169.1447
169.3404
161.2972
167.3276
163.2874
158.5154
162.8190
158.3613
156.7588
157.1358
156.0004
156.2864
154.5170
161.8277
157.9907
161.6589
164.2826
162.7986
164.1915
164.0975
161.2311
166.5669
171.7637
172.7270
166.0287
165.6384
170.0561
170.8780
167.8950
164.8469
173.0417
161.7763
161.0528
160.3889
159.5331
163.8347
162.1574
154.8731
164.5232
161.3527
160.9092
152.4674
161.8979
162.8663
163.7526
162.7204
162.4735
159.9675
156.7854
160.3282
158.0417
157.6478
169.2993
162.2683
162.6587
163.3772
165.0480
167.0649
159.2151
168.4366
164.2671
166.8742
159.7377
159.7652
153.8687
154.1488
158.8293
153.7876
159.6712
149.5427
159.4120
153.6666
155.5247
159.1097
150.8541
152.8498
154.0939
158.4547
159.9685
152.2637
154.1124
157.1622
154.3128
160.5556
158.8248
157.2185
157.7294
165.9819
162.9092
159.9067
164.5259
153.9654
160.6765
159.4932
156.2873
150.6466
154.5441
150.0114
147.1893
147.4658
155.1825
145.0419
147.0576
144.9783
150.0321
145.4831
156.8496
149.3361
149.0834
152.6884
155.5147
152.2636
163.9058
156.7403
156.9598
154.5884
157.6720
154.6859
160.0190
162.7120
160.5842
153.3687
152.4153
159.8423
160.4066
154.9842
148.9725
156.7491
150.2060
149.1525
154.2497
145.2989
145.8582
153.6149
153.3760
153.1748
156.5110
157.2662
159.2724
154.5168
160.5395
160.0346
159.1520
156.0460
165.4223
160.6774
164.2813
166.0270
158.3194
158.3197
162.9152
161.5182
165.6287
163.6902
162.0299
152.9498
152.3704
151.8095
159.7074
160.9860
157.6064
150.9263
158.1706
151.1956
151.8620
158.9098
156.0976
161.0555
163.3450
162.5433
165.6136
160.6922
167.7442
171.4918
171.0032
162.1989
165.9151
166.0821
169.7860
168.4444
170.2526
164.5379
161.8126
159.5023
166.7987
159.0734
160.3761
161.5350
156.9825
161.4182
159.1939
155.0712
162.7143
154.8335
157.6537
157.6569
162.0203
157.7132
162.5286
160.0134
161.1884
170.2897
165.3174
169.8696
174.8416
168.9057
172.2874
173.0599
168.9445
171.1961
164.0303
173.1342
163.2610
163.1943
168.5124
163.7231
166.0734
160.6561
158.3610
154.8720
162.0287
158.8310
159.0370
161.0871
154.8377
158.4555
164.6374
164.5452
158.5998
159.6069
160.0986
159.9801
165.7668
169.2274
170.5407
168.5525
163.5850
169.7409
163.3378
162.8807
161.7093
161.3224
160.5979
159.8033
160.0797
158.8865
156.5628
155.9142
162.6930
159.6536
157.3085
152.4840
152.6625
151.1098
161.4177
159.3915
158.2251
156.0414
155.1119
161.4700
166.7377
157.7649
159.5619
161.8506
158.4359
166.0275
162.7106
169.5232
162.1865
164.2331
157.8745
159.6744
155.9816
162.0080
162.1834
154.7610
157.6475
151.9117
153.8414
156.7200
153.3501
149.8640
149.3115
151.2531
151.2061
150.9547
154.0103
157.0243
154.1017
155.1072
152.4026
152.1053
156.1174
157.1444
161.7194
165.7144
165.6126
159.8184
156.9366
162.7416
162.0262
160.9838
160.0784
151.3992
157.2403
153.5590
149.5345
147.2532
155.1696
146.7700
146.2100
152.0291
154.7823
150.4828
153.1639
147.2159
157.6230
153.6140
156.3158
149.6835
160.0456
160.3682
153.7924
159.4921
157.7851
160.9311
159.4555
159.7321
156.7887
157.3497
154.0114
164.1705
160.1275
162.5861
152.4266
160.5909
158.1957
154.8027
152.5002
149.8223
155.4577
149.0923
147.2524
156.0439
155.4543
156.7379
156.7801
155.1543
155.9559
162.2486
157.4537
164.5647
165.3171
167.0060
163.6156
165.7566
169.9128
163.9862
159.3185
168.7311