82.9279
84.4684
80.7008
86.1960
85.1243
82.3405
83.6436
85.2539
87.5003
87.1195
81.6614
85.7625
84.7767
80.9518
81.8017
76.8118
77.4969
79.5555
78.0375
78.4268
76.1792
72.2417
77.1222
77.8487
76.7423
77.8307
78.5199
77.3197
79.8933
78.0271
82.2758
79.2247
81.6005
80.9928
81.9129
86.6960
86.1416
83.8752
87.4566
81.5368
83.3482
82.2283
83.6268
82.8108
78.1212
78.8990
77.6398
77.9390
77.5405
77.1980
73.9009
76.1056
75.9580
73.2204
73.3839
76.2745
79.8195
77.0086
79.4720
78.3429
82.5472
80.5643
82.9747
84.9102
86.6755
87.5110
85.2559
82.8044
82.6510
82.8752
85.7600
81.4646
83.9194
79.5007
82.5756
78.0603
76.1459
75.5676
76.9805
75.5096
74.3547
77.0124
75.5390
75.5431
78.1730
74.9993
78.6043
79.4887
78.2431
80.4069
78.4947
79.3574
83.1237
85.3907
86.9342
82.5347
85.3856
84.7890
81.8267
83.3529
81.6888
84.7046
80.9010
81.2108
77.9939
79.5723
76.5441
77.9855
77.4196
77.1588
74.9480
72.5303
73.4013
77.7247
73.5841
78.2392
77.2911
80.9431
76.4295
79.6561
78.6795
84.8051
79.9667
85.3652
86.2339
86.9675
82.4792
84.3713
83.3145
86.1305
83.3042
85.4028
80.1248
79.6224
77.8732
76.7769
80.1821
77.5393
76.5834
73.5396
77.3629
75.7597
74.1331
75.3242
75.0807
73.7401
75.5006
75.7062
77.0639
78.4397
80.5432
79.3316
85.3552
86.3844
84.2753
84.6908
83.9989
87.3729
83.9708
81.9973
85.3972
82.2774
80.4838
80.4630
77.5787
76.7523
80.6186
79.7979
76.7355
73.0286
73.6534
74.1463
76.9546
72.3371
72.9280
74.2982
77.9558
79.3567
79.8469
79.7055
81.3216
80.8116
84.4071
81.8495
85.4508
82.8563
84.1835
85.7263
86.4366
81.8169
86.2920
84.5932
81.9544
80.6547
79.6807
77.7985
78.0174
77.1257
78.1900
77.4389
76.1106
74.2990
76.8969
75.4417
74.7742
78.9183
79.3167
78.2673
79.6953
80.5223
79.2860
80.8412
82.7645
82.0987
86.3960
82.9239
83.3281
82.9969
83.1213
83.9443
82.5823
85.4792
81.6149
79.1485
82.4293
81.8389
77.5995
74.7278
74.8327
75.1222
75.8141
73.6007
75.6444
76.5120
74.0004
73.9888
75.8411
76.8790
78.5054
80.0471
78.5527
80.6086
84.7450
80.8910
86.9033
86.1373
84.9043
85.4438
83.1790
84.0832
86.4943
83.2198
82.1605
79.4291
79.9334
79.7048
79.0411
76.4342
75.4889
78.5978
72.4712
77.3384
77.5071
77.0218
73.2621
74.8555
76.0732
79.0447
76.7798
81.3274
78.6801
82.9562
82.9040
85.3900
85.6203
87.1776
87.3181
83.9776
85.9478
82.5170
80.8990
84.4034
82.0338
80.9191
82.4283
79.6196
78.6723
79.2177
78.1172
76.1302
73.3423
73.4670
77.3465
72.4168
75.6093
74.2918
79.9332
79.2425
78.9633
79.8265
78.3973
83.1255
80.1935
81.1444
84.4600
82.3357
86.8815
86.8779
86.0899
82.2293
84.6734
83.0505
84.8715
81.9335
81.8020
78.6832
77.5607
79.0130
73.7851
73.4689
73.2850
74.3730
77.0157
77.0649
73.0327
75.6798
77.2223
77.4671
79.9016
80.7678
79.7915
81.6236
80.0318
86.6201
82.3331
82.3926
84.2071
83.1613
84.6934
83.3671
86.4255
85.4609
79.3497
82.4667
78.6147
78.4975
78.2535
79.7175
75.7907
78.5682
74.0534
76.2340
76.0254
75.4795
76.8585
77.2834
75.1299
75.7344
81.9549
78.0267
78.2352
82.4009
85.2301
84.7308
82.4727
83.9688
84.7370
87.8624
82.6937
86.4633
84.5843
82.1966
80.1792
80.6091
79.8921
76.6841
78.5034
75.4182
75.5920
76.1678
73.7556
73.7700
75.7299
73.8364
77.6161
79.1803
78.4426
77.0296
79.4649
77.6466
83.4774
84.3116
84.8455
82.2801
84.8963
81.8904
84.5242
83.8489
82.7242
82.4027
83.2530
80.5043
82.6248
80.8651
81.1757
80.1598
78.7975
74.2627
73.6971
74.5875
75.4299
75.9541
74.4731
77.1646
76.9800
79.0962
77.2491
76.9172
76.5942
80.6658
82.7124
81.5744
80.4839
82.3146
82.2521
83.4413
84.6131
85.1355
84.4998
86.5824
83.8240
85.6007
82.8599
83.7857
78.4442
80.0172
76.7007
78.0919
77.4551
73.0778
73.7735
73.3716
76.0344
77.3111
74.7366
77.9674
78.1131
75.0066
79.5735
79.3206
83.5355
79.0406
82.7136
83.2618
84.0956
86.3762
83.9074
86.6810
84.5834
81.5447
81.7710
84.2695
81.8746
78.9559
79.0467
79.6048
76.1168
78.4916
74.7414
78.1744
73.8591
76.6204
73.1594
73.9697
73.2166
76.7415
78.1613
78.2459
78.5148
80.8667
81.9253
83.1078
83.7536
86.3868
82.5837
86.0110
83.3900
82.6890
85.3991
84.0310
83.4681
83.9106
83.6554
80.1409
80.9721
78.4574
80.0179
79.0586
74.8229
76.3506
83.2382
82.7718
84.7470
81.3334
82.0783
81.4996
87.2001
86.3396
86.3372
88.3359
88.8079
90.4176
90.7022
92.5420
91.9651
95.2175
90.7847
90.1074
89.9135
89.2117
90.6432
90.1292
88.7286
90.1206
88.2674
88.0923
88.0634
87.3975
81.9364
81.0031
83.9223
80.0903
82.6798
82.9268
85.3367
83.6934
83.9218
86.4949
87.9080
87.6203
87.6258
87.4337
90.9555
89.7886
89.0969
93.7849
90.9293
92.1270
93.3821
90.9855
92.6338
89.8072
90.6342
89.7638
87.1538
83.5779
84.4515
84.1069
82.4059
81.3522
84.6750
82.1069
84.8540
82.0918
84.7846
83.1650
86.4122
86.9968
85.7248
85.7961
90.2820
92.2295
89.4043
92.2433
91.4620
94.2563
94.0857
90.4761
94.4272
94.7694
91.3023
92.7446
90.0618
86.4681
85.6992
85.9022
86.9586
86.5146
85.5241
82.0810
82.9491
80.0671
80.1976
80.5625
84.2418
83.7553
82.6993
85.4364
84.3461
84.8298
90.6438
89.8970
93.0166
92.3957
92.3269
94.1477
94.7467
95.4061
89.2584
94.0228
91.8911
93.3786
89.6998
88.4167
89.3081
84.8275
85.4549
86.9662
84.2322
85.2409
84.1766
83.0433
81.0078
83.7432
80.6708
84.5400
85.5267
86.8448
88.8050
90.3938
90.1537
90.0224
93.0088
91.6963
88.9320
89.9804
94.6489
92.3784
94.3244
90.0866
91.5295
91.2182
86.7256
89.2278
86.6745
83.7576
85.4037
82.7161
81.5228
81.4028
80.6238
80.6618
79.7833
83.5559
81.8611
84.0159
85.7321
85.4610
86.6752
87.1711
86.2832
89.4758
92.5569
93.4593
90.4519
90.5061
92.8625
93.3145
91.7575
90.0660
93.9033
87.9314
87.1679
86.3918
85.4988
87.1862
85.9086
81.8735
86.3715
84.5418
84.1718
79.9078
84.6900
85.3511
86.0763
85.9379
86.2744
85.5466
84.5261
86.8915
86.3431
86.7190
93.0738
90.0236
90.6033
91.2529
92.2750
93.3618
89.4067
93.8834
91.5699
92.5635
88.6210
88.2157
84.8254
84.5231
86.4432
83.5460
86.1752
80.8788
85.6752
82.7673
83.7689
85.7417
81.8970
83.2714
84.3501
87.0501
88.3697
85.1013
86.6083
88.6915
87.7792
91.3470
90.8452
90.3093
90.7263
94.9035
93.3076
91.6409
93.6885
88.0630
91.0070
89.9572
87.8712
84.5656
86.0496
83.3607
81.5890
81.4455
85.1144
79.9561
80.9823
80.0672
82.8202
80.8640
86.9442
83.6463
84.0207
86.3442
88.2759
87.1437
93.4113
90.2083
90.6142
89.6276
91.2621
89.7507
92.2879
93.3987
92.0021
87.9783
87.0189
90.2030
89.9308
86.6631
83.1212
86.5159
82.8129
81.9337
84.2226
79.5894
79.8181
83.7522
83.7907
83.9409
85.9393
86.7098
88.1487
86.2279
89.6948
89.8737
89.8181
88.5853
93.5112
91.2808
93.1198
93.9201
89.8842
89.5975
91.5130
90.3503
91.8765
90.3333
88.9060
83.7684
82.9036
82.0922
85.5744
85.8279
83.8470
80.3199
83.8637
80.4068
80.8748
84.6286
83.5340
86.3892
87.9552
87.9991
89.9798
87.9426
91.8487
94.0393
94.0317
89.7727
91.6712
91.6878
93.3655
92.4178
92.9519
89.6448
87.7699
86.0596
89.1316
84.6945
84.7959
84.8717
82.1580
84.0215
82.6516
80.4385
84.2190
80.3484
81.9343
82.2085
84.7463
83.0153
85.8923
85.1291
86.2133
91.2403
89.1883
91.8369
94.6167
91.8502
93.6411
94.0212
91.8511
92.7631
88.8743
93.0415
87.6584
87.1366
89.2870
86.3861
87.0801
83.9371
82.4219
80.3933
83.7845
82.1048
82.2378
83.4039
80.5263
82.6791
86.1974
86.6449
84.2124
85.2809
86.0937
86.5806
89.9776
92.1492
93.1677
92.4425
90.1255
93.2632
90.0143
89.6359
88.8073
88.2911
87.5432
86.7171
86.4049
85.3590
83.7717
83.0673
86.1418
84.3892
83.0791
80.6340
80.7996
80.2088
85.6527
85.0246
84.9078
84.3469
84.4577
88.2350
91.4672
87.5563
88.9857
90.5965
89.2741
93.3599
91.8869
95.3696
91.6684
92.5542
89.1419
89.7270
87.5005
90.0882
89.7267
85.5651
86.5795
83.3260
83.9681
85.1644
83.3297
81.5393
81.3227
82.4603
82.7057
82.9419
84.9110
86.9216
86.0065
87.0761
86.2888
86.6803
89.1800
90.1208
92.7523
94.9969
95.0870
92.2199
90.6982
93.4135
92.7717
91.8828
90.9958
86.1751
88.5894
86.2400
83.7393
82.1522
85.7257
81.2199
80.7261
83.5233
84.8937
82.8441
84.3861
81.7058
87.2818
85.7116
87.5388
84.7194
90.3948
91.0254
88.1600
91.3660
90.7851
92.5340
91.8659
91.9632
90.3397
90.3624
88.3389
92.9810
90.4559
91.1352
85.4811
88.9870
87.2343
85.0254
83.4245
81.7156
84.2564
80.8994
79.9125
84.3487
84.1971
85.0756
85.4134
84.9806
85.8050
89.3968
87.4441
91.4209
92.1734
93.3293
91.8639
93.0693
95.1780
92.1364
89.6154
94.0306