12.42193
11.45399
11.45238
11.93796
11.61531
11.61531
10.32472
  11.212
12.74458
13.71252
13.71252
13.87385
 13.5512
12.74458
12.58326
12.26061
12.66392
12.66392
12.66392
12.09929
11.37333
 12.5026
12.74297
12.26061
12.42193
12.17833
11.77664
11.53465
10.97002
10.64737
10.48443
10.00208
9.839139
9.597153
9.840752
9.921414
9.598767
9.681042
10.40539
11.05068
11.05068
10.08274
9.277732
8.224288
7.420895
6.614276
6.452952
8.372706
8.227514
9.356781
9.034133
9.840752
9.840752
9.598767
 10.2118
10.32472
11.05068
11.69598
11.61531
11.57734
11.24588
 11.1275
10.65399
10.41724
11.06832
11.30507
11.48264
11.24588
10.83156
10.44683
10.71318
 10.7191
10.77237
 11.1275
11.24588
11.71939
12.60723
13.31157
13.02155
 12.6605
 12.7256
13.02155
 13.2879
13.37668
13.19911
13.43587
13.37668
13.37668
13.43587
13.37668
13.02155
13.08074
12.90317
12.54804
12.48885
12.42966
12.66641
 12.7256
12.60723
12.60723
12.29944
12.37047
12.07453
 12.7256
13.02155
 12.7256
12.31128
 12.1929
 11.6602
11.58918
11.60102
 11.1275
 11.1275
11.27548
10.80197
10.71318
10.71318
10.65399
10.41724
10.86115
11.18669
10.94994
10.65399
10.56521
10.64807
10.77237
11.36426
12.07453
12.13371
11.77858
12.42966
12.31128
12.37047
12.16331
11.83777
 11.6602
11.71939
11.89696
11.89696
11.98574
11.95615
12.00942
11.83777
11.71347
 11.6602
11.89696
12.13371
12.60723
13.31749
 13.2583
13.31749
13.43587
13.29974
12.78479
12.90317
13.13993
12.78479
 12.7256
12.84398
13.00971
13.31749
 13.2583
13.31749
13.49506
12.96236
12.45925
 12.7256
13.31749
13.31157
13.08074
12.78479
12.78479
12.96236
12.84398
12.78479
13.19911
13.52465
  13.791
14.02184
13.73181
13.55425
13.37668
12.90317
 12.7256
12.54804
12.48885
12.60723
12.13371
12.04493
12.10412
12.10412
12.40006
 12.4612
12.63837
12.78602
12.93366
13.05178
13.22895
13.22895
13.37659
13.87859
13.43565
13.47109
13.08131
12.40214
 12.4612
12.10685
12.16591
11.81747
12.22497
12.22497
12.04779
12.22497
12.04779
11.51037
10.98475
10.86664
11.81156
11.98874
 11.7525
12.18953
12.40214
12.63837
12.10685
12.10685
11.87062
12.16591
12.63837
12.57931
12.69152
12.80964
12.40214
12.52026
12.40214
12.28403
12.57931
12.80964
12.40214
12.40214
12.10685
12.13638
12.81555
12.81555
12.93366
12.96319
12.72696
12.69743
12.69743
13.04587
13.64235
13.76047
 13.5833
13.64235
13.51833
13.46518
13.76047
13.93174
14.14435
 13.9967
 14.2034
14.23293
14.35105
14.17388
14.26246
13.96717
13.96717
14.08529
 13.9967
14.10891
14.41011
14.94163
15.76844
15.76844
15.59126
15.70938
16.35901
16.47713
16.53619
17.09724
16.83148
16.71336
15.94561
15.94561
15.91608
16.06373
16.06373
15.94561
 15.9397
14.76445
15.41409
15.59126
15.76844
15.23692
14.23293
14.11482
14.35105
14.46916
14.82351
15.34913
15.35503
15.70938
15.47315
15.69757
16.29996
 16.6543
 16.2468
16.29996
16.71336
16.27633
16.35901
16.41807
16.35901
16.41807
15.94561
15.35503
15.41409
14.76445
15.05384
15.05974
14.82351
14.55775
14.46916
14.52822
14.29199
14.23293
14.05576
14.82351
15.14833
15.20739
  15.361
15.67436
15.76038
15.85255
15.94471
16.22121
16.77421
16.52843
16.58988
16.55915
16.58988
16.46084
16.65132
17.17359
17.01998
17.01998
16.65132
16.77421
16.65132
 16.6206
16.15362
16.03688
16.25193
15.91399
16.09832
16.22121
15.91399
16.03688
16.03688
16.22121
15.97544
 16.2888
17.08143
17.11215
16.95854
 16.8971
17.78803
18.12598
17.97237
18.37175
17.51154
16.40554
16.71276
 16.8971
16.83565
17.38865
17.01998
16.95854
17.05071
17.54226
 17.8802
18.09525
17.63442
17.05071
16.95854
16.95854
17.38865
17.26576
17.08143
16.83565
16.65132
16.52843
16.58988
17.14287
17.08143
17.48081
17.78803
17.81876
18.07068
18.21814
18.40247
18.37175
18.49464
 18.4332
18.74042
19.63135
19.66208
 19.4163
19.04764
 18.4332
18.40247
18.21814
18.06453
18.24886
18.80186
18.74042
18.80186
18.98619
19.04149
19.47774
19.47774
19.35486
 19.4163
19.04764
18.92475
18.80186
18.98619
19.04764
19.10908
19.15824
19.35486
19.16438
18.92475
18.80186
  18.808
 18.8633
 18.8633
18.74042
18.74656
19.10908
19.53919
19.78496
20.15363
20.21507
20.82951
20.89096
21.13673
20.89096
20.76807
20.33796
 20.3994
20.31338
20.09218
20.27652
20.89096
20.58374
20.03074
20.28266
20.21507
20.09218
19.96315
20.27652
20.76807
20.76807
20.82337
20.76807
20.82951
20.52229
20.46085
20.79879
20.76807
 20.3994
19.66208
19.04764
 19.4163
19.84641
19.66208
19.84641
20.27652
20.46085
20.27652
20.36868
20.58374
22.54994
22.05839
21.38865
21.38251
20.58374
 20.3994
20.27652
20.27652
20.09218
20.89096
21.01384
21.44395
21.32106
21.32106
21.38251
21.13673
21.75117
21.75117
 20.8971
21.41323
22.12598
23.84027
24.51615
24.70048
24.70048
24.82337
26.11369
27.40402
26.60525
 26.5438
26.42091
 26.5438
26.48236
27.34257
27.40402
27.21969
26.97391
26.41477
26.48236
26.97391
26.97391
 27.0968
27.15824
27.77268
29.24734
30.10755
29.80033
28.82337
29.49311
29.12445
28.81723
 28.6329
 28.3564
28.63904
28.57145
27.95701
26.66669
26.02153
27.02921
27.40402
27.87714
28.20279
28.26423
  29.616
30.72199
29.18589
29.43167
29.49311
29.06301
28.26423
27.34257
27.71124
28.01846
27.83413
28.14135
27.64979
26.78958
26.85102
27.77268
27.95701
 28.6329
  29.616
  29.616
 29.6713
29.73889
29.43167
28.87867
28.87867
29.05686
28.57145
27.77268
28.51001
28.69434
28.87867
28.94012
29.11831
29.48697
29.79419
 29.8632
29.11035
29.17308
29.17308
29.67499
30.11415
30.17689
30.17689
29.11035
29.23582
28.98487
28.98487
28.67118
29.67499
29.80046
29.98868
30.99248
30.61605
29.80046
30.74153
31.74534
32.93735
33.87842
34.44306
33.87842
34.06663
34.38032
34.81949
35.07044
36.07424
35.57234
 34.5058
 34.5058
34.25485
33.87842
33.87842
34.19211
35.76056
35.76056
34.63127
34.81949
35.44687
35.13318
35.13318
35.44687
34.94496
35.32139
35.32139
37.64269
38.89745
38.57748
34.51835
36.63888
 34.5058
31.99629
32.62366
35.32139
36.39421
 37.8309
38.27634
38.89745
38.89745
38.27007
38.27007
36.38793
 35.5096
 35.5096
 36.8271
35.76056
35.13318
34.69401
34.81949
35.43432
35.35276
34.19838
34.19211
33.87842
32.12176
31.69515
32.30998
32.99382
 34.5058
34.63127
33.25104
30.74153
27.99989
 29.4805
30.74153
32.05902
 34.0039
34.88223
35.75428
34.81949
33.43926
34.81949
33.94116
35.13945
36.13698
36.63888
37.20353
37.33527
36.38793
 35.7982
35.13318
36.51341
37.57995
38.39554
38.27007
38.27007
37.64269
38.26379
37.39174
37.01531
37.65524
37.51721
37.61759
37.64269
38.45201
37.51721
37.95638
37.89364
38.39554
38.25125
  35.152
33.89097
30.42784
32.61112
31.36891
26.97726
27.60464
29.92594
31.99629
31.05522
29.48677
26.97726
27.61091
26.66357
23.21299
23.21299
25.09513
 28.0438
28.23202
28.73392
 29.4805
 31.6826
30.45921
31.24343
33.56473
34.81949
33.56473
33.69021
33.12557
33.25104
32.93735
31.99629
31.24343
30.86701
29.80046
 28.8594
29.48677
 30.7478
30.42784
29.80046
28.54571
27.29095
27.91833
28.62814
28.62814
 29.9005
30.53668
30.84841
30.84841
32.12713
32.43886
30.53668
29.25796
28.31005
26.52874
 26.7196
28.93987
28.62814
27.35578
28.11919
29.39155
28.62814
27.67387
 28.5009
27.29216
27.03769
26.97407
27.67387
28.31005
28.24643
28.94623
29.25796
29.83688
30.79115
30.53032
30.53668
30.53668
30.21859
29.39155
29.57605
28.62814
29.77326
29.58241
29.26432
29.58241
30.21859
30.34583
30.85477
31.79632
31.80904
31.49095
32.12713
 33.0814
 33.0814
32.44522
 33.0814
32.95417
33.71758
33.20864
35.61977
35.94422
 36.5804
 36.5804
36.57404
35.94422
36.26231
34.36013
34.09929
34.16291
35.11718
35.62613
36.38954
34.98995
36.26231
35.94422
36.27503
37.21658
 36.5804
36.26231
35.75336
36.77125
36.90485
35.62613
 35.1808
35.30804
33.52673
34.36013
34.35377
35.30804
36.15082
36.55072
35.99086
35.99086
34.55123
33.51149
32.07186
31.59198
30.87216
31.59198
29.27257
29.19259
29.59248
28.40079
28.39279
28.79269
26.71322
27.67297
30.49626
30.39228
28.79269
31.19208
30.39228
31.19208
31.19208
30.40028
29.19259
27.35305
 26.7932
 25.2016
25.27358
28.15285
27.35305
27.98489
27.19309
29.35255
29.59248
28.63273
28.39279
28.39279
28.79269
29.99238
29.75244
30.79218
30.39228
31.19208
32.39177
32.39177
33.75143
34.55123
34.39127
34.79116
35.75092
36.47074
35.19106
34.39127
33.35153
32.39177
32.95163
31.99188
31.19208
31.19208
31.99987
31.59198
31.03212
29.19259
29.99238
28.95265
27.83293
 27.1771
25.91342
24.23385
 25.5935
 26.7932
25.75346
 25.5935
 24.7937
22.79421
21.98642
20.79472
20.55478
19.75498
17.59553
17.59553
17.59553
20.27648
20.20041
18.59452
 17.6648
16.90411
 15.6363
11.84133
13.86137
15.46726
19.86233
19.86233
19.86233
21.29918
20.70754
20.36946
 23.8348
23.24315
22.14439
23.07411
22.98959
 21.8063
19.86233
 20.9611
19.43973
20.28493
20.03137
19.86233
21.95844
22.39795
21.55274
23.32767
23.07411
22.48247
23.24315
22.82055
23.64885
22.48247
19.86233
18.67904
18.96359
18.78962
20.18144
22.18219
23.92196
24.35691
24.53089
24.35691
23.22605
22.61713
21.74724
21.74724
23.22605
24.35691
25.92271
 24.4526
25.05282
 26.7926
26.09669
27.40152
27.48851
28.27141
26.44464
 25.2268
24.70487
22.18219
21.13832
22.18219
22.00821
22.61713
23.03468
21.92122
20.00746
20.87735
19.57252
19.57252
19.31155
20.61638
21.44673
21.53609
21.53609
20.10631
19.74886
20.55312
20.55312
 19.2127
 19.6595
20.81227
19.74886
 19.2127
17.87228
17.15738
14.65527
13.04676
 16.9876
18.31908
 19.6595
 19.2127
 19.2127
18.94461
18.94461
 19.2127
20.10631
20.99992
 23.1446
24.12757
24.39566
25.02119
23.32332
22.16162
23.05524
23.05524
23.68077
24.57438
24.12757
23.23396
23.77013
24.21693
23.77013
23.51992
23.94885
23.41268
23.94885
 24.7531
24.84246
25.46799
26.09352
26.80841
27.16586
26.54033
27.56799
26.71905
25.89693
27.70203
29.04245
28.77436
31.18712
30.47223
28.86373
27.70203
27.70203
28.60458
30.20415
31.81265
34.85094
34.27009
35.82498
37.89816
38.82752
35.28881
35.28881
36.19136
 36.0037
36.01264
 37.7105
38.15731
36.63817
35.83391
36.20029
35.20838
33.07265
 32.1701
35.66551
35.36907
37.05508
37.79618
 36.1287
38.02777
37.51827
38.44464
39.37102
38.16673
36.17502
37.05508
37.25888
36.59189
36.68453
37.24035
36.78643
35.20232
33.72012
31.32081
34.26668
33.34957
33.54411
34.27595
34.46122
34.25742
 35.3876
33.34957
32.60847
32.09896
33.34957
 34.5446
34.83177
34.84104
36.31398
36.49925
37.87955
36.77717
35.39686
 33.9054
33.45147
33.07166
32.88638
33.62748
34.28521
35.19306
34.92441
34.97073
33.83129
33.08092
31.96001
31.96001
31.49682
  31.117
31.12627
 31.2189
32.14528
 33.1643
32.42319
31.58945
31.68209
31.31154
29.65333
28.90296
28.90296
29.64406
28.71769
 27.5134
26.98536
27.32812
 28.2545
27.70794
 28.2545
27.05021
27.69867
27.42076
27.97658
27.69867
27.05021
26.21647
26.58702
27.79131
27.79131
28.20818
 28.4583
29.08824
27.88395
 27.5134
27.42076
28.26376
28.90296
29.64406
28.90296
 29.1994
29.45879
29.41247
30.20915
 30.7094
29.64406
27.79131
  28.764
 29.0975
28.91223
30.29253
30.57044
30.94099
29.54216
27.79131
27.79131
26.86493
26.30911
26.21647
26.12383
26.48512
26.86493
28.43977
28.19891
27.14285
27.09653
 26.8742
 26.9761
27.52266
27.79131
27.79131
25.76254
25.11408
26.30911
26.30911
25.70696
25.75328
26.12383
26.85567
28.07849
29.29204
29.64406
29.92198
 31.2189
30.01461
29.92198
30.10725
29.45879
29.87566
30.30179
30.19989
30.01461
30.38516
31.51534
32.65479
34.27595
33.49779
33.15503
33.53485
32.60847
32.51583
31.96001
32.05264
31.76547
31.62651
31.22817
30.90394
29.36615
30.94099
30.94099
32.60847
33.54433
33.54433
34.11937
34.11937
 34.4069
34.39731
36.03619
38.81558
38.81558
38.33637
 35.5474
35.46115
35.93077
36.03619
35.17362
33.44849
 32.7776
33.68809
35.36531
35.36531
34.79026
34.79026
34.30147
33.06512
32.82552
32.82552
32.49008
31.33999
30.57326
29.51901
29.99821
29.80653
29.50942
29.42317
29.79695
31.33999
31.86711
32.58592
31.36874
29.90237
 30.1899
30.52534
30.09405
29.61485
 30.1899
29.59568
30.04613
29.43275
29.23149
28.75228
 27.8993
27.98555
26.73962
28.17724
28.08139
 28.5606
29.29857
28.88646
28.26349
28.76187
29.81612
 30.1899
29.61485
30.41033
29.71069
 28.9823
29.47109
29.25065
29.61485
29.51901
29.24107
29.21232
27.90888
26.42335
26.44251
27.02714
28.17724
27.02714
26.56711
26.54794
25.49369
23.95065
24.31964
24.31964
24.18235
25.10415
24.51577
25.10415
25.20221
24.61383
26.96735
26.38877
25.88865
 25.9573
 27.3596
27.44785
26.10439
25.89846
25.97691
 25.4964
27.06541
27.75185
26.77122
26.31032
25.69253
24.73151
24.51577
 25.4964
25.98671
27.06541
27.70282
28.83054
27.55572
27.45766
 27.3694
27.45766
27.45766
28.28139
28.69326
28.64422
28.43829
28.73248
28.43829
 29.8504
29.90924
32.16469
31.77244
32.36081
32.75307
31.38018
32.35101
 31.8705
30.89968
    31.5
    32.1
   33.13
    33.9
    35.5
    35.4
    35.4
    33.9
   33.18
    32.1
   32.78
   34.05
    34.4
    33.1
    33.9
   34.98
   35.02
      35
   35.07
   34.98
    33.4
   33.45
      33
    32.2
    33.6
    33.1
      33
    32.6
    31.9
    32.5
   34.49
   35.31
    34.9
    33.8
    34.4
    33.7
   33.31
    34.4
   34.89
    34.2
   34.94
   34.02
    33.4
   33.35
    32.6
   33.75
   34.05
    33.3
   33.85
   33.85
   33.89
    33.1
   33.69
   32.87
      32
    30.5
   31.31
   30.75
      32
      32
   31.17
      31
    30.7
   31.15
   30.55
    29.7
   30.41
    31.4
   32.41
    31.3
   30.68
    30.3
      30
    29.8
    29.2
    29.2
   28.28
   28.71
   27.51
    26.3
   25.83
    25.9
   27.69
   28.49
   29.55
   28.98
    28.5
   27.79
   28.95
   28.65
   28.01
      28
    29.7
      29
    28.8
      28
      27
    27.7
    28.2
    27.1
   27.05
    26.9
   25.72
      26
    25.7
    25.2
   25.25
    25.2
   26.29
    26.5
    28.3
    29.3
   28.51
   27.92
    28.5
   28.05
   28.05
      29
    29.7
    28.5
    28.5
    28.2
    28.6
    28.9