1504625
1755036
2796469
3529447
4693559
5295200
4573559
5507447
4294718
4640131
5332793
4072714
4582523
5105837
6314541
4352353
5545325
5709820
5962525
6289584
5822695
6599388
6670783
6371721
5801763
6513061
7279287
6337838
7363865
7526295
7115694
7890715
7880507
8192979
9390993
7865081
7952976
7414876
6665557
6901727
8904125
9233885
9083007
9430617
8549248
8847079
10384502
9811570
11511381
9848426
10095264
9784252
11482468
11137238
11709587
9743539
10703844
9929121
10955926
11733511
8386051
7024190
11444371
10655600
13327746
13956381
15831718
17826266
18514173
18789731
20008771
18195019
15780710
15497414
20496737
17539618
17950596
18746758
21771582
19669846
21088316
21308329
22197392
21461895
18517459
19773192
20631229
18727281
20658082
20405200
20125505
21117532
21889381
21832698
24351046
22415448
19449941
19934835
22791027
18638324
22605670
22765876
20790184
24691880
22227387
25903835
29681809
26847857
29881467
26478464
27613362
25902594
29742270
29041537
31061472
31408601
33240202
33546955
31288931
30784768
28415015
24215383
27064785
26213586
29828294
29213016
30730331
30997616
31448294
32010077
31740613
32247192
29227373
26793237
34096516
25641205
31327503
38900564
35586054
34740921
35738793
34613626
36269870
35988674
31472968
32510605
36466199
29333019
34181730
36241738
35025463
37796808
38783786
34540140
34041012
35191246
34540380
36157571
38755550
33240932
41565695
37990147
37925695
36832147
34903390
39329720
38918661
35082829
34887175
32110935
35216413
30439489
34355691
30790096
33355549
35414142
35075882
39007641
38824906
33686021
35421767
30112622
33460548
30460605
35986981
30377721
32566580