114.13
110.79
116.46
111.57
120.66
121.15
121.27
127.02
129.04
133.3
130.6
179.39
120.64
114.05
130.6
118.26
145.54
135.13
153.35
159.95
150.01
164.93
170.37
220.96
134.26
133.11
147.84
164.46
181.86
170.44
186.64
174.21
181.62
194.16
181.9
232.01
140.16
130.78
119.04
120.73
129.81
111.04
122.75
133.95
125.41
132.05
129.54
176.37
110.09
113.25
124.03
110.63
116.72
124.63
124.38
130.27
119.87
115.75
122.44
162.43
105.89
115.59
147
131.7
131.32
136.66
126.43
134.88
128.26
125.32
124.61
166.11
116.25
96.93
89.27
101.87
125.57
113.31
109.39
127.33
120.56
117.73
113.81
147.25
100.15
95.11
112.26
109.39
114.2
113.8
126.47
128.36
115.71
116.09
99.53
127.27
87.08
85.67
82.02
98.2
96.44
90.23
97.15
95.08
94
93
96.09
129.21
75.39
77.7
97.34
84.97
87.55
86.64
90.52
95.4
95.2
95.8
101.23
128.49
85.63
82.77
96.55
81.33
96.91
83.76
90.19
114.84
108.4
106.05
109.71
143.86
99.12
99.28
114.75
106.13
110.02
108.07
112.52
113.87
107.84
112.12
112.03
139.37
92.24
93.56
107.37
102.89
114.78
102.88
118.41
119.23
117.36
122.06