0.6807
1.3292
1.9159
2.4156
2.8099
3.0882
3.2482
3.2963
3.2460
3.1174
2.9346
2.7239
2.5110
2.3193
2.1674
2.0680
2.0264
2.0410
2.1029
2.1977
2.3066
2.4087
2.4829
2.5104
2.4765
2.3724
2.1962
1.9530
1.6553
1.3214
0.9746
0.6405
0.3452
0.1129
-0.0364
-0.0888
-0.0378
0.1149
0.3591
0.6772
1.0448
1.4334
1.8118
2.1492
2.4174
2.5927
2.6586
2.6060
2.4347
2.1527
1.7758
1.3258
0.8289
0.3131
-0.1937
-0.6665
-1.0850
-1.4351
-1.7097
-1.9095
-2.0421
-2.1209
-2.1642
-2.1923
-2.2258
-2.2834
-2.3797
-2.5239
-2.7183
-2.9580
-3.2314
-3.5207
-3.8038
-4.0558
-4.2517
-4.3682
-4.3865
-4.2936
-4.0842
-3.7611
-3.3352
-2.8254
-2.2565
-1.6582
-1.0622
-0.5000
-0.0004
0.4124
0.7214
0.9172
0.9990
0.9747
0.8595
0.6751
0.4472
0.2034
-0.0288
-0.2250
-0.3654
-0.4365
-0.4321
-0.3537
-0.2097
-0.0148
0.2118
0.4485
0.6734
0.8664
1.0114
1.0979
1.1221
1.0873
1.0037
0.8876
0.7599
0.6440
0.5639
0.5417
0.5954
0.7371
0.9717
1.2959
1.6985
2.1607
2.6578
3.1606
3.6380
4.0592
4.3962
4.6263
4.7334
4.7096
4.5557
4.2811
3.9028
3.4441
2.9324
2.3973
1.8678
1.3700
0.9254
0.5490
0.2484
0.0237
-0.1326
-0.2338
-0.2981
-0.3463
-0.3995
-0.4772
-0.5949
-0.7625
-0.9836
-1.2546
-1.5649
-1.8981
-2.2332
-2.5464
-2.8136
-3.0126
-3.1252
-3.1389
-3.0486
-2.8572
-2.5754
-2.2216
-1.8199
-1.3991
-0.9895
-0.6214
-0.3219
-0.1131
-0.0105
-0.0212
-0.1439
-0.3685
-0.6776
-1.0476
-1.4507
-1.8572
-2.2381
-2.5674
-2.8239
-2.9932
-3.0682
-3.0499
-2.9465
-2.7727
-2.5479
-2.2945
-2.0353
-1.7913
-1.5800
-1.4132
-1.2965
-1.2283
-1.2000
-1.1972
-1.2009
-1.1892
-1.1399
-1.0324
-0.8502
-0.5822
-0.2247
0.2184
0.7352
1.3066
1.9078
2.5096
3.0813
3.5925
4.0160
4.3297
4.5186
4.5759
4.5032
4.3110
4.0174
3.6465
3.2268
2.7884
2.3608
1.9708
1.6399
1.3830
1.2076
1.1132
1.0916
1.1285
1.2046
1.2978
1.3853
1.4463
1.4633
1.4246
1.3248
1.1657
0.9560
0.7104
0.4485
0.1924
-0.0350
-0.2124
-0.3225
-0.3532
-0.2998
-0.1650
0.0407
0.2997
0.5884
0.8796
1.1441
1.3533
1.4819
1.5095
1.4229
1.2169
0.8952
0.4698
-0.0398
-0.6080
-1.2049
-1.7994
-2.3609
-2.8620
-3.2805
-3.6011
-3.8160
-3.9260
-3.9391
-3.8703
-3.7393
-3.5691
-3.3831
-3.2033
-3.0483
-2.9311
-2.8582
-2.8294
-2.8372
-2.8683
-2.9047
-2.9254
-2.9090
-2.8354
-2.6884
-2.4573
-2.1382
-1.7348
-1.2584
-0.7276
-0.1663
0.3975
0.9339
1.4142
1.8123
2.1076
2.2866
2.3437
2.2820
2.1133
1.8567
1.5373
1.1842
0.8282
0.4991
0.2235
0.0229
-0.0885
-0.1038
-0.0248
0.1393
0.3725
0.6538
0.9592
1.2640
1.5450
1.7828
1.9631
2.0786
2.1288
2.1203
2.0660
1.9835
1.8934
1.8174
1.7755
1.7844
1.8553
1.9928
2.1942
2.4491
2.7404
3.0456
3.3380
3.5897
3.7736
3.8655
3.8467
3.7055
3.4384
3.0503
2.5548
1.9730
1.3315
0.6612
-0.0057
-0.6380
-1.2078
-1.6926
-2.0771
-2.3537
-2.5234
-2.5949
-2.5838
-2.5108
-2.3997
-2.2751
-2.1602
-2.0744
-2.0319
-2.0404
-2.1004
-2.2053
-2.3425
-2.4943
-2.6401
-2.7583
-2.8288
-2.8349
-2.7651
-2.6145
-2.3858
-2.0889
-1.7406
-1.3633
-0.9832
-0.6278
-0.3242
-0.0962
0.0376
0.0655
-0.0161
-0.2022
-0.4796
-0.8278
-1.2205
-1.6278
-2.0182
-2.3615
-2.6311
-2.8059
-2.8719
-2.8232
-2.6626
-2.4005
-2.0545
-1.6471
-1.2041
-0.7523
-0.3165
0.0816
0.4260
0.7073
0.9234
1.0790
1.1857
1.2596
1.3204
1.3887
1.4838
1.6220
1.8143
2.0655
2.3729
2.7267
3.1105
3.5022
3.8765
4.2063
4.4654
4.6309
4.6850
4.6170
4.4244
4.1128
3.6966
3.1971
2.6415
2.0606
1.4864
0.9499
0.4783
0.0933
-0.1908
-0.3675
-0.4392
-0.4161
-0.3154
-0.1593
0.0266
0.2161
0.3844
0.5105
0.5788
0.5804
0.5138
0.3846
0.2049
-0.0079
-0.2334
-0.4498
-0.6363
-0.7756
-0.8551
-0.8687
-0.8175
-0.7097
-0.5602
-0.3894
-0.2213
-0.0813
0.0058
0.0183
-0.0601
-0.2392
-0.5206
-0.8977
-1.3557
-1.8728
-2.4215
-2.9711
-3.4897
-3.9467
-4.3155
-4.5750
-4.7120
-4.7211
-4.6059
-4.3779
-4.0557
-3.6633
-3.2278
-2.7770
-2.3374
-1.9317
-1.5771
-1.2842
-1.0560
-0.8884
-0.7705
-0.6864
-0.6168
-0.5408
-0.4389
-0.2943
-0.0953
0.1636
0.4808
0.8477
1.2489
1.6638
2.0681
2.4361
2.7427
2.9661
3.0896
3.1033
3.0051
2.8014
2.5064
2.1415
1.7335
1.3128
0.9104
0.5562
0.2762
0.0905
0.0117
0.0442
0.1838
0.4181
0.7277
1.0883
1.4721
1.8507
2.1974
2.4894
2.7093
2.8468
2.8991
2.8709
2.7737
2.6242
2.4428
2.2515
2.0713
1.9205
1.8123
1.7541
1.7461
1.7815
1.8471
1.9242
1.9905
2.0223
1.9965
1.8932
1.6974