15.0000
3.9975
1.6070
12.6304
15.0034
13.4191
4.9272
0.4439
8.1325
13.0015
14.0535
6.9780
0.0403
-2.1975
-5.9013
-0.4942
-10.0346
-13.9555
-13.5923
-5.6563
-0.1299
-1.1656
-18.4053
-16.6119
-8.7257
-0.3534
-4.1546
-11.7940
-14.7968
-9.9760
-1.3230
-7.3374
-9.2827
-14.2978
-11.6888
-3.0026
-2.5980
-10.0084
-14.1134
-13.3002
-5.1306
-0.3229
-5.8333
-12.8293
-14.1567
-7.2934
-0.0884
1.2373
8.4360
0.4735
9.4797
13.7054
13.7015
5.9569
0.0627
-0.7695
-7.1822
-0.8129
-13.4403
-15.3408
-13.4026
-4.7637
-0.5504
-9.6582
-13.3947
-14.0826
-6.8101
-0.0218
2.5039
5.1028
0.7610
12.4720
14.7676
13.7651
5.5527
0.1680
2.2548
15.9745
15.5057
8.0955
0.2146
1.5170
16.4258
16.4775
10.4615
1.3660
7.3707
9.4598
14.3428
11.5346
2.8242
2.9575
9.5783
14.0639
13.1373
4.9106
0.4342
7.8929
12.9171
14.0817
7.0844
0.0543
-1.9325
-6.6231
-0.3942
-8.4851
-13.5814
-13.5250
-5.7216
-0.1106
-0.5992
-16.7277
-15.9571
-8.5573
-0.3452
-3.9268
-11.8896
-14.8510
-10.0952
-1.4019
-7.1068
-9.1778
-14.2704
-11.7689
-3.0987
-2.4185
-10.2662
-14.1492
-13.3894
-5.2499
-0.2709
-4.7094
-13.1264
-14.3167
-7.4507
-0.1139
0.6914
7.7136
0.3478
7.4054
13.3334
13.6339
6.0236
0.0514
-1.1489
-7.7350
-0.8080
-13.3242
-15.2728
-13.4555
-4.8666
-0.4851
-8.7848
-13.1549
-14.0563
-6.8953
-0.0306
2.3689
5.4546
0.6173
11.4276
14.3888
13.6926
5.6148
0.1452
1.6192
17.5080
16.1882
8.4671
0.2900
3.0300
13.0550
15.2052
10.0492
1.3008
7.4367
9.3712
14.3205
11.6176
2.9190
2.7620
9.7983
14.0875
13.2234
5.0273
0.3727
6.8127
12.7969
14.0964
7.1861
0.0708
-1.6030
-7.5565
-0.3898
-8.3142
-13.5143
-13.5707
-5.8289
-0.0861
0.1005
-2.8040
-15.4638
-8.4582
-0.3518
-3.9634
-11.7772
-14.8362
-10.1874
-1.4755
-6.8727
-9.0791
-14.2435
-11.8486
-3.1959
-2.2470
-10.5405
-14.1912
-13.4799
-5.3705
-0.2238
-3.6087
-13.8720
-14.6424
-7.6723
-0.1495
-0.0856
-6.4168
-13.7366
-9.3033
-1.0363
-7.8402
-9.5829
-14.3721
-11.4651
-2.7431
-3.1335
-9.4079
-14.0494
-13.0633
-4.8097
-0.4924
-8.7812
-13.1016
-14.0963
-7.0059
-0.0422
2.1613
5.9952
0.4760
9.7851
13.8877
13.5759
5.6613
0.1280
1.1084
18.4485
16.6365
8.7479
0.3601
4.2634
11.7086
14.7722
9.9786
1.3296
7.3165
9.2699
14.2945
11.6988
3.0144
2.5754
10.0392
14.1175
13.3112
5.1453
0.3162
5.6944
12.8484
14.1702
7.3104
0.0912
-1.1785
-8.5275
-0.4851
-9.6201
-13.7332
-13.7203
-5.9751
-0.0597
0.8559
7.5007
0.8266
13.4754
15.3504
13.4163
4.7790
0.5409
9.5423
13.3609
14.0778
6.8200
0.0227
-2.4905
-5.1386
-0.7440
-12.3759
-14.7304
-13.7598
-5.5617
-0.1648
-2.1668
-16.1698
-15.5910
-8.1414
-0.2232
-1.6982
-15.9499
-16.2877
-10.3962
-1.3535
-7.3889
-9.4495
-14.3402
-11.5449
-2.8358
-2.9329
-9.6042
-14.0665
-13.1478
-4.9250
-0.4263
-7.7628
-12.8958
-14.0813
-7.0961
-0.0561
1.8961
6.7257
0.3876
8.3649
13.5571
13.5248
5.7327
0.1077
0.5185
15.8729
15.6152
8.4324
0.3271
3.5829
12.2021
14.9573
10.1486
1.4220
7.0535
9.1646
14.2669
11.7787
3.1106
2.3970
10.2991
14.1541
13.4005
5.2647
0.2648
4.5717
13.1896
14.3460
7.4738
0.1177
-0.6109
-7.1100
-0.3030
-6.5514
-13.3148
-13.6355
-6.0355
-0.0496
1.2042
7.6775
0.7968
13.2693
15.2497
13.4562
4.8772
0.4783
8.6830
13.1297
14.0546
6.9065
0.0318
-2.3479
-5.5088
-0.5993
-11.2549
-14.3307
-13.6795
-5.6209
-0.1429
-1.5518
-17.6733
-16.2638
-8.5099
-0.2996
-3.2106
-12.7930
-15.1158
-10.0263
-1.3006
-7.4292
-9.3592
-14.3175
-11.6277
-2.9307
-2.7385
-9.8269
-14.0908
-13.2342
-5.0417
-0.3654
-6.6761
-12.7921
-14.1016
-7.2000
-0.0731
1.5564
7.6852
0.3977
8.4304
13.5277
13.5841
5.8451
0.0829
-0.1932
0.5816
17.3133
9.2243
0.5016
6.2211
10.8830
14.5621
10.0937
1.4569
6.9096
9.0677
14.2402
11.8585
3.2080
2.2263
10.5753
14.1968
13.4912
5.3855
0.2183
3.4759
14.0073
14.6994
7.7063
0.1550
0.2061
9.2843
14.0320
9.4255
1.0691
7.8284
9.5701
14.3691
11.4753
2.7546
3.1081
9.4311
14.0512
13.0737
4.8238
0.4839
8.6603
13.0727
14.0932
7.0165
0.0438
-2.1321
-6.0735
-0.4615
-9.5749
-13.8322
-13.5641
-5.6681
-0.1258
-1.0430
-18.4630
-16.6488
-8.7650
-0.3659
-4.3552
-11.6392
-14.7528
-9.9832
-1.3366
-7.2944
-9.2570
-14.2912
-11.7087
-3.0262
-2.5529
-10.0703
-14.1217
-13.3221
-5.1600
-0.3096
-5.5554
-12.8718
-14.1853
-7.3280
-0.0941
1.1176
8.5965
0.4933
9.7136
13.7506
13.7352
5.9919
0.0571
-0.9351
-7.6701
-0.8358
-13.4925
-15.3535
-13.4274
-4.7933
-0.5319
-9.4293
-13.3285
-14.0735
-6.8301
-0.0237
2.4762
5.1764
0.7267
12.2713
14.6906
13.7535
5.5703
0.1617
2.0816
16.3661
15.6772
8.1879
0.2321
1.8829
15.4575
16.0940