201.80
203.40
206.10
213.60
223.40
209.10
209.40
216.90
226.40
225.00
227.60
235.40
248.80
252.10
248.50
259.10
249.70
242.60
257.90
270.30
271.20
262.40
261.30
269.20
270.70
260.10
269.50
257.60
262.90
274.30
279.60
275.00
270.60
269.20
283.70
291.90
289.80
284.30
279.90
274.80
272.30
268.30
275.40
261.20
264.00
275.80
281.40
280.90
292.40
294.50
303.50
319.30
327.50
333.50
347.90
335.80
360.50
352.10
386.80
404.40
408.80
411.90
409.70
425.70
424.90
451.40
465.90
468.20
466.60
454.90
483.30
488.40
470.70
483.70
511.80
516.10
478.10
492.80
517.80
502.00
475.30
479.90
472.80
499.50
479.20
464.60
474.80
494.40
504.90
503.30
508.50
484.40
456.30
441.00
449.90
435.70
450.00
439.90
446.80
455.90
462.70
478.20
503.00
508.60
532.10
543.20
557.50
583.70
594.00
603.50
601.70
623.80
643.80
643.60
674.90
664.40
631.70
646.60
659.20
679.40
622.60
630.10
616.60
601.70
625.50
640.60
616.70
626.00
580.10
580.40
597.20
615.90
648.20
662.10
676.60
678.70
696.70
684.00
705.40
719.90
701.20
703.90
721.60
731.10
700.00
708.10
707.00
665.30
613.40
561.30
597.90
609.20
579.00
589.80
649.30
652.10
682.90
662.90
682.50
717.70
727.00
706.90
695.40
729.30
732.80
755.20
750.50
763.00
785.30
800.10
813.30
810.80
820.60
831.50
841.10
838.50
875.40
873.10
875.40
874.10
902.90
903.50
889.10
922.30
918.00
868.00
881.70
893.10
930.60
960.80
946.70
969.30
983.50
951.90
924.80
933.70
884.10
870.10
847.40
788.40
774.20
807.10
791.60
785.70
849.90
839.40
866.00
897.10
852.60
860.30
904.20
901.30
926.70
879.70
875.80
905.10
855.50
840.50
840.70
912.20
899.00
897.80
883.00
896.00
935.80
952.40
985.10
943.80
946.10
905.20
935.50
950.20
937.60
873.20
815.50
836.70
813.10
856.00
812.30
800.40
744.10
777.60
785.60
736.10
700.40
683.50
734.10
764.60
760.70
755.60
794.10
838.90
868.50
878.80
904.40
941.80
907.80
891.10
858.40
898.10
887.20
839.00
831.30
890.20
902.20
928.10
940.70
954.20
960.70
929.00
924.70
963.70
953.30
955.50
1018.20
1020.00
999.00
955.10
951.00
921.40
901.40
891.70
926.40
887.60
947.10
956.60
822.30
850.90
855.60
860.50
846.70
836.80
802.20
802.40
757.40
678.60
607.90
665.50
618.70
616.20
703.70
739.10
768.20
821.30
832.30
879.00
831.50
835.30
793.90
836.00
860.70
852.40
975.30
972.60
999.50
996.90
975.20
1002.80
984.60
973.70
990.20
964.90
947.20
1004.70
954.40
936.40
919.10
926.90
898.70
916.30
890.10
861.50
847.10
818.40
829.70
831.20
769.90
742.10
757.40
837.30
840.60
819.00
862.30
876.80
865.80
792.50
799.00
805.00
839.20
808.80
862.20
854.90
822.30
842.00
846.40
887.60
878.60
815.70
822.40
838.70
875.90
863.10
785.80
817.10
850.90
867.90
935.30
932.60
932.40
924.50
993.30
964.00
947.30
974.60
1003.90
997.80
991.80
976.90
952.30
881.50
850.00
852.60
889.00
875.00
871.10
824.40
822.80
848.40
819.50
811.90
808.60
901.30
896.30
991.70
1039.30
1046.50
1075.70
1112.20
1130.00
1226.20
1200.00
1222.00
1199.20
1216.20
1233.10
1225.20
1276.00
1258.60
1220.60
1154.60
1164.90
1170.80
1104.90
1132.40
1115.30
1224.40
1206.70
1207.40
1188.90
1211.60
1286.80
1284.00
1266.80
1258.10
1315.40
1335.50
1347.50
1334.00
1328.60
1374.30
1472.10
1546.70
1571.00
1709.10
1818.60
1784.00
1876.70
1892.70
1775.30
1898.30
1767.60
1877.70
1914.20
1896.00
2158.00
2224.00
2304.70
2286.40
2291.60
2418.50
2572.10
2663.00
2596.30
1993.50
1833.60
1938.80
1958.20
2071.60
1988.10
2032.30
2031.10
2141.70
2128.70
2031.70
2112.90
2148.70
2114.50
2168.60
2342.30
2258.40
2293.60
2418.80
2480.20
2440.10
2660.70
2737.30
2692.80
2645.10
2706.30
2753.20
2590.50
2627.30
2707.20
2656.80
2876.70
2880.70
2905.20
2614.40
2452.50
2442.30
2559.70
2633.70
2736.40
2882.20
2913.90
2887.90
3027.50
2906.80
3024.80
3043.60
3016.80
3069.10
2894.70
3168.80
3223.40
3267.70
3235.50
3359.10
3396.90
3318.50
3393.80
3257.40
3271.70
3226.30
3305.20
3301.10
3310.00
3370.80
3435.10
3427.60
3527.40
3516.10
3539.50
3651.30
3555.10
3680.60
3684.00
3754.10
3978.40
3832.00
3636.00
3681.70
3758.40
3625.00
3764.50
3913.40
3843.20
3908.10
3739.20
3834.40
3843.90
4011.10
4157.70
4321.30
4465.10
4556.10
4708.50
4610.60
4789.10
4755.50
5074.50
5117.10
5395.30
5485.60
5587.10
5569.10
5643.20
5654.60
5528.90
5616.20
5882.20
6029.40
6521.70
6448.30
6813.10
6877.70
6583.50
7009.00
7331.00
7672.80
8222.60
7622.40
7945.30
7442.10
7823.10
7908.30
7906.50
8545.70
8799.80
9063.40
8900.00
8952.00
8883.30
7539.10
7842.60
8592.10
9116.60
9181.40
9358.80
9306.60
9786.20
10789.00
10559.70
10970.80
10655.20
10829.30
10337.00
10729.90
10877.80
11497.10
10940.50
10128.30
10921.90
10733.90
10522.30
10447.90
10522.00
11215.10
10650.90
10971.10
10414.50
10788.00
10887.40
10495.30
89878.80
10735.00
10911.90
10502.40
10522.80
09949.80
28847.60
29075.10
19851.60
10021.60
9920.00
10106.10
10403.90
9946.20
9925.30
9243.30
8736.60
8663.50
7591.93
8397.03
8896.09
8341.63
8053.81
7891.08
7992.13
8480.09
8711.18