  1.0497836e+000
  1.0084553e+000
  9.0038793e-001
  7.4129504e-001
  5.5307094e-001
  3.5572354e-001
  1.6713593e-001
  2.6617358e-003
 -1.2941804e-001
 -2.2632759e-001
 -2.8783997e-001
 -3.1624482e-001
 -3.1634838e-001
 -2.9529208e-001
 -2.6046183e-001
 -2.1945004e-001
 -1.7840738e-001
 -1.4165631e-001
 -1.1169104e-001
 -8.9177566e-002
 -7.3116580e-002
 -6.2197800e-002
 -5.4990493e-002
 -5.0241495e-002
 -4.6937257e-002
 -4.4303842e-002
 -4.1806923e-002
 -3.9151787e-002
 -3.6283334e-002
 -3.3275081e-002
 -2.9968931e-002
 -2.6312114e-002
 -2.2265065e-002
 -1.7789359e-002
 -1.2847712e-002
 -7.4039848e-003
 -1.4231765e-003
  5.1285703e-003
  1.2283972e-002
  2.0073460e-002
  2.8509257e-002
  3.7618011e-002
  4.7424919e-002
  5.7944564e-002
  6.9180912e-002
  8.1127313e-002
  9.3766503e-002
  1.0707060e-001
  1.2100111e-001
  1.3550893e-001
  1.5053431e-001
  1.6600693e-001
  1.8184582e-001
  1.9795941e-001
  2.1424551e-001
  2.3060124e-001
  2.4694379e-001
  2.6311781e-001
  2.7896461e-001
  2.9433309e-001
  3.0907976e-001
  3.2306871e-001
  3.3617162e-001
  3.4826777e-001
  3.5924402e-001
  3.6899483e-001
  3.7742225e-001
  3.8443593e-001
  3.8995309e-001
  3.9389856e-001
  3.9620476e-001
  3.9679740e-001
  3.9564304e-001
  3.9279858e-001
  3.8832966e-001
  3.8230797e-001
  3.7481127e-001
  3.6592340e-001
  3.5573425e-001
  3.4433977e-001
  3.3184200e-001
  3.1834901e-001
  3.0397497e-001
  2.8884009e-001
  2.7307066e-001
  2.5679902e-001
  2.4016360e-001
  2.2330886e-001
  2.0638536e-001
  1.8954971e-001
  1.7296457e-001
  1.5677949e-001
  1.4103505e-001
  1.2579745e-001
  1.1113399e-001
  9.7103037e-002
  8.3754053e-002
  7.1127564e-002
  5.9255180e-002
  4.8159590e-002
  3.7854560e-002
  2.8344938e-002
  1.9626647e-002
  1.1686691e-002
  4.5031525e-003
 -1.9548075e-003
 -7.7269495e-003
 -1.2861955e-002
 -1.7407079e-002
 -2.1378869e-002
 -2.4819244e-002
 -2.7771551e-002
 -3.0277148e-002
 -3.2375412e-002
 -3.4103731e-002
 -3.5497510e-002
 -3.6590170e-002
 -3.7413145e-002
 -3.7995884e-002
 -3.8365851e-002
 -3.8548526e-002
 -3.8567402e-002
 -3.8443990e-002
 -3.8197812e-002
 -3.7846407e-002
 -3.7404104e-002
 -3.6862683e-002
 -3.6228810e-002
 -3.5516929e-002
 -3.4740423e-002
 -3.3911613e-002
 -3.3041755e-002
 -3.2141044e-002
 -3.1218612e-002
 -3.0282529e-002
 -2.9339801e-002
 -2.8396372e-002
 -2.7457122e-002
 -2.6525872e-002
 -2.5605376e-002
 -2.4697328e-002
 -2.3802358e-002
 -2.2920034e-002
 -2.2048861e-002
 -2.1186282e-002
 -2.0328677e-002
 -1.9471363e-002
 -1.8608593e-002
 -1.7736565e-002
 -1.6861989e-002
 -1.5987187e-002
 -1.5113611e-002
 -1.4242432e-002
 -1.3374542e-002
 -1.2510550e-002
 -1.1650786e-002
 -1.0795298e-002
 -9.9438532e-003
 -9.0959388e-003
 -8.2507608e-003
 -7.4072443e-003
 -6.5640337e-003
 -5.7194924e-003
 -4.8717033e-003
 -4.0184683e-003
 -3.1573086e-003
 -2.2854644e-003
 -1.3998953e-003
 -4.9727998e-004
  4.2598362e-004
  1.3570667e-003
  2.2646434e-003
  3.1903258e-003
  4.1823444e-003
  5.2905490e-003
  6.5664083e-003
  8.0630101e-003
  9.8350614e-003
  1.1938888e-002
  1.4432435e-002
  1.7375267e-002
  2.0828566e-002
  2.4855135e-002
  2.9519395e-002
  3.4887387e-002
  4.1026770e-002
  4.8006823e-002
  5.5898442e-002
  6.4774146e-002
  7.4708068e-002
  8.5775965e-002
  9.8055210e-002
  1.1172737e-001
  1.2694382e-001
  1.4327207e-001
  1.6027209e-001
  1.7753271e-001
  1.9467165e-001
  2.1133550e-001
  2.2719969e-001
  2.4196855e-001
  2.5537525e-001
  2.6718186e-001
  2.7717930e-001
  2.8518736e-001
  2.9105469e-001
  2.9465883e-001
  2.9590617e-001
  2.9473197e-001
  2.9110038e-001
  2.8500438e-001
  2.7646586e-001
  2.6555847e-001
  2.5263923e-001
  2.3819347e-001
  2.2266745e-001
  2.0646831e-001
  1.8996411e-001
  1.7348383e-001
  1.5731733e-001
  1.4171537e-001
  1.2688965e-001
  1.1301273e-001
  1.0021809e-001
  8.8600135e-002
  7.8214142e-002
  6.9076309e-002
  6.1163732e-002
  5.4414413e-002
  4.8727258e-002
  4.3962076e-002
  3.9980698e-002
  3.6675557e-002
  3.3810966e-002
  3.1012804e-002
  2.7768624e-002
  2.3444094e-002
  1.6988110e-002
  7.3573403e-003
 -6.2348609e-003
 -2.4319534e-002
 -4.6930698e-002
 -7.2120160e-002
 -9.6667207e-002
 -1.1648054e-001
 -1.2659825e-001
 -1.2118786e-001
 -9.4242252e-002
 -4.0800772e-002
  4.4290822e-002
  1.6236624e-001
  3.1065673e-001
  4.8229104e-001
  6.6691603e-001
  8.4939441e-001
  1.0018446e+000
  1.1023276e+000
  1.1375766e+000
  1.1029973e+000
  1.0026681e+000
  8.4933941e-001
  6.6330361e-001
  4.6558854e-001
  2.7461309e-001
  1.0446564e-001
 -3.5184833e-002
 -1.3908876e-001
 -2.0641597e-001
 -2.4059946e-001
 -2.4545461e-001
 -2.2819580e-001
 -1.9668933e-001
 -1.5766461e-001
 -1.1671414e-001
 -7.8293510e-002
 -4.5721390e-002
 -2.0912873e-002
 -3.0665586e-003
  9.4089041e-003
  1.7910768e-002
  2.3641101e-002
  2.7606785e-002
  3.0619520e-002
  3.3293833e-002
  3.5963003e-002
  3.8735592e-002
  4.1695635e-002
  4.4916821e-002
  4.8462492e-002
  5.2385640e-002
  5.6728908e-002
  6.1524592e-002
  6.6794630e-002
  7.2554551e-002
  7.8846639e-002
  8.5718162e-002
  9.3208638e-002
  1.0134983e-001
  1.1016577e-001
  1.1967270e-001
  1.2987916e-001
  1.4078590e-001
  1.5238593e-001
  1.6466453e-001
  1.7759920e-001
  1.9115971e-001
  2.0530807e-001
  2.1999854e-001
  2.3517830e-001
  2.5081663e-001
  2.6681987e-001
  2.8306063e-001
  2.9941237e-001
  3.1574939e-001
  3.3194685e-001
  3.4788074e-001
  3.6342793e-001
  3.7846610e-001
  3.9287380e-001
  4.0653043e-001
  4.1931623e-001
  4.3111229e-001
  4.4180055e-001
  4.5126380e-001
  4.5938566e-001
  4.6605063e-001
  4.7114615e-001
  4.7460910e-001
  4.7642636e-001
  4.7659701e-001
  4.7513161e-001
  4.7205215e-001
  4.6739212e-001
  4.6119644e-001
  4.5352152e-001
  4.4443522e-001
  4.3401686e-001
  4.2235722e-001
  4.0955857e-001
  3.9573462e-001
  3.8101054e-001
  3.6552297e-001
  3.4942003e-001
  3.3286127e-001
  3.1601773e-001
  2.9907122e-001
  2.8212729e-001
  2.6527134e-001
  2.4862004e-001
  2.3227947e-001
  2.1634506e-001
  2.0090163e-001
  1.8602340e-001
  1.7177396e-001
  1.5820627e-001
  1.4536269e-001
  1.3327496e-001
  1.2196420e-001
  1.1144090e-001
  1.0170494e-001
  9.2745591e-002
  8.4541498e-002
  7.7060687e-002
  7.0281975e-002
  6.4196022e-002
  5.8758085e-002
  5.3924195e-002
  4.9651888e-002
  4.5900195e-002
  4.2629652e-002
  3.9802291e-002
  3.7381647e-002
  3.5332754e-002
  3.3622147e-002
  3.2217861e-002
  3.1089429e-002
  3.0207889e-002
  2.9545774e-002
  2.9077120e-002
  2.8777464e-002
  2.8623841e-002
  2.8594788e-002
  2.8670341e-002
  2.8836589e-002
  2.9120170e-002
  2.9511244e-002
  2.9989475e-002
  3.0536312e-002
  3.1134988e-002
  3.1770518e-002
  3.2429701e-002
  3.3101121e-002
  3.3775145e-002
  3.4443923e-002
  3.5101390e-002
  3.5743263e-002
  3.6367044e-002
  3.6972018e-002
  3.7559255e-002
  3.8131606e-002
  3.8693709e-002
  3.9251983e-002
  3.9814631e-002
  4.0384407e-002
  4.0951930e-002
  4.1516092e-002
  4.2076174e-002
  4.2631582e-002
  4.3181842e-002
  4.3726604e-002
  4.4265638e-002
  4.4798839e-002
  4.5326223e-002
  4.5847928e-002
  4.6364215e-002
  4.6875465e-002
  4.7382185e-002
  4.7885002e-002
  4.8384666e-002
  4.8882047e-002
  4.9378142e-002
  4.9874065e-002
  5.0371057e-002
  5.0870477e-002
  5.1373810e-002
  5.1882660e-002
  5.2398756e-002
  5.2934626e-002
  5.3501340e-002
  5.4098391e-002
  5.4732012e-002
  5.5415244e-002
  5.6167929e-002
  5.7016714e-002
  5.7995048e-002
  5.9143187e-002
  6.0508188e-002
  6.2143912e-002
  6.4111026e-002
  6.6476997e-002
  6.9316099e-002
  7.2704382e-002
  7.6656150e-002
  8.1305153e-002
  8.6804906e-002
  9.3277734e-002
  1.0081476e-001
  1.0947593e-001
  1.1928997e-001
  1.3025442e-001
  1.4233565e-001
  1.5546880e-001
  1.6955784e-001
  1.8447552e-001
  2.0006344e-001
  2.1613195e-001
  2.3249149e-001
  2.4892183e-001
  2.6496545e-001
  2.8018940e-001
  2.9420811e-001
  3.0668339e-001
  3.1732446e-001
  3.2588790e-001
  3.3217768e-001
  3.3604518e-001
  3.3738914e-001
  3.3615570e-001
  3.3233839e-001
  3.2597812e-001
  3.1712993e-001
  3.0600772e-001
  2.9303158e-001
  2.7860124e-001
  2.6309071e-001
  2.4684822e-001
  2.3019624e-001
  2.1343150e-001
  1.9682496e-001
  1.8062184e-001
  1.6504158e-001
  1.5027787e-001
  1.3649867e-001
  1.2384615e-001
  1.1243555e-001
  1.0225017e-001
  9.3262963e-002
  8.5466285e-002
  7.8807057e-002
  7.3186773e-002
  6.8461497e-002
  6.4441862e-002
  6.0893071e-002
  5.7534901e-002
  5.4096894e-002
  5.1018479e-002
  4.6430713e-002
  3.8322511e-002
  2.5541800e-002
  7.7955136e-003
 -1.4350406e-002
 -3.9471007e-002
 -6.5282329e-002
 -8.8641404e-002
 -1.0563721e-001
 -1.1145277e-001
 -9.8420958e-002
 -6.0307682e-002
  6.8785480e-003
  1.0488664e-001
  2.3322293e-001
  3.8915114e-001
  5.6892647e-001
  7.5842256e-001
  9.3009367e-001
  1.0619761e+000
  1.1385651e+000
  1.1508151e+000
  1.0961398e+000
  9.7841168e-001
  8.1061392e-001
  6.1676835e-001
  4.1864425e-001
  2.3337424e-001
  7.3454361e-002
 -5.3255941e-002
 -1.4353382e-001
 -1.9867667e-001
 -2.2046673e-001
 -2.1570512e-001
 -1.9272838e-001
 -1.5872719e-001
 -1.1974637e-001
 -8.0684847e-002
 -4.5295708e-002
 -1.6186164e-002
  5.2562306e-003
  1.9970487e-002
  2.9763494e-002
  3.6116829e-002
  4.0245829e-002
  4.3099588e-002
  4.5360960e-002
  4.7446559e-002
  4.9544092e-002
  5.1823507e-002
  5.4350105e-002
  5.7171998e-002
  6.0335086e-002
  6.3883067e-002
  6.7857427e-002
  7.2297446e-002
  7.7240194e-002
  8.2720534e-002
  8.8771122e-002
  9.5422406e-002
  1.0269884e-001
  1.1060923e-001
  1.1918518e-001
  1.2845263e-001
  1.3842687e-001
  1.4911251e-001
  1.6050354e-001
  1.7258328e-001
  1.8532439e-001
  1.9868890e-001
  2.1262816e-001
  2.2708288e-001
  2.4198311e-001
  2.5724827e-001
  2.7278708e-001
  2.8849765e-001
  3.0426742e-001
  3.1997317e-001
  3.3548283e-001
  3.5071542e-001
  3.6552987e-001
  3.7975506e-001
  3.9323255e-001
  4.0581659e-001
  4.1737414e-001
  4.2778487e-001
  4.3694113e-001
  4.4474798e-001
  4.5112317e-001
  4.5599717e-001
  4.5931312e-001
  4.6102688e-001
  4.6110702e-001
  4.5953477e-001
  4.5630409e-001
  4.5140367e-001
  4.4471880e-001
  4.3636123e-001
  4.2649380e-001
  4.1527436e-001
  4.0285579e-001
  3.8938598e-001
  3.7500784e-001
  3.5985932e-001
  3.4407338e-001
  3.2777799e-001
  3.1109616e-001
  2.9414590e-001
  2.7704025e-001
  2.5988729e-001
  2.4279009e-001
  2.2584677e-001
  2.0915044e-001
  1.9278925e-001
  1.7684638e-001
  1.6140000e-001
  1.4652334e-001
  1.3228461e-001
  1.1874708e-001
  1.0596902e-001
  9.4003710e-002
  8.2894527e-002
  7.2629557e-002
  6.3170186e-002
  5.4478538e-002
  4.6517264e-002
  3.9249534e-002
  3.2639039e-002
  2.6649995e-002
  2.1247138e-002
  1.6395725e-002
  1.2061537e-002
  8.2108767e-003
  4.8105668e-003
  1.8279537e-003
 -7.6909496e-004
 -3.0121895e-003
 -4.9324184e-003
 -6.5603481e-003
 -7.9260233e-003
 -9.0589665e-003
 -9.9881787e-003
 -1.0742139e-002
 -1.1348803e-002
 -1.1835607e-002
 -1.2229464e-002
 -1.2540568e-002
 -1.2732326e-002
 -1.2819735e-002
 -1.2821858e-002
 -1.2756122e-002
 -1.2638318e-002
 -1.2482604e-002
 -1.2301502e-002
 -1.2105901e-002
 -1.1905053e-002
 -1.1706576e-002
 -1.1516454e-002
 -1.1339034e-002
 -1.1177031e-002
 -1.1031522e-002
 -1.0901952e-002
 -1.0786129e-002
 -1.0680228e-002
 -1.0578788e-002
 -1.0474714e-002
 -1.0359913e-002
 -1.0237498e-002
 -1.0112139e-002
 -9.9861164e-003
 -9.8614013e-003
 -9.7396595e-003
 -9.6222491e-003
 -9.5102215e-003
 -9.4043208e-003
 -9.3049842e-003
 -9.2123419e-003
 -9.1262169e-003
 -9.0461254e-003
 -8.9712764e-003
 -8.9005721e-003
 -8.8326074e-003
 -8.7656703e-003
 -8.6977419e-003
 -8.6264961e-003
 -8.5492997e-003
 -8.4632129e-003
 -8.3649883e-003
 -8.2510720e-003
 -8.1176027e-003
 -7.9604123e-003
 -7.7750255e-003
 -7.5566601e-003
 -7.2932715e-003
 -6.9583778e-003
 -6.5332632e-003
 -5.9922704e-003
 -5.3020414e-003
 -4.4215180e-003
 -3.3019411e-003
 -1.8868516e-003
 -1.1208950e-004
  2.0942054e-003
  4.8115939e-003
  8.1273374e-003
  1.2136397e-002
  1.6936648e-002
  2.2568108e-002
  2.9147434e-002
  3.6790338e-002
  4.5573299e-002
  5.5533560e-002
  6.6669130e-002
  7.8938784e-002
  9.2262062e-002
  1.0651927e-001
  1.2155148e-001
  1.3716052e-001
  1.5310899e-001
  1.6912027e-001
  1.8493020e-001
  2.0022013e-001
  2.1454234e-001
  2.2749989e-001
  2.3875028e-001
  2.4800545e-001
  2.5503176e-001
  2.5965003e-001
  2.6173548e-001
  2.6121781e-001
  2.5808111e-001
  2.5236393e-001
  2.4413194e-001
  2.3352301e-001
  2.2093320e-001
  2.0675811e-001
  1.9137093e-001
  1.7512237e-001
  1.5834071e-001
  1.4133178e-001
  1.2437895e-001
  1.0774318e-001
  9.1662931e-002
  7.6354263e-002
  6.2010766e-002
  4.8803589e-002
  3.6781954e-002
  2.5778040e-002
  1.5958904e-002
  7.4401555e-003
  2.5093909e-004
 -5.6660612e-003
 -1.0454624e-002
 -1.4344991e-002
 -1.7653864e-002
 -2.0784409e-002
 -2.4226254e-002
 -2.8555488e-002
 -3.4434664e-002
 -4.2612796e-002
 -5.3911238e-002
 -6.9394835e-002
 -8.9606695e-002
 -1.1380238e-001
 -1.3993022e-001
 -1.6463133e-001
 -1.8335146e-001
 -1.9075078e-001
 -1.8021160e-001
 -1.4614964e-001
 -8.4351152e-002
  8.0270766e-003
  1.3248670e-001
  2.8820596e-001
  4.6438267e-001
  6.4601937e-001
  8.1626948e-001
  9.5643738e-001
  1.0459783e+000
  1.0655757e+000
  1.0141446e+000
  9.0083199e-001
  7.3921716e-001
  5.4731638e-001
  3.4758112e-001
  1.6115742e-001
 -8.1664983e-004
 -1.3077316e-001
 -2.2489218e-001
 -2.8310183e-001
 -3.0883195e-001
 -3.0684274e-001
 -2.8498627e-001
 -2.5084494e-001
 -2.1093632e-001
 -1.7071322e-001
 -1.3456362e-001
 -1.0566113e-001
 -8.4271243e-002
 -6.9027280e-002
 -5.8621632e-002
 -5.1841440e-002
 -4.7568587e-002
 -4.4779703e-002
 -4.2565298e-002
 -4.0483041e-002
 -3.8397097e-002
 -3.6185005e-002
 -3.3744519e-002
 -3.0993605e-002
 -2.7870446e-002
 -2.4333435e-002
 -2.0361183e-002
 -1.5945833e-002
 -1.1047610e-002
 -5.6162711e-003
  3.9171634e-004
  7.0133542e-003
  1.4279115e-002
  2.2212943e-002
  3.0832251e-002
  4.0147925e-002
  5.0164320e-002
  6.0879262e-002
  7.2284049e-002
  8.4363446e-002
  9.7095693e-002
  1.1045250e-001
  1.2442092e-001
  1.3898618e-001
  1.5403620e-001
  1.6945382e-001
  1.8512175e-001
  2.0092248e-001
  2.1673836e-001
  2.3245154e-001
  2.4794398e-001
  2.6309751e-001
  2.7779372e-001
  2.9191408e-001
  3.0533984e-001
  3.1795210e-001
  3.2963176e-001
  3.4025957e-001
  3.4971607e-001
  3.5788165e-001
  3.6463650e-001
  3.6986066e-001
  3.7344141e-001
  3.7534926e-001
  3.7558855e-001
  3.7417083e-001
  3.7111883e-001
  3.6646643e-001
  3.6025863e-001
  3.5255161e-001
  3.4341268e-001
  3.3292029e-001
  3.2116407e-001
  3.0824476e-001
  2.9427428e-001
  2.7937568e-001
  2.6368317e-001
  2.4734209e-001
  2.3050894e-001
  2.1335138e-001
  1.9604819e-001
  1.7874279e-001
  1.6150781e-001
  1.4446270e-001
  1.2771743e-001
  1.1137094e-001
  9.5511177e-002
  8.0215044e-002
  6.5548434e-002
  5.1566216e-002
  3.8312241e-002
  2.5819337e-002
  1.4109313e-002
  3.1929556e-003
 -6.9299673e-003
 -1.6270709e-002
 -2.4851544e-002
 -3.2690927e-002
 -3.9792972e-002
 -4.6200232e-002
 -5.1956062e-002
 -5.7102592e-002
 -6.1680727e-002
 -6.5730145e-002
 -6.9289300e-002
 -7.2395419e-002
 -7.5084503e-002
 -7.7391330e-002
 -7.9349449e-002
 -8.0991186e-002
 -8.2347640e-002
 -8.3448685e-002
 -8.4322968e-002
 -8.4997913e-002
 -8.5499715e-002
 -8.5853347e-002
 -8.6082554e-002
 -8.6193661e-002
 -8.6165825e-002
 -8.6017715e-002
 -8.5768775e-002
 -8.5436944e-002
 -8.5038664e-002
 -8.4588869e-002
 -8.4100996e-002
 -8.3586976e-002
 -8.3057241e-002
 -8.2520718e-002
 -8.1984834e-002
 -8.1455513e-002
 -8.0937178e-002
 -8.0432748e-002
 -7.9943640e-002
 -7.9469772e-002
 -7.9009556e-002
 -7.8559903e-002
 -7.8116224e-002
 -7.7672425e-002
 -7.7220911e-002
 -7.6752709e-002
 -7.6264238e-002
 -7.5761101e-002
 -7.5249026e-002
 -7.4733061e-002
 -7.4217572e-002
 -7.3706243e-002
 -7.3202075e-002
 -7.2707388e-002
 -7.2223821e-002
 -7.1752331e-002
 -7.1293191e-002
 -7.0845995e-002
 -7.0409652e-002
 -6.9982393e-002
 -6.9561764e-002
 -6.9144630e-002
 -6.8727176e-002
 -6.8304901e-002
 -6.7872627e-002
 -6.7424491e-002
 -6.6953949e-002
 -6.6453774e-002
 -6.5916060e-002
 -6.5332217e-002
 -6.4692973e-002
 -6.3988376e-002
 -6.3207789e-002
 -6.2339896e-002
 -6.1372634e-002
 -6.0279757e-002
 -5.9004641e-002
 -5.7484274e-002
 -5.5652690e-002
 -5.3440973e-002
 -5.0777256e-002
 -4.7586720e-002
 -4.3791595e-002
 -3.9311161e-002
 -3.4061743e-002
 -2.7956720e-002
 -2.0906516e-002
 -1.2818604e-002
 -3.5990815e-003
  6.7949792e-003
  1.8349018e-002
  3.1017360e-002
  4.4719000e-002
  5.9337606e-002
  7.4721518e-002
  9.0683748e-002
  1.0700198e-001
  1.2341857e-001
  1.3964054e-001
  1.5533960e-001
  1.7015212e-001
  1.8367913e-001
  1.9550354e-001
  2.0537552e-001
  2.1304202e-001
  2.1828603e-001
  2.2096039e-001
  2.2098777e-001
  2.1836066e-001
  2.1314138e-001
  2.0546209e-001
  1.9552479e-001
  1.8360130e-001
  1.7003262e-001
  1.5513017e-001
  1.3925226e-001
  1.2279384e-001
  1.0611185e-001
  8.9525217e-002
  7.3314874e-002
  5.7723729e-002
  4.2956688e-002
  2.9180646e-002
  1.6524489e-002
  5.0377878e-003
 -5.4305002e-003
 -1.4736390e-002
 -2.2758259e-002
 -2.9461450e-002
 -3.4898273e-002
 -3.9208006e-002
 -4.2616892e-002
 -4.5438142e-002
 -4.8071934e-002
 -5.1005413e-002
 -5.4812689e-002
 -6.0154841e-002
 -6.7779914e-002
 -7.8503156e-002
 -9.3430370e-002
 -1.1310232e-001
 -1.3676828e-001
 -1.6237532e-001
 -1.8656831e-001
 -2.0474172e-001
 -2.1176264e-001
 -2.0089092e-001
 -1.6627079e-001
 -1.0367845e-001
 -1.0522142e-002
  1.1415794e-001
  2.6995375e-001
  4.4809645e-001
  6.3109591e-001
  8.0104789e-001
  9.3988740e-001
  1.0293888e+000
  1.0514066e+000
  9.9972007e-001
  8.8600834e-001
  7.2544912e-001
  5.3561632e-001
  3.3648003e-001
  1.4948165e-001
 -1.2436617e-002
 -1.4312864e-001
 -2.3916925e-001
 -2.9993547e-001
 -3.2760654e-001
 -3.2716390e-001
 -3.0602365e-001
 -2.7122881e-001
 -2.3023234e-001
 -1.8907835e-001
 -1.5204074e-001
 -1.2162322e-001
 -9.8559288e-002
 -8.1972018e-002
 -7.0602428e-002
 -6.3034127e-002
 -5.8024837e-002
 -5.4559116e-002
 -5.1848362e-002
 -4.9330811e-002
 -4.6671533e-002
 -4.3762441e-002
 -4.0702969e-002
 -3.7405641e-002
 -3.3768649e-002
 -2.9753094e-002
 -2.5321216e-002
 -2.0436401e-002
 -1.5063175e-002
 -9.1672065e-003
 -2.7153092e-003
  4.3245628e-003
  1.1983312e-002
  2.0284927e-002
  2.9240585e-002
  3.8876993e-002
  4.9212488e-002
  6.0255018e-002
  7.2002141e-002
  8.4441026e-002
  9.7548453e-002
  1.1129081e-001
  1.2562411e-001
  1.4049395e-001
  1.5583557e-001
  1.7157379e-001
  1.8762305e-001
  2.0388743e-001
  2.2026058e-001
  2.3664501e-001
  2.5294728e-001
  2.6900754e-001
  2.8467043e-001
  2.9978862e-001
  3.1422278e-001
  3.2784161e-001
  3.4052180e-001
  3.5214806e-001
  3.6261312e-001
  3.7181771e-001
  3.7967059e-001
  3.8608850e-001
  3.9099622e-001
  3.9432654e-001
  3.9602024e-001
  3.9600601e-001
  3.9425620e-001
  3.9083796e-001
  3.8582523e-001
  3.7929681e-001
  3.7133629e-001
  3.6203207e-001
  3.5147738e-001
  3.3977024e-001
  3.2701350e-001
  3.1331483e-001
  2.9878669e-001
  2.8354636e-001
  2.6771595e-001
  2.5142237e-001
  2.3479733e-001
  2.1797739e-001
  2.0110388e-001
  1.8432298e-001
  1.6778565e-001
  1.5164769e-001
  1.3600400e-001
  1.2088204e-001
  1.0634242e-001
  9.2437794e-002
  7.9212811e-002
  6.6704122e-002
  5.4940376e-002
  4.3942219e-002
  3.3722299e-002
  2.4285260e-002
  1.5627746e-002
  7.7383992e-003
  5.9786066e-004
 -5.8212295e-003
 -1.1554233e-002
 -1.6644511e-002
 -2.1143429e-002
 -2.5097162e-002
 -2.8522710e-002
 -3.1461326e-002
 -3.3954295e-002
 -3.6040887e-002
 -3.7758370e-002
 -3.9141998e-002
 -4.0225020e-002
 -4.1038676e-002
 -4.1612195e-002
 -4.1972801e-002
 -4.2145708e-002
 -4.2154119e-002
 -4.2019233e-002
 -4.1760238e-002
 -4.1394314e-002
 -4.0936631e-002
 -4.0400154e-002
 -3.9783265e-002
 -3.9089809e-002
 -3.8331172e-002
 -3.7517950e-002
 -3.6659946e-002
 -3.5766174e-002
 -3.4844857e-002
 -3.3903425e-002
 -3.2948519e-002
 -3.1985987e-002
 -3.1020889e-002
 -3.0057492e-002
 -2.9099271e-002
 -2.8148913e-002
 -2.7208312e-002
 -2.6278571e-002
 -2.5360002e-002
 -2.4452127e-002
 -2.3553677e-002
 -2.2662590e-002
 -2.1776016e-002
 -2.0890312e-002
 -2.0001043e-002
 -1.9104497e-002
 -1.8205479e-002
 -1.7306549e-002
 -1.6409209e-002
 -1.5514635e-002
 -1.4623684e-002
 -1.3736886e-002
 -1.2854451e-002
 -1.1976264e-002
 -1.1101887e-002
 -1.0230560e-002
 -9.3611991e-003
 -8.4923970e-003
 -7.6224240e-003
 -6.7492269e-003
 -5.8704295e-003
 -4.9833327e-003
 -4.0849138e-003
 -3.1718275e-003
 -2.2404051e-003
 -1.2866550e-003
 -3.1784981e-004
  6.6544794e-004
  1.6951616e-003
  2.8071142e-003
  4.0406213e-003
  5.4384908e-003
  7.0470235e-003
  8.9160125e-003
  1.1098744e-002
  1.3651995e-002
  1.6636038e-002
  2.0114635e-002
  2.4155043e-002
  2.8828010e-002
  3.4207777e-002
  4.0372078e-002
  4.7402140e-002
  5.5382680e-002
  6.4401910e-002
  7.4551534e-002
  8.5925770e-002
  9.8528866e-002
  1.1224030e-001
  1.2691805e-001
  1.4239566e-001
  1.5848226e-001
  1.7496255e-001
  1.9159681e-001
  2.0812088e-001
  2.2424620e-001
  2.3965976e-001
  2.5402414e-001
  2.6697749e-001
  2.7813353e-001
  2.8710301e-001
  2.9368127e-001
  2.9775719e-001
  2.9926470e-001
  2.9818932e-001
  2.9456816e-001
  2.8848992e-001
  2.8009489e-001
  2.6957495e-001
  2.5717358e-001
  2.4318581e-001
  2.2795831e-001
  2.1188931e-001
  1.9542862e-001
  1.7895673e-001
  1.6269321e-001
  1.4690728e-001
  1.3182812e-001
  1.1764406e-001
  1.0450253e-001
  9.2510101e-002
  8.1732440e-002
  7.2194347e-002
  6.3879740e-002
  5.6731655e-002
  5.0649683e-002
  4.5461129e-002
  4.1151111e-002
  3.7650963e-002
  3.4747356e-002
  3.2082289e-002
  2.9153091e-002
  2.5312424e-002
  1.9768280e-002
  1.1624727e-002
  4.4719601e-005
 -1.6095718e-002
 -3.6903413e-002
 -6.1237873e-002
 -8.6711284e-002
 -1.0968851e-001
 -1.2550430e-001
 -1.2882283e-001
 -1.1276984e-001
 -7.1866941e-002
 -2.3594540e-003
  9.7783624e-002
  2.2886960e-001
  3.8952960e-001
  5.7022938e-001
  7.5297620e-001
  9.1949795e-001
  1.0515733e+000
  1.1310316e+000
  1.1406573e+000
  1.0784578e+000
  9.5656776e-001
  7.9021532e-001
  5.9738228e-001
  3.9880419e-001
  2.1571176e-001
  5.9049303e-002
 -6.4779579e-002
 -1.5271335e-001
 -2.0516900e-001
 -2.2579331e-001
 -2.1972383e-001
 -1.9489998e-001
 -1.5880849e-001
 -1.1786245e-001
 -7.7401322e-002
 -4.1690927e-002
 -1.3505849e-002
  7.4911000e-003
  2.2549099e-002
  3.2887655e-002
  3.9695808e-002
  4.4132131e-002
  4.7324653e-002
  5.0092339e-002
  5.2675685e-002
  5.5264404e-002
  5.8009238e-002
  6.1021965e-002
  6.4375395e-002
  6.8103374e-002
  7.2209115e-002
  7.6735962e-002
  8.1729464e-002
  8.7228394e-002
  9.3268507e-002
  9.9882543e-002
  1.0710022e-001
  1.1494826e-001
  1.2345034e-001
  1.3262714e-001
  1.4249631e-001
  1.5306727e-001
  1.6433658e-001
  1.7629825e-001
  1.8893602e-001
  2.0222318e-001
  2.1612254e-001
  2.3058650e-001
  2.4555697e-001
  2.6096543e-001
  2.7673289e-001
  2.9276992e-001
  3.0897663e-001
  3.2524268e-001
  3.4144727e-001
  3.5745916e-001
  3.7313664e-001
  3.8834546e-001
  4.0299800e-001
  4.1692929e-001
  4.2997855e-001
  4.4200028e-001
  4.5286417e-001
  4.6245513e-001
  4.7067331e-001
  4.7743411e-001
  4.8266810e-001
  4.8632113e-001
  4.8835424e-001
  4.8874371e-001
  4.8748105e-001
  4.8457299e-001
  4.8004148e-001
  4.7392371e-001
  4.6624344e-001
  4.5699939e-001
  4.4634318e-001
  4.3443456e-001
  4.2142822e-001
  4.0747377e-001
  3.9271571e-001
  3.7729345e-001
  3.6134134e-001
  3.4498860e-001
  3.2835940e-001
  3.1157281e-001
  2.9474278e-001
  2.7797823e-001
  2.6138293e-001
  2.4505562e-001
  2.2908989e-001
  2.1357430e-001
  1.9859228e-001
  1.8422220e-001
  1.7053731e-001
  1.5760580e-001
  1.4547819e-001
  1.3414537e-001
  1.2359833e-001
  1.1382652e-001
  1.0481637e-001
  9.6551206e-002
  8.9011312e-002
  8.2173890e-002
  7.6013081e-002
  7.0499957e-002
  6.5602523e-002
  6.1285718e-002
  5.7511413e-002
  5.4238413e-002
  5.1422454e-002
  4.9016207e-002
  4.6969509e-002
  4.5247390e-002
  4.3822612e-002
  4.2664490e-002
  4.1744521e-002
  4.1036382e-002
  4.0515935e-002
  4.0161224e-002
  3.9952475e-002
  3.9872096e-002
  3.9904681e-002
  4.0037001e-002
  4.0258015e-002
  4.0558860e-002
  4.0932859e-002
  4.1375516e-002
  4.1884517e-002
  4.2446716e-002
  4.3010089e-002
  4.3569089e-002
  4.4123723e-002
  4.4673997e-002
  4.5219917e-002
  4.5761489e-002
  4.6298721e-002
  4.6831619e-002
  4.7360189e-002
  4.7884438e-002
  4.8404373e-002
  4.8920000e-002
  4.9431328e-002
  4.9943540e-002
  5.0461439e-002
  5.0981461e-002
  5.1500407e-002
  5.2015492e-002
  5.2524347e-002
  5.3025018e-002
  5.3515964e-002
  5.3996060e-002
  5.4464597e-002
  5.4921278e-002
  5.5366225e-002
  5.5799970e-002
  5.6223463e-002
  5.6638068e-002
  5.7045565e-002
  5.7448146e-002
  5.7848421e-002
  5.8249414e-002
  5.8654561e-002
  5.9067718e-002
  5.9493151e-002
  5.9935544e-002
  6.0399994e-002
  6.0892015e-002
  6.1417533e-002
  6.1982890e-002
  6.2594844e-002
  6.3261063e-002
  6.4003940e-002
  6.4860176e-002
  6.5871352e-002
  6.7084511e-002
  6.8552152e-002
  7.0332234e-002
  7.2488177e-002
  7.5088855e-002
  7.8208607e-002
  8.1927225e-002
  8.6329965e-002
  9.1507538e-002
  9.7556116e-002
  1.0457733e-001
  1.1267531e-001
  1.2190195e-001
  1.3227615e-001
  1.4378887e-001
  1.5639499e-001
  1.7001335e-001
  1.8452673e-001
  1.9978184e-001
  2.1558933e-001
  2.3172380e-001
  2.4792378e-001
  2.6389176e-001
  2.7929414e-001
  2.9376130e-001
  3.0688753e-001
  3.1824504e-001
  3.2758408e-001
  3.3467930e-001
  3.3933430e-001
  3.4141797e-001
  3.4086446e-001
  3.3767315e-001
  3.3190872e-001
  3.2370109e-001
  3.1324546e-001
  3.0080227e-001
  2.8669725e-001
  2.7132136e-001
  2.5507924e-001
  2.3826078e-001
  2.2123249e-001
  2.0432773e-001
  1.8783622e-001
  1.7200411e-001
  1.5703395e-001
  1.4308469e-001
  1.3027169e-001
  1.1866669e-001
  1.0829787e-001
  9.9149770e-002
  9.1163521e-002
  8.4268841e-002
  7.8410466e-002
  7.3482678e-002
  6.9321105e-002
  6.5702714e-002
  6.2345819e-002
  5.8958891e-002
  5.4897209e-002
  4.9100583e-002
  4.0644258e-002
  2.8756051e-002
  1.2816357e-002
 -7.6423571e-003
 -3.2282627e-002
 -5.8360852e-002
 -8.2091122e-002
 -9.9001888e-002
 -1.0393596e-001
 -9.1050516e-002
 -5.4512899e-002
  1.0217042e-002
  1.0738075e-001
  2.3707713e-001
  3.9500547e-001
  5.7246548e-001
  7.5666223e-001
  9.2742214e-001
  1.0607360e+000
  1.1389588e+000
  1.1512834e+000
  1.0936596e+000
  9.7039358e-001
  8.0155374e-001
  6.0883229e-001
  4.1198646e-001
  2.2883847e-001
  7.4078731e-002
 -4.6226210e-002
 -1.3039557e-001
 -1.7924169e-001
 -1.9608570e-001
 -1.8675756e-001
 -1.5926823e-001
 -1.2133151e-001
 -8.0233982e-002
 -4.1498574e-002
 -8.6751153e-003
  1.6659637e-002
  3.4857001e-002
  4.7132864e-002
  5.5030739e-002
  5.9989248e-002
  6.3168545e-002
  6.5450313e-002
  6.7437768e-002
  6.9455655e-002
  7.1564056e-002
  7.3871690e-002
  7.6474211e-002
  7.9417078e-002
  8.2743933e-002
  8.6496608e-002
  9.0715120e-002
  9.5437673e-002
  1.0070066e-001
  1.0653652e-001
  1.1296070e-001
  1.2001509e-001
  1.2774021e-001
  1.3616629e-001
  1.4531337e-001
  1.5519122e-001
  1.6579938e-001
  1.7712715e-001
  1.8915359e-001
  2.0184753e-001
  2.1516754e-001
  2.2906198e-001
  2.4346894e-001
  2.5831629e-001
  2.7352166e-001
  2.8899602e-001
  3.0468298e-001
  3.2044263e-001
  3.3611182e-001
  3.5153366e-001
  3.6655751e-001
  3.8103899e-001
  3.9483997e-001
  4.0782859e-001
  4.1987922e-001
  4.3087251e-001
  4.4069535e-001
  4.4924090e-001
  4.5640855e-001
  4.6210398e-001
  4.6623909e-001
  4.6873207e-001
  4.6950265e-001
  4.6846983e-001
  4.6567583e-001
  4.6119128e-001
  4.5509231e-001
  4.4746054e-001
  4.3838311e-001
  4.2795263e-001
  4.1626723e-001
  4.0343052e-001
  3.8955162e-001
  3.7474514e-001
  3.5913119e-001
  3.4283538e-001
  3.2598881e-001
  3.0872808e-001
  2.9119529e-001
  2.7353804e-001
  2.5590942e-001
  2.3846802e-001
  2.2137794e-001
  2.0479232e-001
  1.8874429e-001
  1.7328380e-001
  1.5846531e-001
  1.4433522e-001
  1.3093182e-001
  1.1828532e-001
  1.0641783e-001
  9.5343388e-002
  8.5067930e-002
  7.5589305e-002
  6.6897274e-002
  5.8973505e-002
  5.1791579e-002
  4.5316987e-002
  3.9507131e-002
  3.4311322e-002
  2.9670782e-002
  2.5535852e-002
  2.1890023e-002
  1.8691222e-002
  1.5898070e-002
  1.3471435e-002
  1.1374438e-002
  9.5724512e-003
  8.0330984e-003
  6.7262536e-003
  5.6240427e-003
  4.7008423e-003
  3.9332805e-003
  3.3002364e-003
  2.7828403e-003
  2.3644738e-003
  2.0307695e-003
  1.7756143e-003
  1.6037982e-003
  1.5033198e-003
  1.4620558e-003
  1.4688403e-003
  1.5134647e-003
  1.5866781e-003
  1.6801867e-003
  1.7866545e-003
  1.8997027e-003
  2.0139099e-003
  2.1248124e-003
  2.2289037e-003
  2.3236348e-003
  2.4074142e-003
  2.4796077e-003
  2.5405386e-003
  2.5914878e-003
  2.6346934e-003
  2.6733510e-003
  2.7116137e-003
  2.7545920e-003
  2.8045759e-003
  2.8556788e-003
  2.9062434e-003
  2.9550989e-003
  3.0013522e-003
  3.0443880e-003
  3.0838687e-003
  3.1197341e-003
  3.1522021e-003
  3.1817679e-003
  3.2092047e-003
  3.2355631e-003
  3.2621715e-003
  3.2906361e-003
  3.3228406e-003
  3.3609465e-003
  3.4073928e-003
  3.4648964e-003
  3.5364519e-003
  3.6253312e-003
  3.7325326e-003
  3.8560022e-003
  4.0154902e-003
  4.2375908e-003
  4.5537846e-003
  5.0004389e-003
  5.6188076e-003
  6.4550313e-003
  7.5601371e-003
  8.9900388e-003
  1.0805537e-002
  1.3072318e-002
  1.5860956e-002
  1.9246911e-002
  2.3310530e-002
  2.8137046e-002
  3.3816580e-002
  4.0444137e-002
  4.8119613e-002
  5.6947785e-002
  6.7031133e-002
  7.8341824e-002
  9.0795240e-002
  1.0428776e-001
  1.1867980e-001
  1.3379587e-001
  1.4942450e-001
  1.6531830e-001
  1.8119393e-001
  1.9673209e-001
  2.1157757e-001
  2.2533920e-001
  2.3758986e-001
  2.4797673e-001
  2.5624084e-001
  2.6212824e-001
  2.6545647e-001
  2.6611458e-001
  2.6406306e-001
  2.5933393e-001
  2.5203069e-001
  2.4232831e-001
  2.3047327e-001
  2.1678352e-001
  2.0164852e-001
  1.8547701e-001
  1.6858203e-001
  1.5135954e-001
  1.3416904e-001
  1.1732385e-001
  1.0109107e-001
  8.5691579e-002
  7.1300074e-002
  5.8045032e-002
  4.6008728e-002
  3.5227230e-002
  2.5636845e-002
  1.7045327e-002
  9.5933368e-003
  3.3489928e-003
 -1.7418114e-003
 -5.8554046e-003
 -9.2903383e-003
 -1.2467387e-002
 -1.5929547e-002
 -2.0342039e-002
 -2.6492305e-002
 -3.5290010e-002
 -4.7714454e-002
 -6.4577778e-002
 -8.6118601e-002
 -1.1121019e-001
 -1.3729988e-001
 -1.6040902e-001
 -1.7526462e-001
 -1.7611321e-001
 -1.5601951e-001
 -1.0944114e-001
 -3.2684909e-002
  7.6093127e-002
  2.1698156e-001
  3.8644168e-001
  5.6887689e-001
  7.4586504e-001
  8.9850730e-001
  1.0074282e+000
  1.0527913e+000
  1.0220799e+000
  9.2376039e-001
  7.7251255e-001
  5.8632163e-001
  3.8647823e-001
  1.9663442e-001
  3.1563164e-002
 -1.0088882e-001
 -1.9654286e-001
 -2.5525406e-001
 -2.8031900e-001
 -2.7721763e-001
 -2.5434222e-001
 -2.1938796e-001
 -1.7909371e-001
 -1.3924195e-001
 -1.0465414e-001
 -7.7972423e-002
 -5.8433617e-002
 -4.4813107e-002
 -3.5872620e-002
 -3.0360231e-002
 -2.7010362e-002
 -2.4587746e-002
 -2.2498746e-002
 -2.0531083e-002
 -1.8497153e-002
 -1.6250357e-002
 -1.3685096e-002
 -1.0736774e-002
 -7.3817977e-003
 -3.6192898e-003
  6.0408930e-004
  5.3375198e-003
  1.0624012e-002
  1.6501881e-002
  2.3004747e-002
  3.0161535e-002
  3.7996473e-002
  4.6529097e-002
  5.5774245e-002
  6.5742060e-002
  7.6437992e-002
  8.7880373e-002
  1.0018262e-001
  1.1327914e-001
  1.2706338e-001
  1.4142804e-001
  1.5626504e-001
  1.7146556e-001
  1.8691999e-001
  2.0251794e-001
  2.1814829e-001
  2.3369913e-001
  2.4905778e-001
  2.6411081e-001
  2.7874400e-001
  2.9284239e-001
  3.0629023e-001
  3.1897101e-001
  3.3076747e-001
  3.4156156e-001
  3.5123448e-001
  3.5966664e-001
  3.6673771e-001
  3.7232657e-001
  3.7631136e-001
  3.7856943e-001
  3.7898808e-001
  3.7760897e-001
  3.7449744e-001
  3.6970801e-001
  3.6330458e-001
  3.5536038e-001
  3.4595802e-001
  3.3518941e-001
  3.2315584e-001
  3.0996793e-001
  2.9574568e-001
  2.8061839e-001
  2.6472474e-001
  2.4821275e-001
  2.3123979e-001
  2.1397256e-001
  1.9658714e-001
  1.7925994e-001
  1.6208619e-001
  1.4517210e-001
  1.2862542e-001
  1.1254252e-001
  9.7008400e-002
  8.2096722e-002
  6.7869782e-002
  5.4378514e-002
  4.1662497e-002
  2.9749950e-002
  1.8657732e-002
  8.3913452e-003
 -1.0550680e-003
 -9.6987239e-003
 -1.7568198e-002
 -2.4703423e-002
 -3.1148788e-002
 -3.6915118e-002
 -4.2044062e-002
 -4.6583074e-002
 -5.0577749e-002
 -5.4071823e-002
 -5.7107175e-002
 -5.9723821e-002
 -6.1959921e-002
 -6.3851776e-002
 -6.5433826e-002
 -6.6738653e-002
 -6.7796980e-002
 -6.8637670e-002
 -6.9287728e-002
 -6.9772300e-002
 -7.0114672e-002
 -7.0336271e-002
 -7.0449232e-002
 -7.0439463e-002
 -7.0321689e-002
 -7.0113257e-002
 -6.9830177e-002
 -6.9487121e-002
 -6.9097422e-002
 -6.8673076e-002
 -6.8224738e-002
 -6.7761727e-002
 -6.7292022e-002
 -6.6822264e-002
 -6.6357757e-002
 -6.5902465e-002
 -6.5459015e-002
 -6.5028693e-002
 -6.4611449e-002
 -6.4205894e-002
 -6.3809301e-002
 -6.3417604e-002
 -6.3025397e-002
 -6.2625940e-002
 -6.2209917e-002
 -6.1764701e-002
 -6.1297109e-002
 -6.0816281e-002
 -6.0330228e-002
 -5.9845830e-002
 -5.9368837e-002
 -5.8903871e-002
 -5.8454421e-002
 -5.8022847e-002
 -5.7610380e-002
 -5.7217119e-002
 -5.6842035e-002
 -5.6482966e-002
 -5.6136623e-002
 -5.5798585e-002
 -5.5463302e-002
 -5.5124092e-002
 -5.4773145e-002
 -5.4401519e-002
 -5.3999145e-002
 -5.3554821e-002
 -5.3056215e-002
 -5.2489866e-002
 -5.1841183e-002
 -5.1094445e-002
 -5.0232799e-002
 -4.9238263e-002
 -4.8091726e-002
 -4.6770912e-002
 -4.5212265e-002
 -4.3320859e-002
 -4.1003194e-002
 -3.8167964e-002
 -3.4726057e-002
 -3.0590553e-002
 -2.5676726e-002
 -1.9902046e-002
 -1.3186174e-002
 -5.4509649e-003
  3.3795317e-003
  1.3379073e-002
  2.4608621e-002
  3.7028288e-002
  5.0555021e-002
  6.5069824e-002
  8.0411864e-002
  9.6378472e-002
  1.1272514e-001
  1.2916554e-001
  1.4537148e-001
  1.6097295e-001
  1.7555859e-001
  1.8877668e-001
  2.0027094e-001
  2.0968478e-001
  2.1673798e-001
  2.2122664e-001
  2.2302324e-001
  2.2207661e-001
  2.1841191e-001
  2.1213070e-001
  2.0341084e-001
  1.9246970e-001
  1.7956045e-001
  1.6512699e-001
  1.4959519e-001
  1.3335824e-001
  1.1677670e-001
  1.0017847e-001
  8.3858767e-002
  6.8080190e-002
  5.3072660e-002
  3.9033445e-002
  2.6127161e-002
  1.4459633e-002
  3.9190234e-003
 -5.3953039e-003
 -1.3394164e-002
 -2.0071480e-002
 -2.5504283e-002
 -2.9852711e-002
 -3.3360012e-002
 -3.6352540e-002
 -3.9239759e-002
 -4.2514238e-002
 -4.6751657e-002
 -5.2610802e-002
 -6.0826191e-002
 -7.2876661e-002
 -8.9844784e-002
 -1.1153177e-001
 -1.3645325e-001
 -1.6183923e-001
 -1.8372565e-001
 -1.9685715e-001
 -1.9410727e-001
 -1.6928157e-001
 -1.1748080e-001
 -3.5100854e-002
  8.0167164e-002
  2.2895206e-001
  4.0209696e-001
  5.8424225e-001
  7.5793817e-001
  9.0364824e-001
  9.9974931e-001
  1.0249378e+000
  9.7661859e-001
  8.6452058e-001
  7.0300273e-001
  5.1105181e-001
  3.1225653e-001
  1.2807032e-001
 -3.0410368e-002
 -1.5588624e-001
 -2.4475814e-001
 -2.9712704e-001
 -3.1679403e-001
 -3.0985658e-001
 -2.8364409e-001
 -2.4653280e-001
 -2.0541174e-001
 -1.6565957e-001
 -1.3114457e-001
 -1.0421498e-001
 -8.4755990e-002
 -7.1140245e-002
 -6.1888662e-002
 -5.5721256e-002
 -5.1557150e-002
 -4.8514566e-002
 -4.5910835e-002
 -4.3312500e-002
 -4.0590245e-002
 -3.7668519e-002
 -3.4478615e-002
 -3.0958710e-002
 -2.7053858e-002
 -2.2715993e-002
 -1.7903929e-002
 -1.2583360e-002
 -6.7268598e-003
 -3.1649751e-004
  6.6839701e-003
  1.4321980e-002
  2.2635404e-002
  3.1652483e-002
  4.1391822e-002
  5.1862392e-002
  6.3063530e-002
  7.4984940e-002
  8.7606692e-002
  1.0089922e-001
  1.1482333e-001
  1.2933018e-001
  1.4436131e-001
  1.5984862e-001
  1.7571503e-001
  1.9190067e-001
  2.0828768e-001
  2.2472984e-001
  2.4108359e-001
  2.5720806e-001
  2.7296501e-001
  2.8821888e-001
  3.0283677e-001
  3.1668842e-001
  3.2964627e-001
  3.4158538e-001
  3.5238350e-001
  3.6192104e-001
  3.7008104e-001
  3.7674925e-001
  3.8181534e-001
  3.8521109e-001
  3.8691894e-001
  3.8693614e-001
  3.8527314e-001
  3.8195364e-001
  3.7701454e-001
  3.7050599e-001
  3.6249139e-001
  3.5304732e-001
  3.4226363e-001
  3.3024340e-001
  3.1710290e-001
  3.0297168e-001
  2.8799249e-001
  2.7232131e-001
  2.5612737e-001
  2.3959310e-001
  2.2289171e-001
  2.0610879e-001
  1.8937568e-001
  1.7282084e-001
  1.5656077e-001
  1.4070003e-001
  1.2533125e-001
  1.1053513e-001
  9.6380424e-002
  8.2923962e-002
  7.0210628e-002
  5.8273375e-002
  4.7133217e-002
  3.6799237e-002
  2.7268577e-002
  1.8526447e-002
  1.0561576e-002
  3.3744201e-003
 -3.0780187e-003
 -8.8398684e-003
 -1.3954164e-002
 -1.8462847e-002
 -2.2406767e-002
 -2.5825679e-002
 -2.8758245e-002
 -3.1242033e-002
 -3.3313520e-002
 -3.5008088e-002
 -3.6360026e-002
 -3.7402531e-002
 -3.8167705e-002
 -3.8686557e-002
 -3.8989005e-002
 -3.9103870e-002
 -3.9058883e-002
 -3.8880681e-002
 -3.8583336e-002
 -3.8134118e-002
 -3.7550452e-002
 -3.6856040e-002
 -3.6072602e-002
 -3.5219876e-002
 -3.4315620e-002
 -3.3375608e-002
 -3.2413631e-002
 -3.1441500e-002
 -3.0469044e-002
 -2.9504108e-002
 -2.8552558e-002
 -2.7618274e-002
 -2.6703159e-002
 -2.5807129e-002
 -2.4928122e-002
 -2.4062091e-002
 -2.3203009e-002
 -2.2342867e-002
 -2.1471672e-002
 -2.0586833e-002
 -1.9697249e-002
 -1.8805511e-002
 -1.7913855e-002
 -1.7024196e-002
 -1.6138130e-002
 -1.5256931e-002
 -1.4381555e-002
 -1.3512638e-002
 -1.2650495e-002
 -1.1795120e-002
 -1.0946190e-002
 -1.0103058e-002
 -9.2647601e-003
 -8.4300110e-003
 -7.5972055e-003
 -6.7644182e-003
 -5.9294039e-003
 -5.0895972e-003
 -4.2421126e-003
 -3.3837445e-003
 -2.5109674e-003
 -1.6199357e-003
 -7.0648355e-004
  2.3387479e-004
  1.2059452e-003
  2.2158883e-003
  3.2887435e-003
  4.4465423e-003
  5.7134352e-003
  7.1217777e-003
  8.7121298e-003
  1.0533256e-002
  1.2642127e-002
  1.5103916e-002
  1.7992003e-002
  2.1387971e-002
  2.5381609e-002
  3.0070910e-002
  3.5561508e-002
  4.1904585e-002
  4.9203008e-002
  5.7581708e-002
  6.7123338e-002
  7.7868272e-002
  8.9814604e-002
  1.0291815e-001
  1.1709244e-001
  1.3220875e-001
  1.4809604e-001
  1.6454101e-001
  1.8128809e-001
  1.9803942e-001
  2.1451490e-001
  2.3035654e-001
  2.4510604e-001
  2.5836222e-001
  2.6978203e-001
  2.7908050e-001
  2.8603083e-001
  2.9046431e-001
  2.9227035e-001
  2.9139648e-001
  2.8784836e-001
  2.8168124e-001
  2.7289634e-001
  2.6185024e-001
  2.4899389e-001
  2.3474831e-001
  2.1950456e-001
  2.0362380e-001
  1.8743721e-001
  1.7124604e-001
  1.5532162e-001
  1.3990531e-001
  1.2520856e-001
  1.1141285e-001
  9.8669754e-002
  8.7100875e-002
  7.6797893e-002
  6.7774445e-002
  5.9891686e-002
  5.3192624e-002
  4.7662500e-002
  4.3199782e-002
  3.9616161e-002
  3.6636552e-002
  3.3899097e-002
  3.0955161e-002
  2.7269333e-002
  2.2262273e-002
  1.5125145e-002
  4.1162995e-003
 -1.1706348e-002
 -3.2220441e-002
 -5.6239187e-002
 -8.1511356e-002
 -1.0481666e-001
 -1.2113976e-001
 -1.2350927e-001
 -1.0581882e-001
 -6.3034119e-002
  8.8069778e-003
  1.1259453e-001
  2.4986405e-001
  4.1515009e-001
  5.9582804e-001
  7.7606932e-001
  9.3694031e-001
  1.0564024e+000
  1.1122130e+000
  1.0961084e+000
  1.0101178e+000
  8.6623592e-001
  6.8463285e-001
  4.8741578e-001
  2.9459891e-001
  1.2160557e-001
 -2.0732258e-002
 -1.2816497e-001
 -2.0010055e-001
 -2.3816182e-001
 -2.4618644e-001
 -2.3022693e-001
 -1.9843172e-001
 -1.5846181e-001
 -1.1674889e-001
 -7.8218348e-002
 -4.5975453e-002
 -2.1305383e-002
 -3.6732111e-003
  8.5395738e-003
  1.6655674e-002
  2.2036974e-002
  2.5778412e-002
  2.8707218e-002
  3.1382913e-002
  3.4097307e-002
  3.6904299e-002
  3.9927820e-002
  4.3242171e-002
  4.6891720e-002
  5.0919041e-002
  5.5364919e-002
  6.0268350e-002
  6.5666537e-002
  7.1594896e-002
  7.8086803e-002
  8.5152048e-002
  9.2822561e-002
  1.0114294e-001
  1.1014737e-001
  1.1985965e-001
  1.3029313e-001
  1.4145079e-001
  1.5332520e-001
  1.6589850e-001
  1.7914245e-001
  1.9301837e-001
  2.0747721e-001
  2.2245948e-001
  2.3789531e-001
  2.5370440e-001
  2.6979606e-001
  2.8606919e-001
  3.0241227e-001
  3.1872712e-001
  3.3492316e-001
  3.5082861e-001
  3.6627743e-001
  3.8111371e-001
  3.9519162e-001
  4.0837547e-001
  4.2053966e-001
  4.3156868e-001
  4.4135717e-001
  4.4980985e-001
  4.5684156e-001
  4.6237723e-001
  4.6635193e-001
  4.6871080e-001
  4.6940912e-001
  4.6841226e-001
  4.6560230e-001
  4.6095809e-001
  4.5462089e-001
  4.4672964e-001
  4.3742078e-001
  4.2682825e-001
  4.1508352e-001
  4.0231558e-001
  3.8865091e-001
  3.7421351e-001
  3.5912492e-001
  3.4350416e-001
  3.2746777e-001
  3.1112981e-001
  2.9460186e-001
  2.7799300e-001
  2.6140982e-001
  2.4495645e-001
  2.2873450e-001
  2.1284310e-001
  1.9737892e-001
  1.8243612e-001
  1.6810637e-001
  1.5447886e-001
  1.4164029e-001
  1.2966075e-001
  1.1849990e-001
  1.0813494e-001
  9.8551854e-002
  8.9734063e-002
  8.1662354e-002
  7.4314907e-002
  6.7667287e-002
  6.1692451e-002
  5.6360743e-002
  5.1639894e-002
  4.7495024e-002
  4.3888641e-002
  4.0780642e-002
  3.8128311e-002
  3.5886320e-002
  3.4006731e-002
  3.2441444e-002
  3.1167389e-002
  3.0157224e-002
  2.9381233e-002
  2.8811796e-002
  2.8423385e-002
  2.8192566e-002
  2.8097996e-002
  2.8120427e-002
  2.8242704e-002
  2.8449764e-002
  2.8728638e-002
  2.9068450e-002
  2.9472327e-002
  2.9967943e-002
  3.0533753e-002
  3.1146981e-002
  3.1788331e-002
  3.2441981e-002
  3.3095587e-002
  3.3740282e-002
  3.4370674e-002
  3.4984849e-002
  3.5584370e-002
  3.6174275e-002
  3.6763081e-002
  3.7354958e-002
  3.7942632e-002
  3.8525893e-002
  3.9104706e-002
  3.9679045e-002
  4.0248894e-002
  4.0814250e-002
  4.1375117e-002
  4.1931513e-002
  4.2483464e-002
  4.3031008e-002
  4.3574193e-002
  4.4113078e-002
  4.4647733e-002
  4.5178236e-002
  4.5704679e-002
  4.6227162e-002
  4.6745797e-002
  4.7260705e-002
  4.7777839e-002
  4.8307440e-002
  4.8840393e-002
  4.9369548e-002
  4.9890844e-002
  5.0403314e-002
  5.0909084e-002
  5.1413372e-002
  5.1924485e-002
  5.2453827e-002
  5.3015890e-002
  5.3628260e-002
  5.4311615e-002
  5.5089726e-002
  5.5989453e-002
  5.7040752e-002
  5.8276669e-002
  5.9733343e-002
  6.1366387e-002
  6.3227536e-002
  6.5486752e-002
  6.8295252e-002
  7.1785504e-002
  7.6071231e-002
  8.1247407e-002
  8.7390260e-002
  9.4557270e-002
  1.0278717e-001
  1.1209995e-001
  1.2249684e-001
  1.3396035e-001
  1.4645421e-001
  1.5992341e-001
  1.7429423e-001
  1.8947414e-001
  2.0535884e-001
  2.2183486e-001
  2.3847343e-001
  2.5480832e-001
  2.7041611e-001
  2.8491626e-001
  2.9797103e-001
  3.0928558e-001
  3.1860786e-001
  3.2572870e-001
  3.3048178e-001
  3.3274358e-001
  3.3243348e-001
  3.2951367e-001
  3.2398920e-001
  3.1589200e-001
  3.0533793e-001
  2.9275817e-001
  2.7859249e-001
  2.6324932e-001
  2.4710580e-001
  2.3050772e-001
  2.1376955e-001
  1.9717445e-001
  1.8097424e-001
  1.6538940e-001
  1.5060913e-001
  1.3679125e-001
  1.2406230e-001
  1.1251748e-001
  1.0222065e-001
  9.3162766e-002
  8.5196473e-002
  7.8368836e-002
  7.2667504e-002
  6.7986833e-002
  6.4127886e-002
  6.0798432e-002
  5.7612949e-002
  5.4092619e-002
  4.9665335e-002
  4.3693342e-002
  3.5375224e-002
  2.3098759e-002
  6.0279304e-003
 -1.5601230e-002
 -4.0480641e-002
 -6.6230174e-002
 -8.9501191e-002
 -1.0511939e-001
 -1.0644505e-001
 -8.7675535e-002
 -4.3952057e-002
  2.8640369e-002
  1.3307291e-001
  2.7041151e-001
  4.3467888e-001
  6.1464048e-001
  7.9524410e-001
  9.5762029e-001
  1.0790832e+000
  1.1381193e+000
  1.1276469e+000
  1.0493992e+000
  9.1238405e-001
  7.3288349e-001
  5.3440220e-001
  3.3956015e-001
  1.6282400e-001
  1.4964030e-002
 -9.8012140e-002
 -1.7473885e-001
 -2.1646357e-001
 -2.2848524e-001
 -2.1721831e-001
 -1.8916015e-001
 -1.5089096e-001
 -1.0907385e-001
 -7.0292233e-002
 -3.7916872e-002
 -1.2419391e-002
  6.3290730e-003
  1.9054441e-002
  2.7079699e-002
  3.2254290e-002
  3.5792650e-002
  3.8339496e-002
  4.0430593e-002
  4.2451055e-002
  4.4635340e-002
  4.7067255e-002
  4.9748843e-002
  5.2759705e-002
  5.6140632e-002
  5.9930044e-002
  6.4165495e-002
  6.8883670e-002
  7.4120391e-002
  7.9910613e-002
  8.6288204e-002
  9.3268341e-002
  1.0088061e-001
  1.0916157e-001
  1.1813758e-001
  1.2782480e-001
  1.3822916e-001
  1.4934637e-001
  1.6116195e-001
  1.7365120e-001
  1.8677921e-001
  2.0050085e-001
  2.1476078e-001
  2.2949346e-001
  2.4462312e-001
  2.6006379e-001
  2.7571929e-001
  2.9150297e-001
  3.0733073e-001
  3.2304113e-001
  3.3847569e-001
  3.5348321e-001
  3.6791975e-001
  3.8164869e-001
  3.9454065e-001
  4.0647356e-001
  4.1733261e-001
  4.2701029e-001
  4.3540637e-001
  4.4242788e-001
  4.4798915e-001
  4.5201179e-001
  4.5442468e-001
  4.5516386e-001
  4.5413927e-001
  4.5135943e-001
  4.4690140e-001
  4.4084640e-001
  4.3327988e-001
  4.2429145e-001
  4.1397494e-001
  4.0242835e-001
  3.8975389e-001
  3.7605796e-001
  3.6145114e-001
  3.4604820e-001
  3.2996814e-001
  3.1333410e-001
  2.9627346e-001
  2.7891775e-001
  2.6140272e-001
  2.4386831e-001
  2.2645865e-001
  2.0932206e-001
  1.9261105e-001
  1.7645977e-001
  1.6088682e-001
  1.4593517e-001
  1.3164894e-001
  1.1806507e-001
  1.0521341e-001
  9.3116653e-002
  8.1790353e-002
  7.1242941e-002
  6.1475706e-002
  5.2482804e-002
  4.4251257e-002
  3.6760951e-002
  2.9984636e-002
  2.3887929e-002
  1.8429312e-002
  1.3560129e-002
  9.2245927e-003
  5.3675929e-003
  1.9727973e-003
 -9.9615669e-004
 -3.5786664e-003
 -5.8119827e-003
 -7.7312097e-003
 -9.3693050e-003
 -1.0757079e-002
 -1.1923197e-002
 -1.2894176e-002
 -1.3694387e-002
 -1.4346055e-002
 -1.4869256e-002
 -1.5281923e-002
 -1.5599839e-002
 -1.5836643e-002
 -1.6003778e-002
 -1.6102203e-002
 -1.6135490e-002
 -1.6113475e-002
 -1.6045306e-002
 -1.5939448e-002
 -1.5803676e-002
 -1.5645079e-002
 -1.5470062e-002
 -1.5284339e-002
 -1.5092941e-002
 -1.4900210e-002
 -1.4709803e-002
 -1.4524690e-002
 -1.4347153e-002
 -1.4178790e-002
 -1.4020509e-002
 -1.3872533e-002
 -1.3734401e-002
 -1.3604960e-002
 -1.3482374e-002
 -1.3364121e-002
 -1.3246989e-002
 -1.3127082e-002
 -1.3001364e-002
 -1.2873850e-002
 -1.2746839e-002
 -1.2621851e-002
 -1.2500031e-002
 -1.2382145e-002
 -1.2268584e-002
 -1.2159362e-002
 -1.2054118e-002
 -1.1952112e-002
 -1.1852229e-002
 -1.1752977e-002
 -1.1652488e-002
 -1.1548517e-002
 -1.1438443e-002
 -1.1319268e-002
 -1.1187617e-002
 -1.1039740e-002
 -1.0871508e-002
 -1.0678420e-002
 -1.0463758e-002
 -1.0218272e-002
 -9.9126992e-003
 -9.5133777e-003
 -8.9822640e-003
 -8.2769307e-003
 -7.3505674e-003
 -6.1519800e-003
 -4.6255913e-003
 -2.7114410e-003
 -3.4518523e-004
  2.5419032e-003
  6.0229345e-003
  1.0175403e-002
  1.5081184e-002
  2.0826540e-002
  2.7502113e-002
  3.5202931e-002
  4.4028403e-002
  5.4076538e-002
  6.5326199e-002
  7.7702281e-002
  9.1112262e-002
  1.0542857e-001
  1.2048859e-001
  1.3609467e-001
  1.5201409e-001
  1.6797910e-001
  1.8368690e-001
  1.9879965e-001
  2.1294446e-001
  2.2571340e-001
  2.3675277e-001
  2.4580419e-001
  2.5259633e-001
  2.5692644e-001
  2.5866070e-001
  2.5773428e-001
  2.5415130e-001
  2.4798482e-001
  2.3937689e-001
  2.2853849e-001
  2.1574958e-001
  2.0135906e-001
  1.8575400e-001
  1.6923500e-001
  1.5219173e-001
  1.3499035e-001
  1.1795436e-001
  1.0136464e-001
  8.5459393e-002
  7.0434195e-002
  5.6441970e-002
  4.3592993e-002
  3.1954895e-002
  2.1533920e-002
  1.2136118e-002
  3.8564933e-003
 -3.2065691e-003
 -9.0592543e-003
 -1.3812319e-002
 -1.7681089e-002
 -2.0985462e-002
 -2.4149908e-002
 -2.7703466e-002
 -3.2279746e-002
 -3.8616928e-002
 -4.7557766e-002
 -5.9967879e-002
 -7.6860920e-002
 -9.8412447e-002
 -1.2347366e-001
 -1.4957129e-001
 -1.7290766e-001
 -1.8864959e-001
 -1.9095355e-001
 -1.7325322e-001
 -1.3033723e-001
 -5.8435786e-002
  4.4779317e-002
  1.8034454e-001
  3.4494055e-001
  5.2509085e-001
  7.0470019e-001
  8.6610367e-001
  9.9006666e-001
  1.0557942e+000
  1.0482656e+000
  9.7211901e-001
  8.3868243e-001
  6.6339918e-001
  4.6582805e-001
  2.6927810e-001
  9.1244047e-002
 -5.8915923e-002
 -1.7517216e-001
 -2.5511588e-001
 -2.9995910e-001
 -3.1409923e-001
 -3.0307309e-001
 -2.7514619e-001
 -2.3780209e-001
 -1.9724785e-001
 -1.5841404e-001
 -1.2495472e-001
 -9.9120291e-002
 -8.0529218e-002
 -6.7610219e-002
 -5.8953178e-002
 -5.3329265e-002
 -4.9690942e-002
 -4.7171960e-002
 -4.5087577e-002
 -4.3021680e-002
 -4.0855799e-002
 -3.8508711e-002
 -3.5907741e-002
 -3.2988764e-002
 -2.9696201e-002
 -2.5983026e-002
 -2.1810756e-002
 -1.7149460e-002
 -1.1978008e-002
 -6.2761789e-003
  1.8281767e-006
  6.8998882e-003
  1.4453454e-002
  2.2689559e-002
  3.1626813e-002
  4.1275405e-002
  5.1637105e-002
  6.2705259e-002
  7.4464793e-002
  8.6892211e-002
  9.9955598e-002
  1.1361461e-001
  1.2782050e-001
  1.4251608e-001
  1.5764475e-001
  1.7313424e-001
  1.8886265e-001
  2.0470557e-001
  2.2053821e-001
  2.3623536e-001
  2.5167141e-001
  2.6672032e-001
  2.8125568e-001
  2.9515064e-001
  3.0827795e-001
  3.2050997e-001
  3.3171861e-001
  3.4177543e-001
  3.5055152e-001
  3.5791836e-001
  3.6379027e-001
  3.6811206e-001
  3.7083421e-001
  3.7192299e-001
  3.7136046e-001
  3.6914448e-001
  3.6528870e-001
  3.5982256e-001
  3.5279130e-001
  3.4425596e-001
  3.3429335e-001
  3.2299611e-001
  3.1047264e-001
  2.9684715e-001
  2.8225964e-001
  2.6686591e-001
  2.5083471e-001
  2.3427186e-001
  2.1731054e-001
  2.0010454e-001
  1.8279695e-001
  1.6552026e-001
  1.4839626e-001
  1.3153610e-001
  1.1504027e-001
  9.8998627e-002
  8.3490339e-002
  6.8583937e-002
  5.4337292e-002
  4.0797619e-002
  2.8001479e-002
  1.5974775e-002
  4.7361169e-003
 -5.6713384e-003
 -1.5263537e-002
 -2.4074971e-002
 -3.2140027e-002
 -3.9492979e-002
 -4.6167993e-002
 -5.2199125e-002
 -5.7620323e-002
 -6.2465425e-002
 -6.6768159e-002
 -7.0562145e-002
 -7.3880892e-002
 -7.6757803e-002
 -7.9226167e-002
 -8.1319168e-002
 -8.3069878e-002
 -8.4511261e-002
 -8.5676172e-002
 -8.6597355e-002
 -8.7307446e-002
 -8.7838972e-002
 -8.8224349e-002
 -8.8492696e-002
 -8.8605904e-002
 -8.8563360e-002
 -8.8390303e-002
 -8.8110002e-002
 -8.7743756e-002
 -8.7310894e-002
 -8.6828777e-002
 -8.6312794e-002
 -8.5776366e-002
 -8.5230943e-002
 -8.4686006e-002
 -8.4149067e-002
 -8.3625666e-002
 -8.3119376e-002
 -8.2631798e-002
 -8.2162565e-002
 -8.1709339e-002
 -8.1267813e-002
 -8.0831710e-002
 -8.0392783e-002
 -7.9940817e-002
 -7.9469919e-002
 -7.8988882e-002
 -7.8501311e-002
 -7.8010158e-002
 -7.7517993e-002
 -7.7027011e-002
 -7.6539027e-002
 -7.6055480e-002
 -7.5577429e-002
 -7.5105555e-002
 -7.4640163e-002
 -7.4181176e-002
 -7.3728143e-002
 -7.3280232e-002
 -7.2836235e-002
 -7.2394564e-002
 -7.1953254e-002
 -7.1509962e-002
 -7.1061966e-002
 -7.0606168e-002
 -7.0139088e-002
 -6.9656872e-002
 -6.9155286e-002
 -6.8629718e-002
 -6.8075177e-002
 -6.7486295e-002
 -6.6857327e-002
 -6.6182148e-002
 -6.5453343e-002
 -6.4644813e-002
 -6.3725256e-002
 -6.2660266e-002
 -6.1408676e-002
 -5.9922555e-002
 -5.8147212e-002
 -5.6021191e-002
 -5.3476274e-002