10951
10671
13643
15109
12602
12295
12056
12376
14146
12993
14206
13603
13044
12132
13606
15876
14316
12675
14290
15170
15065
16273
16505
16060
16964
17675
15548
17275
22318
21117
23326
27224
28794
19554
19601
27330
29260
29591
29509
28883
32390
32702
31748
28157
32898
32909
34087
31760
35105
31767
35608
35094
32674
35438
36270
35369
36742
36615
36748
37289
38277
37825
34107
42106
49218
55002
51820
60111
58980
56281
60731
62870
63653
65574
59721
65205
61340
59538
55018
65002
66740
63595
63202
59822
65653
62089
64107
70440
65237
66885
62929
68011
71948
72940
74873
72523
78868
79610
74635
80178
79802
82737
81259
81697
80502
78160
80078
83807
84608
89889
81894
95400
91214
89767
89726
97896
103416
107646
120409
109626
100276
118065
116504
134251
134667
144760
144438
159168
168255
175231
174530
173720
179821
185780
270327
196949
202968
213178
210912
213598
210297