21.2697
17.7737
14.7318
12.3351
10.7342
10.0296
10.2657
11.4276
13.4423
16.1832
19.4781
23.1200
26.8800
30.5219
33.8168
36.5577
38.5724
39.7343
39.9704
39.2658
37.6649
35.2682
32.2263
28.7303
25.0000
21.2697
17.7737
14.7318
12.3351
10.7342
10.0296
10.2657
11.4276
13.4423
16.1832
19.4781
23.1200
26.8800
30.5219
33.8168
36.5577
38.5724
39.7343
39.9704
39.2658
37.6649
35.2682
32.2263
28.7303
25.0000
21.2697
17.7737
14.7318
12.3351
10.7342
10.0296
10.2657
11.4276
13.4423
16.1832
19.4781
23.1200
26.8800
30.5219
33.8168
36.5577
38.5724
39.7343
39.9704
39.2658
37.6649
35.2682
32.2263
28.7303
25.0000
21.2697
17.7737
14.7318
12.3351
10.7342
10.0296
10.2657
11.4276
13.4423
16.1832
19.4781
23.1200
26.8800
30.5219
33.8168
36.5577
38.5724
39.7343
39.9704
39.2658
37.6649
35.2682
32.2263
28.7303
25.0000
21.2697
17.7737
14.7318
12.3351
10.7342
10.0296
10.2657
11.4276
13.4423
16.1832
19.4781
23.1200
26.8800
30.5219
33.8168
36.5577
38.5724
39.7343
39.9704
39.2658
37.6649
35.2682
32.2263
28.7303
25.0000
21.2697
17.7737
14.7318
12.3351
10.7342
10.0296
10.2657
11.4276
13.4423
16.1832
19.4781
23.1200
26.8800
30.5219
33.8168
36.5577
38.5724
39.7343
39.9704
39.2658
37.6649
35.2682
32.2263
28.7303
25.0000
21.2697
17.7737
14.7318
12.3351
10.7342
10.0296
10.2657
11.4276
13.4423
16.1832
19.4781
23.1200
26.8800
30.5219
33.8168
36.5577
38.5724
39.7343
39.9704
39.2658
37.6649
35.2682
32.2263
28.7303
25.0000
21.2697
17.7737
14.7318
12.3351
10.7342
10.0296
10.2657
11.4276
13.4423
16.1832
19.4781
23.1200
26.8800
30.5219
33.8168
36.5577
38.5724
39.7343
39.9704
39.2658
37.6649
35.2682
32.2263
28.7303
25.0000
21.2697
17.7737
14.7318
12.3351
10.7342
10.0296
10.2657
11.4276
13.4423
16.1832
19.4781
23.1200
26.8800
30.5219
33.8168
36.5577
38.5724
39.7343
39.9704
39.2658
37.6649
35.2682
32.2263
28.7303
25.0000
21.2697
17.7737
14.7318
12.3351
10.7342
10.0296
10.2657
11.4276
13.4423
16.1832
19.4781
23.1200
26.8800
30.5219
33.8168
36.5577
38.5724
39.7343
39.9704
39.2658
37.6649
35.2682
32.2263
28.7303
25.0000
21.2697
17.7737
14.7318
12.3351
10.7342
10.0296
10.2657
11.4276
13.4423
16.1832
19.4781
23.1200
26.8800
30.5219
33.8168
36.5577
38.5724
39.7343
39.9704
39.2658
37.6649
35.2682
32.2263
28.7303
25.0000
21.2697
17.7737
14.7318
12.3351
10.7342
10.0296
10.2657
11.4276
13.4423
16.1832
19.4781
23.1200
26.8800
30.5219
33.8168
36.5577
38.5724
39.7343
39.9704
39.2658
37.6649
35.2682
32.2263
28.7303
25.0000
21.2697
17.7737
14.7318
12.3351
10.7342
10.0296
10.2657
11.4276
13.4423
16.1832
19.4781
23.1200
26.8800
30.5219
33.8168
36.5577
38.5724
39.7343
39.9704
39.2658
37.6649
35.2682
32.2263
28.7303
25.0000
21.2697
17.7737
14.7318
12.3351
10.7342
10.0296
10.2657
11.4276
13.4423
16.1832
19.4781
23.1200
26.8800
30.5219
33.8168
36.5577
38.5724
39.7343
39.9704
39.2658
37.6649
35.2682
32.2263
28.7303
25.0000
21.2697
17.7737
14.7318
12.3351
10.7342
10.0296
10.2657
11.4276
13.4423
16.1832
19.4781
23.1200
26.8800
30.5219
33.8168
36.5577
38.5724
39.7343
39.9704
39.2658
37.6649
35.2682
32.2263
28.7303
25.0000
21.2697
17.7737
14.7318
12.3351
10.7342
10.0296
10.2657
11.4276
13.4423
16.1832
19.4781
23.1200
26.8800
30.5219
33.8168
36.5577
38.5724
39.7343
39.9704
39.2658
37.6649
35.2682
32.2263
28.7303
25.0000
21.2697
17.7737
14.7318
12.3351
10.7342
10.0296
10.2657
11.4276
13.4423
16.1832
19.4781
23.1200
26.8800
30.5219
33.8168
36.5577
38.5724
39.7343
39.9704
39.2658
37.6649
35.2682
32.2263
28.7303
25.0000
21.2697
17.7737
14.7318
12.3351
10.7342
10.0296
10.2657
11.4276
13.4423
16.1832
19.4781
23.1200
26.8800
30.5219
33.8168
36.5577
38.5724
39.7343
39.9704
39.2658
37.6649
35.2682
32.2263
28.7303
25.0000
21.2697
17.7737
14.7318
12.3351
10.7342
10.0296
10.2657
11.4276
13.4423
16.1832
19.4781
23.1200
26.8800
30.5219
33.8168
36.5577
38.5724
39.7343
39.9704
39.2658
37.6649
35.2682
32.2263
28.7303
25.0000
21.2697
17.7737
14.7318
12.3351
10.7342
10.0296
10.2657
11.4276
13.4423
16.1832
19.4781
23.1200
26.8800
30.5219
33.8168
36.5577
38.5724
39.7343
39.9704
39.2658
37.6649
35.2682
32.2263
28.7303
25.0000
21.2697
17.7737
14.7318
12.3351
10.7342
10.0296
10.2657
11.4276
13.4423
16.1832
19.4781
23.1200
26.8800
30.5219
33.8168
36.5577
38.5724
39.7343
39.9704
39.2658
37.6649
35.2682
32.2263
28.7303
25.0000
21.2697
17.7737
14.7318
12.3351
10.7342
10.0296
10.2657
11.4276
13.4423
16.1832
19.4781
23.1200
26.8800
30.5219
33.8168
36.5577
38.5724
39.7343
39.9704
39.2658
37.6649
35.2682
32.2263
28.7303
25.0000
21.2697
17.7737
14.7318
12.3351
10.7342
10.0296
10.2657
11.4276
13.4423
16.1832
19.4781
23.1200
26.8800
30.5219
33.8168
36.5577
38.5724
39.7343
39.9704
39.2658
37.6649
35.2682
32.2263
28.7303
25.0000
21.2697
17.7737
14.7318
12.3351
10.7342
10.0296
10.2657
11.4276
13.4423
16.1832
19.4781
23.1200
26.8800
30.5219
33.8168
36.5577
38.5724
39.7343
39.9704
39.2658
37.6649
35.2682
32.2263
28.7303
25.0000
21.2697
17.7737
14.7318
12.3351
10.7342
10.0296
10.2657
11.4276
13.4423
16.1832
19.4781
23.1200
26.8800
30.5219
33.8168
36.5577
38.5724
39.7343
39.9704
39.2658
37.6649
35.2682
32.2263
28.7303
25.0000
21.2697
17.7737
14.7318
12.3351
10.7342
10.0296
10.2657
11.4276
13.4423
16.1832
19.4781
23.1200
26.8800
30.5219
33.8168
36.5577
38.5724
39.7343
39.9704
39.2658
37.6649
35.2682
32.2263
28.7303
25.0000
21.2697
17.7737
14.7318
12.3351
10.7342
10.0296
10.2657
11.4276
13.4423
16.1832
19.4781
23.1200
26.8800
30.5219
33.8168
36.5577
38.5724
39.7343
39.9704
39.2658
37.6649
35.2682
32.2263
28.7303
25.0000
21.2697
17.7737
14.7318
12.3351
10.7342
10.0296
10.2657
11.4276
13.4423
16.1832
19.4781
23.1200
26.8800
30.5219
33.8168
36.5577
38.5724
39.7343
39.9704
39.2658
37.6649
35.2682
32.2263
28.7303
25.0000
21.2697
17.7737
14.7318
12.3351
10.7342
10.0296
10.2657
11.4276
13.4423
16.1832
19.4781
23.1200
26.8800
30.5219
33.8168
36.5577
38.5724
39.7343
39.9704
39.2658
37.6649
35.2682
32.2263
28.7303
25.0000
21.2697
17.7737
14.7318
12.3351
10.7342
10.0296
10.2657
11.4276
13.4423
16.1832
19.4781
23.1200
26.8800
30.5219
33.8168
36.5577
38.5724
39.7343
39.9704
39.2658
37.6649
35.2682
32.2263
28.7303
25.0000
21.2697
17.7737
14.7318
12.3351
10.7342
10.0296
10.2657
11.4276
13.4423
16.1832
19.4781
23.1200
26.8800
30.5219
33.8168
36.5577
38.5724
39.7343
39.9704
39.2658
37.6649
35.2682
32.2263
28.7303
25.0000
21.2697
17.7737
14.7318
12.3351
10.7342
10.0296
10.2657
11.4276
13.4423
16.1832
19.4781
23.1200
26.8800
30.5219
33.8168