21.2497
17.7337
14.6718
12.2551
10.6342
9.9096
10.1257
11.2676
13.2623
15.9832
19.2581
22.8800
26.6200
30.2419
33.5168
36.2377
38.2324
39.3743
39.5904
38.8658
37.2449
34.8282
31.7663
28.2503
24.5000
20.7497
17.2337
14.1718
11.7551
10.1342
9.4096
9.6257
10.7676
12.7623
15.4832
18.7581
22.3800
26.1200
29.7419
33.0168
35.7377
37.7324
38.8743
39.0904
38.3658
36.7449
34.3282
31.2663
27.7503
24.0000
20.2497
16.7337
13.6718
11.2551
9.6342
8.9096
9.1257
10.2676
12.2623
14.9832
18.2581
21.8800
25.6200
29.2419
32.5168
35.2377
37.2324
38.3743
38.5904
37.8658
36.2449
33.8282
30.7663
27.2503
23.5000
19.7497
16.2337
13.1718
10.7551
9.1342
8.4096
8.6257
9.7676
11.7623
14.4832
17.7581
21.3800
25.1200
28.7419
32.0168
34.7377
36.7324
37.8743
38.0904
37.3658
35.7449
33.3282
30.2663
26.7503
23.0000
19.2497
15.7337
12.6718
10.2551
8.6342
7.9096
8.1257
9.2676
11.2623
13.9832
17.2581
20.8800
24.6200
28.2419
31.5168
34.2377
36.2324
37.3743
37.5904
36.8658
35.2449
32.8282
29.7663
26.2503
22.5000
18.7497
15.2337
12.1718
9.7551
8.1342
7.4096
7.6257
8.7676
10.7623
13.4832
16.7581
20.3800
24.1200
27.7419
31.0168
33.7377
35.7324
36.8743
37.0904
36.3658
34.7449
32.3282
29.2663
25.7503
22.0000
18.2497
14.7337
11.6718
9.2551
7.6342
6.9096
7.1257
8.2676
10.2623
12.9832
16.2581
19.8800
23.6200
27.2419
30.5168
33.2377
35.2324
36.3743
36.5904
35.8658
34.2449
31.8282
28.7663
25.2503
21.5000
17.7497
14.2337
11.1718
8.7551
7.1342
6.4096
6.6257
7.7676
9.7623
12.4832
15.7581
19.3800
23.1200
26.7419
30.0168
32.7377
34.7324
35.8743
36.0904
35.3658
33.7449
31.3282
28.2663
24.7503
21.0000
17.2497
13.7337
10.6718
8.2551
6.6342
5.9096
6.1257
7.2676
9.2623
11.9832
15.2581
18.8800
22.6200
26.2419
29.5168
32.2377
34.2324
35.3743
35.5904
34.8658
33.2449
30.8282
27.7663
24.2503
20.5000
16.7497
13.2337
10.1718
7.7551
6.1342
5.4096
5.6257
6.7676
8.7623
11.4832
14.7581
18.3800
22.1200
25.7419
29.0168
31.7377
33.7324
34.8743
35.0904
34.3658
32.7449
30.3282
27.2663
23.7503
20.0000
16.2497
12.7337
9.6718
7.2551
5.6342
4.9096
5.1257
6.2676
8.2623
10.9832
14.2581
17.8800
21.6200
25.2419
28.5168
31.2377
33.2324
34.3743
34.5904
33.8658
32.2449
29.8282
26.7663
23.2503
19.5000
15.7497
12.2337
9.1718
6.7551
5.1342
4.4096
4.6257
5.7676
7.7623
10.4832
13.7581
17.3800
21.1200
24.7419
28.0168
30.7377
32.7324
33.8743
34.0904
33.3658
31.7449
29.3282
26.2663
22.7503
19.0000
15.2497
11.7337
8.6718
6.2551
4.6342
3.9096
4.1257
5.2676
7.2623
9.9832
13.2581
16.8800
20.6200
24.2419
27.5168
30.2377
32.2324
33.3743
33.5904
32.8658
31.2449
28.8282
25.7663
22.2503
18.5000
14.7497
11.2337
8.1718
5.7551
4.1342
3.4096
3.6257
4.7676
6.7623
9.4832
12.7581
16.3800
20.1200
23.7419
27.0168
29.7377
31.7324
32.8743
33.0904
32.3658
30.7449
28.3282
25.2663
21.7503
18.0000
14.2497
10.7337
7.6718
5.2551
3.6342
2.9096
3.1257
4.2676
6.2623
8.9832
12.2581
15.8800
19.6200
23.2419
26.5168
29.2377
31.2324
32.3743
32.5904
31.8658
30.2449
27.8282
24.7663
21.2503
17.5000
13.7497
10.2337
7.1718
4.7551
3.1342
2.4096
2.6257
3.7676
5.7623
8.4832
11.7581
15.3800
19.1200
22.7419
26.0168
28.7377
30.7324
31.8743
32.0904
31.3658
29.7449
27.3282
24.2663
20.7503
17.0000
13.2497
9.7337
6.6718
4.2551
2.6342
1.9096
2.1257
3.2676
5.2623
7.9832
11.2581
14.8800
18.6200
22.2419
25.5168
28.2377
30.2324
31.3743
31.5904
30.8658
29.2449
26.8282
23.7663
20.2503
16.5000
12.7497
9.2337
6.1718
3.7551
2.1342
1.4096
1.6257
2.7676
4.7623
7.4832
10.7581
14.3800
18.1200
21.7419
25.0168
27.7377
29.7324
30.8743
31.0904
30.3658
28.7449
26.3282
23.2663
19.7503
16.0000
12.2497
8.7337
5.6718
3.2551
1.6342
0.9096
1.1257
2.2676
4.2623
6.9832
10.2581
13.8800
17.6200
21.2419
24.5168
27.2377
29.2324
30.3743
30.5904
29.8658
28.2449
25.8282
22.7663
19.2503
15.5000
11.7497
8.2337
5.1718
2.7551
1.1342
0.4096
0.6257
1.7676
3.7623
6.4832
9.7581
13.3800
17.1200
20.7419
24.0168
26.7377
28.7324
29.8743
30.0904
29.3658
27.7449
25.3282
22.2663
18.7503
15.0000
11.2497
7.7337
4.6718
2.2551
0.6342
-0.0904
0.1257
1.2676
3.2623
5.9832
9.2581
12.8800
16.6200
20.2419
23.5168
26.2377
28.2324
29.3743
29.5904
28.8658
27.2449
24.8282
21.7663
18.2503
14.5000
10.7497
7.2337
4.1718
1.7551
0.1342
-0.5904
-0.3743
0.7676
2.7623
5.4832
8.7581
12.3800
16.1200
19.7419
23.0168
25.7377
27.7324
28.8743
29.0904
28.3658
26.7449
24.3282
21.2663
17.7503
14.0000
10.2497
6.7337
3.6718
1.2551
-0.3658
-1.0904
-0.8743
0.2676
2.2623
4.9832
8.2581
11.8800
15.6200
19.2419
22.5168
25.2377
27.2324
28.3743
28.5904
27.8658
26.2449
23.8282
20.7663
17.2503
13.5000
9.7497
6.2337
3.1718
0.7551
-0.8658
-1.5904
-1.3743
-0.2324
1.7623
4.4832
7.7581
11.3800
15.1200
18.7419
22.0168
24.7377
26.7324
27.8743
28.0904
27.3658
25.7449
23.3282
20.2663
16.7503
13.0000
9.2497
5.7337
2.6718
0.2551
-1.3658
-2.0904
-1.8743
-0.7324
1.2623
3.9832
7.2581
10.8800
14.6200
18.2419
21.5168
24.2377
26.2324
27.3743
27.5904
26.8658
25.2449
22.8282
19.7663
16.2503
12.5000
8.7497
5.2337
2.1718
-0.2449
-1.8658
-2.5904
-2.3743
-1.2324
0.7623
3.4832
6.7581
10.3800
14.1200
17.7419
21.0168
23.7377
25.7324
26.8743
27.0904
26.3658
24.7449
22.3282
19.2663
15.7503
12.0000
8.2497
4.7337
1.6718
-0.7449
-2.3658
-3.0904
-2.8743
-1.7324
0.2623
2.9832
6.2581
9.8800
13.6200
17.2419
20.5168
23.2377
25.2324
26.3743
26.5904
25.8658
24.2449
21.8282
18.7663
15.2503
11.5000
7.7497
4.2337
1.1718
-1.2449
-2.8658
-3.5904
-3.3743
-2.2324
-0.2377
2.4832
5.7581
9.3800
13.1200
16.7419
20.0168
22.7377
24.7324
25.8743
26.0904
25.3658
23.7449
21.3282
18.2663
14.7503
11.0000
7.2497
3.7337
0.6718
-1.7449
-3.3658
-4.0904
-3.8743
-2.7324
-0.7377
1.9832
5.2581
8.8800
12.6200
16.2419
19.5168
22.2377
24.2324
25.3743
25.5904
24.8658
23.2449
20.8282
17.7663
14.2503
10.5000
6.7497
3.2337
0.1718
-2.2449
-3.8658
-4.5904
-4.3743
-3.2324
-1.2377
1.4832
4.7581
8.3800
12.1200
15.7419
19.0168
21.7377
23.7324
24.8743
25.0904
24.3658
22.7449
20.3282
17.2663
13.7503
10.0000
6.2497
2.7337
-0.3282
-2.7449
-4.3658
-5.0904
-4.8743
-3.7324
-1.7377
0.9832
4.2581
7.8800
11.6200
15.2419
18.5168
21.2377
23.2324
24.3743
24.5904
23.8658
22.2449
19.8282
16.7663
13.2503
9.5000
5.7497
2.2337
-0.8282
-3.2449
-4.8658
-5.5904
-5.3743
-4.2324
-2.2377
0.4832
3.7581
7.3800
11.1200
14.7419
18.0168