21.2897
17.8137
14.7918
12.4151
10.8342
10.1496
10.4057
11.5876
13.6223
16.3832
19.6981
23.3600
27.1400
30.8019
34.1168
36.8777
38.9124
40.0943
40.3504
39.6658
38.0849
35.7082
32.6863
29.2103
25.5000
21.7897
18.3137
15.2918
12.9151
11.3342
10.6496
10.9057
12.0876
14.1223
16.8832
20.1981
23.8600
27.6400
31.3019
34.6168
37.3777
39.4124
40.5943
40.8504
40.1658
38.5849
36.2082
33.1863
29.7103
26.0000
22.2897
18.8137
15.7918
13.4151
11.8342
11.1496
11.4057
12.5876
14.6223
17.3832
20.6981
24.3600
28.1400
31.8019
35.1168
37.8777
39.9124
41.0943
41.3504
40.6658
39.0849
36.7082
33.6863
30.2103
26.5000
22.7897
19.3137
16.2918
13.9151
12.3342
11.6496
11.9057
13.0876
15.1223
17.8832
21.1981
24.8600
28.6400
32.3019
35.6168
38.3777
40.4124
41.5943
41.8504
41.1658
39.5849
37.2082
34.1863
30.7103
27.0000
23.2897
19.8137
16.7918
14.4151
12.8342
12.1496
12.4057
13.5876
15.6223
18.3832
21.6981
25.3600
29.1400
32.8019
36.1168
38.8777
40.9124
42.0943
42.3504
41.6658
40.0849
37.7082
34.6863
31.2103
27.5000
23.7897
20.3137
17.2918
14.9151
13.3342
12.6496
12.9057
14.0876
16.1223
18.8832
22.1981
25.8600
29.6400
33.3019
36.6168
39.3777
41.4124
42.5943
42.8504
42.1658
40.5849
38.2082
35.1863
31.7103
28.0000
24.2897
20.8137
17.7918
15.4151
13.8342
13.1496
13.4057
14.5876
16.6223
19.3832
22.6981
26.3600
30.1400
33.8019
37.1168
39.8777
41.9124
43.0943
43.3504
42.6658
41.0849
38.7082
35.6863
32.2103
28.5000
24.7897
21.3137
18.2918
15.9151
14.3342
13.6496
13.9057
15.0876
17.1223
19.8832
23.1981
26.8600
30.6400
34.3019
37.6168
40.3777
42.4124
43.5943
43.8504
43.1658
41.5849
39.2082
36.1863
32.7103
29.0000
25.2897
21.8137
18.7918
16.4151
14.8342
14.1496
14.4057
15.5876
17.6223
20.3832
23.6981
27.3600
31.1400
34.8019
38.1168
40.8777
42.9124
44.0943
44.3504
43.6658
42.0849
39.7082
36.6863
33.2103
29.5000
25.7897
22.3137
19.2918
16.9151
15.3342
14.6496
14.9057
16.0876
18.1223
20.8832
24.1981
27.8600
31.6400
35.3019
38.6168
41.3777
43.4124
44.5943
44.8504
44.1658
42.5849
40.2082
37.1863
33.7103
30.0000
26.2897
22.8137
19.7918
17.4151
15.8342
15.1496
15.4057
16.5876
18.6223
21.3832
24.6981
28.3600
32.1400
35.8019
39.1168
41.8777
43.9124
45.0943
45.3504
44.6658
43.0849
40.7082
37.6863
34.2103
30.5000
26.7897
23.3137
20.2918
17.9151
16.3342
15.6496
15.9057
17.0876
19.1223
21.8832
25.1981
28.8600
32.6400
36.3019
39.6168
42.3777
44.4124
45.5943
45.8504
45.1658
43.5849
41.2082
38.1863
34.7103
31.0000
27.2897
23.8137
20.7918
18.4151
16.8342
16.1496
16.4057
17.5876
19.6223
22.3832
25.6981
29.3600
33.1400
36.8019
40.1168
42.8777
44.9124
46.0943
46.3504
45.6658
44.0849
41.7082
38.6863
35.2103
31.5000
27.7897
24.3137
21.2918
18.9151
17.3342
16.6496
16.9057
18.0876
20.1223
22.8832
26.1981
29.8600
33.6400
37.3019
40.6168
43.3777
45.4124
46.5943
46.8504
46.1658
44.5849
42.2082
39.1863
35.7103
32.0000
28.2897
24.8137
21.7918
19.4151
17.8342
17.1496
17.4057
18.5876
20.6223
23.3832
26.6981
30.3600
34.1400
37.8019
41.1168
43.8777
45.9124
47.0943
47.3504
46.6658
45.0849
42.7082
39.6863
36.2103
32.5000
28.7897
25.3137
22.2918
19.9151
18.3342
17.6496
17.9057
19.0876
21.1223
23.8832
27.1981
30.8600
34.6400
38.3019
41.6168
44.3777
46.4124
47.5943
47.8504
47.1658
45.5849
43.2082
40.1863
36.7103
33.0000
29.2897
25.8137
22.7918
20.4151
18.8342
18.1496
18.4057
19.5876
21.6223
24.3832
27.6981
31.3600
35.1400
38.8019
42.1168
44.8777
46.9124
48.0943
48.3504
47.6658
46.0849
43.7082
40.6863
37.2103
33.5000
29.7897
26.3137
23.2918
20.9151
19.3342
18.6496
18.9057
20.0876
22.1223
24.8832
28.1981
31.8600
35.6400
39.3019
42.6168
45.3777
47.4124
48.5943
48.8504
48.1658
46.5849
44.2082
41.1863
37.7103
34.0000
30.2897
26.8137
23.7918
21.4151
19.8342
19.1496
19.4057
20.5876
22.6223
25.3832
28.6981
32.3600
36.1400
39.8019
43.1168
45.8777
47.9124
49.0943
49.3504
48.6658
47.0849
44.7082
41.6863
38.2103
34.5000
30.7897
27.3137
24.2918
21.9151
20.3342
19.6496
19.9057
21.0876
23.1223
25.8832
29.1981
32.8600
36.6400
40.3019
43.6168
46.3777
48.4124
49.5943
49.8504
49.1658
47.5849
45.2082
42.1863
38.7103
35.0000
31.2897
27.8137
24.7918
22.4151
20.8342
20.1496
20.4057
21.5876
23.6223
26.3832
29.6981
33.3600
37.1400
40.8019
44.1168
46.8777
48.9124
50.0943
50.3504
49.6658
48.0849
45.7082
42.6863
39.2103
35.5000
31.7897
28.3137
25.2918
22.9151
21.3342
20.6496
20.9057
22.0876
24.1223
26.8832
30.1981
33.8600
37.6400
41.3019
44.6168
47.3777
49.4124
50.5943
50.8504
50.1658
48.5849
46.2082
43.1863
39.7103
36.0000
32.2897
28.8137
25.7918
23.4151
21.8342
21.1496
21.4057
22.5876
24.6223
27.3832
30.6981
34.3600
38.1400
41.8019
45.1168
47.8777
49.9124
51.0943
51.3504
50.6658
49.0849
46.7082
43.6863
40.2103
36.5000
32.7897
29.3137
26.2918
23.9151
22.3342
21.6496
21.9057
23.0876
25.1223
27.8832
31.1981
34.8600
38.6400
42.3019
45.6168
48.3777
50.4124
51.5943
51.8504
51.1658
49.5849
47.2082
44.1863
40.7103
37.0000
33.2897
29.8137
26.7918
24.4151
22.8342
22.1496
22.4057
23.5876
25.6223
28.3832
31.6981
35.3600
39.1400
42.8019
46.1168
48.8777
50.9124
52.0943
52.3504
51.6658
50.0849
47.7082
44.6863
41.2103
37.5000
33.7897
30.3137
27.2918
24.9151
23.3342
22.6496
22.9057
24.0876
26.1223
28.8832
32.1981
35.8600
39.6400
43.3019
46.6168
49.3777
51.4124
52.5943
52.8504
52.1658
50.5849
48.2082
45.1863
41.7103
38.0000
34.2897
30.8137
27.7918
25.4151
23.8342
23.1496
23.4057
24.5876
26.6223
29.3832
32.6981
36.3600
40.1400
43.8019
47.1168
49.8777
51.9124
53.0943
53.3504
52.6658
51.0849
48.7082
45.6863
42.2103
38.5000
34.7897
31.3137
28.2918
25.9151
24.3342
23.6496
23.9057
25.0876
27.1223
29.8832
33.1981
36.8600
40.6400
44.3019
47.6168
50.3777
52.4124
53.5943
53.8504
53.1658
51.5849
49.2082
46.1863
42.7103
39.0000
35.2897
31.8137
28.7918
26.4151
24.8342
24.1496
24.4057
25.5876
27.6223
30.3832
33.6981
37.3600
41.1400
44.8019
48.1168
50.8777
52.9124
54.0943
54.3504
53.6658
52.0849
49.7082
46.6863
43.2103
39.5000
35.7897
32.3137
29.2918
26.9151
25.3342
24.6496
24.9057
26.0876
28.1223
30.8832
34.1981
37.8600
41.6400
45.3019
48.6168
51.3777
53.4124
54.5943
54.8504
54.1658
52.5849
50.2082
47.1863
43.7103
40.0000
36.2897
32.8137
29.7918
27.4151
25.8342
25.1496
25.4057
26.5876
28.6223
31.3832
34.6981
38.3600
42.1400
45.8019
49.1168
51.8777
53.9124
55.0943
55.3504
54.6658
53.0849
50.7082
47.6863
44.2103
40.5000
36.7897
33.3137
30.2918
27.9151
26.3342
25.6496
25.9057
27.0876
29.1223
31.8832
35.1981
38.8600
42.6400
46.3019
49.6168