27.8398
28.0246
28.0659
27.9839
27.8062
27.5657
27.2985
27.0413
26.8292
26.6932
26.6582
26.7414
26.9507
27.2849
27.7327
28.2743
28.8819
29.5217
30.1559
30.7452
31.2510
31.6382
31.8772
31.9456
31.8301
31.5272
31.0433
30.3948
29.6067
28.7115
27.7471
26.7547
25.7762
24.8516
24.0170
23.3022
22.7291
22.3103
22.0489
21.9379
21.9613
22.0949
22.3084
22.5668
22.8336
23.0725
23.2501
23.3382
23.3157
23.1699
22.8973
22.5044
22.0066
21.4281
20.7999
20.1581
19.5414
18.9892
18.5385
18.2222
18.0662
18.0887
18.2981
18.6929
19.2617
19.9837
20.8298
21.7646
22.7482
23.7389
24.6952
25.5790
26.3569
27.0031
27.5000
27.8398
28.0246
28.0659
27.9839
27.8062
27.5657
27.2985
27.0413
26.8292
26.6932
26.6582
26.7414
26.9507
27.2849
27.7327
28.2743
28.8819
29.5217
30.1559
30.7452
31.2510
31.6382
31.8772
31.9456
31.8301
31.5272
31.0433
30.3948
29.6067
28.7115
27.7471
26.7547
25.7762
24.8516
24.0170
23.3022
22.7291
22.3103
22.0489
21.9379
21.9613
22.0949
22.3084
22.5668
22.8336
23.0725
23.2501
23.3382
23.3157
23.1699
22.8973
22.5044
22.0066
21.4281
20.7999
20.1581
19.5414
18.9892
18.5385
18.2222
18.0662
18.0887
18.2981
18.6929
19.2617
19.9837
20.8298
21.7646
22.7482
23.7389
24.6952
25.5790
26.3569
27.0031
27.5000
27.8398
28.0246
28.0659
27.9839
27.8062
27.5657
27.2985
27.0413
26.8292
26.6932
26.6582
26.7414
26.9507
27.2849
27.7327
28.2743
28.8819
29.5217
30.1559
30.7452
31.2510
31.6382
31.8772
31.9456
31.8301
31.5272
31.0433
30.3948
29.6067
28.7115
27.7471
26.7547
25.7762
24.8516
24.0170
23.3022
22.7291
22.3103
22.0489
21.9379
21.9613
22.0949
22.3084
22.5668
22.8336
23.0725
23.2501
23.3382
23.3157
23.1699
22.8973
22.5044
22.0066
21.4281
20.7999
20.1581
19.5414
18.9892
18.5385
18.2222
18.0662
18.0887
18.2981
18.6929
19.2617
19.9837
20.8298
21.7646
22.7482
23.7389
24.6952
25.5790
26.3569
27.0031
27.5000
27.8398
28.0246
28.0659
27.9839
27.8062
27.5657
27.2985
27.0413
26.8292
26.6932
26.6582
26.7414
26.9507
27.2849
27.7327
28.2743
28.8819
29.5217
30.1559
30.7452
31.2510
31.6382
31.8772
31.9456
31.8301
31.5272
31.0433
30.3948
29.6067
28.7115
27.7471
26.7547
25.7762
24.8516
24.0170
23.3022
22.7291
22.3103
22.0489
21.9379
21.9613
22.0949
22.3084
22.5668
22.8336
23.0725
23.2501
23.3382
23.3157
23.1699
22.8973
22.5044
22.0066
21.4281
20.7999
20.1581
19.5414
18.9892
18.5385
18.2222
18.0662
18.0887
18.2981
18.6929
19.2617
19.9837
20.8298
21.7646
22.7482
23.7389
24.6952
25.5790
26.3569
27.0031
27.5000
27.8398
28.0246
28.0659
27.9839
27.8062
27.5657
27.2985
27.0413
26.8292
26.6932
26.6582
26.7414
26.9507
27.2849
27.7327
28.2743
28.8819
29.5217
30.1559
30.7452
31.2510
31.6382
31.8772
31.9456
31.8301
31.5272
31.0433
30.3948
29.6067
28.7115
27.7471
26.7547
25.7762
24.8516
24.0170
23.3022
22.7291
22.3103
22.0489
21.9379
21.9613
22.0949
22.3084
22.5668
22.8336
23.0725
23.2501
23.3382
23.3157
23.1699
22.8973
22.5044
22.0066
21.4281
20.7999
20.1581
19.5414
18.9892
18.5385
18.2222
18.0662
18.0887
18.2981
18.6929
19.2617
19.9837
20.8298
21.7646
22.7482
23.7389
24.6952
25.5790
26.3569
27.0031
27.5000
27.8398
28.0246
28.0659
27.9839
27.8062
27.5657
27.2985
27.0413
26.8292
26.6932
26.6582
26.7414
26.9507
27.2849
27.7327
28.2743
28.8819
29.5217
30.1559
30.7452
31.2510
31.6382
31.8772
31.9456
31.8301
31.5272
31.0433
30.3948
29.6067
28.7115
27.7471
26.7547
25.7762
24.8516
24.0170
23.3022
22.7291
22.3103
22.0489
21.9379
21.9613
22.0949
22.3084
22.5668
22.8336
23.0725
23.2501
23.3382
23.3157
23.1699
22.8973
22.5044
22.0066
21.4281
20.7999
20.1581
19.5414
18.9892
18.5385
18.2222
18.0662
18.0887
18.2981
18.6929
19.2617
19.9837
20.8298
21.7646
22.7482
23.7389
24.6952
25.5790
26.3569
27.0031
27.5000
27.8398
28.0246
28.0659
27.9839
27.8062
27.5657
27.2985
27.0413
26.8292
26.6932
26.6582
26.7414
26.9507
27.2849
27.7327
28.2743
28.8819
29.5217
30.1559
30.7452
31.2510
31.6382
31.8772
31.9456
31.8301
31.5272
31.0433
30.3948
29.6067
28.7115
27.7471
26.7547
25.7762
24.8516
24.0170
23.3022
22.7291
22.3103
22.0489
21.9379
21.9613
22.0949
22.3084
22.5668
22.8336
23.0725
23.2501
23.3382
23.3157
23.1699
22.8973
22.5044
22.0066
21.4281
20.7999
20.1581
19.5414
18.9892
18.5385
18.2222
18.0662
18.0887
18.2981
18.6929
19.2617
19.9837
20.8298
21.7646
22.7482
23.7389
24.6952
25.5790
26.3569
27.0031
27.5000
27.8398
28.0246
28.0659
27.9839
27.8062
27.5657
27.2985
27.0413
26.8292
26.6932
26.6582
26.7414
26.9507
27.2849
27.7327
28.2743
28.8819
29.5217
30.1559
30.7452
31.2510
31.6382
31.8772
31.9456
31.8301
31.5272
31.0433
30.3948
29.6067
28.7115
27.7471
26.7547
25.7762
24.8516
24.0170
23.3022
22.7291
22.3103
22.0489
21.9379
21.9613
22.0949
22.3084
22.5668
22.8336
23.0725
23.2501
23.3382
23.3157
23.1699
22.8973
22.5044
22.0066
21.4281
20.7999
20.1581
19.5414
18.9892
18.5385
18.2222
18.0662
18.0887
18.2981
18.6929
19.2617
19.9837
20.8298
21.7646
22.7482
23.7389
24.6952
25.5790
26.3569
27.0031
27.5000
27.8398
28.0246
28.0659
27.9839
27.8062
27.5657
27.2985
27.0413
26.8292
26.6932
26.6582
26.7414
26.9507
27.2849
27.7327
28.2743
28.8819
29.5217
30.1559
30.7452
31.2510
31.6382
31.8772
31.9456
31.8301
31.5272
31.0433
30.3948
29.6067
28.7115
27.7471
26.7547
25.7762
24.8516
24.0170
23.3022
22.7291
22.3103
22.0489
21.9379
21.9613
22.0949
22.3084
22.5668
22.8336
23.0725
23.2501
23.3382
23.3157
23.1699
22.8973
22.5044
22.0066
21.4281
20.7999
20.1581
19.5414
18.9892
18.5385
18.2222
18.0662
18.0887
18.2981
18.6929
19.2617
19.9837
20.8298
21.7646
22.7482
23.7389
24.6952
25.5790
26.3569
27.0031
27.5000
27.8398
28.0246
28.0659
27.9839
27.8062
27.5657
27.2985
27.0413
26.8292
26.6932
26.6582
26.7414
26.9507
27.2849
27.7327
28.2743
28.8819
29.5217
30.1559
30.7452
31.2510
31.6382
31.8772
31.9456
31.8301
31.5272
31.0433
30.3948
29.6067
28.7115
27.7471
26.7547
25.7762
24.8516
24.0170
23.3022
22.7291
22.3103
22.0489
21.9379
21.9613
22.0949
22.3084
22.5668
22.8336
23.0725
23.2501
23.3382
23.3157
23.1699
22.8973
22.5044
22.0066
21.4281
20.7999
20.1581
19.5414
18.9892
18.5385
18.2222
18.0662
18.0887
18.2981
18.6929
19.2617
19.9837
20.8298
21.7646
22.7482
23.7389
24.6952
25.5790
26.3569
27.0031
27.5000
27.8398
28.0246
28.0659
27.9839
27.8062
27.5657
27.2985
27.0413
26.8292
26.6932
26.6582
26.7414
26.9507
27.2849
27.7327
28.2743
28.8819
29.5217
30.1559
30.7452
31.2510
31.6382
31.8772
31.9456
31.8301
31.5272
31.0433
30.3948
29.6067
28.7115
27.7471
26.7547
25.7762
24.8516
24.0170
23.3022
22.7291
22.3103
22.0489
21.9379