27.8198
27.9846
28.0059
27.9039
27.7062
27.4457
27.1585
26.8813
26.6492
26.4932
26.4382
26.5014
26.6907
27.0049
27.4327
27.9543
28.5419
29.1617
29.7759
30.3452
30.8310
31.1982
31.4172
31.4656
31.3301
31.0072
30.5033
29.8348
29.0267
28.1115
27.1271
26.1147
25.1162
24.1716
23.3170
22.5822
21.9891
21.5503
21.2689
21.1379
21.1413
21.2549
21.4484
21.6868
21.9336
22.1525
22.3101
22.3782
22.3357
22.1699
21.8773
21.4644
20.9466
20.3481
19.6999
19.0381
18.4014
17.8292
17.3585
17.0222
16.8462
16.8487
17.0381
17.4129
17.9617
18.6637
19.4898
20.4046
21.3682
22.3389
23.2752
24.1390
24.8969
25.5231
26.0000
26.3198
26.4846
26.5059
26.4039
26.2062
25.9457
25.6585
25.3813
25.1492
24.9932
24.9382
25.0014
25.1907
25.5049
25.9327
26.4543
27.0419
27.6617
28.2759
28.8452
29.3310
29.6982
29.9172
29.9656
29.8301
29.5072
29.0033
28.3348
27.5267
26.6115
25.6271
24.6147
23.6162
22.6716
21.8170
21.0822
20.4891
20.0503
19.7689
19.6379
19.6413
19.7549
19.9484
20.1868
20.4336
20.6525
20.8101
20.8782
20.8357
20.6699
20.3773
19.9644
19.4466
18.8481
18.1999
17.5381
16.9014
16.3292
15.8585
15.5222
15.3462
15.3487
15.5381
15.9129
16.4617
17.1637
17.9898
18.9046
19.8682
20.8389
21.7752
22.6390
23.3969
24.0231
24.5000
24.8198
24.9846
25.0059
24.9039
24.7062
24.4457
24.1585
23.8813
23.6492
23.4932
23.4382
23.5014
23.6907
24.0049
24.4327
24.9543
25.5419
26.1617
26.7759
27.3452
27.8310
28.1982
28.4172
28.4656
28.3301
28.0072
27.5033
26.8348
26.0267
25.1115
24.1271
23.1147
22.1162
21.1716
20.3170
19.5822
18.9891
18.5503
18.2689
18.1379
18.1413
18.2549
18.4484
18.6868
18.9336
19.1525
19.3101
19.3782
19.3357
19.1699
18.8773
18.4644
17.9466
17.3481
16.6999
16.0381
15.4014
14.8292
14.3585
14.0222
13.8462
13.8487
14.0381
14.4129
14.9617
15.6637
16.4898
17.4046
18.3682
19.3389
20.2752
21.1390
21.8969
22.5231
23.0000
23.3198
23.4846
23.5059
23.4039
23.2062
22.9457
22.6585
22.3813
22.1492
21.9932
21.9382
22.0014
22.1907
22.5049
22.9327
23.4543
24.0419
24.6617
25.2759
25.8452
26.3310
26.6982
26.9172
26.9656
26.8301
26.5072
26.0033
25.3348
24.5267
23.6115
22.6271
21.6147
20.6162
19.6716
18.8170
18.0822
17.4891
17.0503
16.7689
16.6379
16.6413
16.7549
16.9484
17.1868
17.4336
17.6525
17.8101
17.8782
17.8357
17.6699
17.3773
16.9644
16.4466
15.8481
15.1999
14.5381
13.9014
13.3292
12.8585
12.5222
12.3462
12.3487
12.5381
12.9129
13.4617
14.1637
14.9898
15.9046
16.8682
17.8389
18.7752
19.6390
20.3969
21.0231
21.5000
21.8198
21.9846
22.0059
21.9039
21.7062
21.4457
21.1585
20.8813
20.6492
20.4932
20.4382
20.5014
20.6907
21.0049
21.4327
21.9543
22.5419
23.1617
23.7759
24.3452
24.8310
25.1982
25.4172
25.4656
25.3301
25.0072
24.5033
23.8348
23.0267
22.1115
21.1271
20.1147
19.1162
18.1716
17.3170
16.5822
15.9891
15.5503
15.2689
15.1379
15.1413
15.2549
15.4484
15.6868
15.9336
16.1525
16.3101
16.3782
16.3357
16.1699
15.8773
15.4644
14.9466
14.3481
13.6999
13.0381
12.4014
11.8292
11.3585
11.0222
10.8462
10.8487
11.0381
11.4129
11.9617
12.6637
13.4898
14.4046
15.3682
16.3389
17.2752
18.1390
18.8969
19.5231
20.0000
20.3198
20.4846
20.5059
20.4039
20.2062
19.9457
19.6585
19.3813
19.1492
18.9932
18.9382
19.0014
19.1907
19.5049
19.9327
20.4543
21.0419
21.6617
22.2759
22.8452
23.3310
23.6982
23.9172
23.9656
23.8301
23.5072
23.0033
22.3348
21.5267
20.6115
19.6271
18.6147
17.6162
16.6716
15.8170
15.0822
14.4891
14.0503
13.7689
13.6379
13.6413
13.7549
13.9484
14.1868
14.4336
14.6525
14.8101
14.8782
14.8357
14.6699
14.3773
13.9644
13.4466
12.8481
12.1999
11.5381
10.9014
10.3292
9.8585
9.5222
9.3462
9.3487
9.5381
9.9129
10.4617
11.1637
11.9898
12.9046
13.8682
14.8389
15.7752
16.6390
17.3969
18.0231
18.5000
18.8198
18.9846
19.0059
18.9039
18.7062
18.4457
18.1585
17.8813
17.6492
17.4932
17.4382
17.5014
17.6907
18.0049
18.4327
18.9543
19.5419
20.1617
20.7759
21.3452
21.8310
22.1982
22.4172
22.4656
22.3301
22.0072
21.5033
20.8348
20.0267
19.1115
18.1271
17.1147
16.1162
15.1716
14.3170
13.5822
12.9891
12.5503
12.2689
12.1379
12.1413
12.2549
12.4484
12.6868
12.9336
13.1525
13.3101
13.3782
13.3357
13.1699
12.8773
12.4644
11.9466
11.3481
10.6999
10.0381
9.4014
8.8292
8.3585
8.0222
7.8462
7.8487
8.0381
8.4129
8.9617
9.6637
10.4898
11.4046
12.3682
13.3389
14.2752
15.1390
15.8969
16.5231
17.0000
17.3198
17.4846
17.5059
17.4039
17.2062
16.9457
16.6585
16.3813
16.1492
15.9932
15.9382
16.0014
16.1907
16.5049
16.9327
17.4543
18.0419
18.6617
19.2759
19.8452
20.3310
20.6982
20.9172
20.9656
20.8301
20.5072
20.0033
19.3348
18.5267
17.6115
16.6271
15.6147
14.6162
13.6716
12.8170
12.0822
11.4891
11.0503
10.7689
10.6379
10.6413
10.7549
10.9484
11.1868
11.4336
11.6525
11.8101
11.8782
11.8357
11.6699
11.3773
10.9644
10.4466
9.8481
9.1999
8.5381
7.9014
7.3292
6.8585
6.5222
6.3462
6.3487
6.5381
6.9129
7.4617
8.1637
8.9898
9.9046
10.8682
11.8389
12.7752
13.6390
14.3969
15.0231
15.5000
15.8198
15.9846
16.0059
15.9039
15.7062
15.4457
15.1585
14.8813
14.6492
14.4932
14.4382
14.5014
14.6907
15.0049
15.4327
15.9543
16.5419
17.1617
17.7759
18.3452
18.8310
19.1982
19.4172
19.4656
19.3301
19.0072
18.5033
17.8348
17.0267
16.1115
15.1271
14.1147
13.1162
12.1716
11.3170
10.5822
9.9891
9.5503
9.2689
9.1379
9.1413
9.2549
9.4484
9.6868
9.9336
10.1525
10.3101
10.3782
10.3357
10.1699
9.8773
9.4644
8.9466
8.3481
7.6999
7.0381
6.4014
5.8292
5.3585
5.0222
4.8462
4.8487
5.0381
5.4129
5.9617
6.6637
7.4898
8.4046
9.3682
10.3389
11.2752
12.1390
12.8969
13.5231
14.0000
14.3198
14.4846
14.5059
14.4039
14.2062
13.9457
13.6585
13.3813
13.1492
12.9932
12.9382
13.0014
13.1907
13.5049
13.9327
14.4543
15.0419
15.6617
16.2759
16.8452
17.3310
17.6982
17.9172
17.9656
17.8301
17.5072
17.0033
16.3348
15.5267
14.6115
13.6271
12.6147
11.6162
10.6716
9.8170
9.0822
8.4891
8.0503
7.7689
7.6379
7.6413
7.7549
7.9484
8.1868
8.4336
8.6525
8.8101
8.8782
8.8357
8.6699
8.3773
7.9644
7.4466
6.8481
6.1999
5.5381
4.9014
4.3292
3.8585
3.5222
3.3462
3.3487
3.5381
3.9129
4.4617
5.1637
5.9898
6.9046
7.8682
8.8389
9.7752
10.6390
11.3969
12.0231
12.5000
12.8198
12.9846
13.0059
12.9039
12.7062
12.4457
12.1585
11.8813
11.6492
11.4932
11.4382
11.5014
11.6907
12.0049
12.4327
12.9543
13.5419
14.1617
14.7759
15.3452
15.8310
16.1982
16.4172
16.4656
16.3301
16.0072
15.5033
14.8348
14.0267
13.1115
12.1271
11.1147
10.1162
9.1716
8.3170
7.5822
6.9891
6.5503
6.2689
6.1379