27.8598
28.0646
28.1259
28.0639
27.9062
27.6857
27.4385
27.2013
27.0092
26.8932
26.8782
26.9814
27.2107
27.5649
28.0327
28.5943
29.2219
29.8817
30.5359
31.1452
31.6710
32.0782
32.3372
32.4256
32.3301
32.0472
31.5833
30.9548
30.1867
29.3115
28.3671
27.3947
26.4362
25.5316
24.7170
24.0222
23.4691
23.0703
22.8289
22.7379
22.7813
22.9349
23.1684
23.4468
23.7336
23.9925
24.1901
24.2982
24.2957
24.1699
23.9173
23.5444
23.0666
22.5081
21.8999
21.2781
20.6814
20.1492
19.7185
19.4222
19.2862
19.3287
19.5581
19.9729
20.5617
21.3037
22.1698
23.1246
24.1282
25.1389
26.1152
27.0190
27.8169
28.4831
29.0000
29.3598
29.5646
29.6259
29.5639
29.4062
29.1857
28.9385
28.7013
28.5092
28.3932
28.3782
28.4814
28.7107
29.0649
29.5327
30.0943
30.7219
31.3817
32.0359
32.6452
33.1710
33.5782
33.8372
33.9256
33.8301
33.5472
33.0833
32.4548
31.6867
30.8115
29.8671
28.8947
27.9362
27.0316
26.2170
25.5222
24.9691
24.5703
24.3289
24.2379
24.2813
24.4349
24.6684
24.9468
25.2336
25.4925
25.6901
25.7982
25.7957
25.6699
25.4173
25.0444
24.5666
24.0081
23.3999
22.7781
22.1814
21.6492
21.2185
20.9222
20.7862
20.8287
21.0581
21.4729
22.0617
22.8037
23.6698
24.6246
25.6282
26.6389
27.6152
28.5190
29.3169
29.9831
30.5000
30.8598
31.0646
31.1259
31.0639
30.9062
30.6857
30.4385
30.2013
30.0092
29.8932
29.8782
29.9814
30.2107
30.5649
31.0327
31.5943
32.2219
32.8817
33.5359
34.1452
34.6710
35.0782
35.3372
35.4256
35.3301
35.0472
34.5833
33.9548
33.1867
32.3115
31.3671
30.3947
29.4362
28.5316
27.7170
27.0222
26.4691
26.0703
25.8289
25.7379
25.7813
25.9349
26.1684
26.4468
26.7336
26.9925
27.1901
27.2982
27.2957
27.1699
26.9173
26.5444
26.0666
25.5081
24.8999
24.2781
23.6814
23.1492
22.7185
22.4222
22.2862
22.3287
22.5581
22.9729
23.5617
24.3037
25.1698
26.1246
27.1282
28.1389
29.1152
30.0190
30.8169
31.4831
32.0000
32.3598
32.5646
32.6259
32.5639
32.4062
32.1857
31.9385
31.7013
31.5092
31.3932
31.3782
31.4814
31.7107
32.0649
32.5327
33.0943
33.7219
34.3817
35.0359
35.6452
36.1710
36.5782
36.8372
36.9256
36.8301
36.5472
36.0833
35.4548
34.6867
33.8115
32.8671
31.8947
30.9362
30.0316
29.2170
28.5222
27.9691
27.5703
27.3289
27.2379
27.2813
27.4349
27.6684
27.9468
28.2336
28.4925
28.6901
28.7982
28.7957
28.6699
28.4173
28.0444
27.5666
27.0081
26.3999
25.7781
25.1814
24.6492
24.2185
23.9222
23.7862
23.8287
24.0581
24.4729
25.0617
25.8037
26.6698
27.6246
28.6282
29.6389
30.6152
31.5190
32.3169
32.9831
33.5000
33.8598
34.0646
34.1259
34.0639
33.9062
33.6857
33.4385
33.2013
33.0092
32.8932
32.8782
32.9814
33.2107
33.5649
34.0327
34.5943
35.2219
35.8817
36.5359
37.1452
37.6710
38.0782
38.3372
38.4256
38.3301
38.0472
37.5833
36.9548
36.1867
35.3115
34.3671
33.3947
32.4362
31.5316
30.7170
30.0222
29.4691
29.0703
28.8289
28.7379
28.7813
28.9349
29.1684
29.4468
29.7336
29.9925
30.1901
30.2982
30.2957
30.1699
29.9173
29.5444
29.0666
28.5081
27.8999
27.2781
26.6814
26.1492
25.7185
25.4222
25.2862
25.3287
25.5581
25.9729
26.5617
27.3037
28.1698
29.1246
30.1282
31.1389
32.1152
33.0190
33.8169
34.4831
35.0000
35.3598
35.5646
35.6259
35.5639
35.4062
35.1857
34.9385
34.7013
34.5092
34.3932
34.3782
34.4814
34.7107
35.0649
35.5327
36.0943
36.7219
37.3817
38.0359
38.6452
39.1710
39.5782
39.8372
39.9256
39.8301
39.5472
39.0833
38.4548
37.6867
36.8115
35.8671
34.8947
33.9362
33.0316
32.2170
31.5222
30.9691
30.5703
30.3289
30.2379
30.2813
30.4349
30.6684
30.9468
31.2336
31.4925
31.6901
31.7982
31.7957
31.6699
31.4173
31.0444
30.5666
30.0081
29.3999
28.7781
28.1814
27.6492
27.2185
26.9222
26.7862
26.8287
27.0581
27.4729
28.0617
28.8037
29.6698
30.6246
31.6282
32.6389
33.6152
34.5190
35.3169
35.9831
36.5000
36.8598
37.0646
37.1259
37.0639
36.9062
36.6857
36.4385
36.2013
36.0092
35.8932
35.8782
35.9814
36.2107
36.5649
37.0327
37.5943
38.2219
38.8817
39.5359
40.1452
40.6710
41.0782
41.3372
41.4256
41.3301
41.0472
40.5833
39.9548
39.1867
38.3115
37.3671
36.3947
35.4362
34.5316
33.7170
33.0222
32.4691
32.0703
31.8289
31.7379
31.7813
31.9349
32.1684
32.4468
32.7336
32.9925
33.1901
33.2982
33.2957
33.1699
32.9173
32.5444
32.0666
31.5081
30.8999
30.2781
29.6814
29.1492
28.7185
28.4222
28.2862
28.3287
28.5581
28.9729
29.5617
30.3037
31.1698
32.1246
33.1282
34.1389
35.1152
36.0190
36.8169
37.4831
38.0000
38.3598
38.5646
38.6259
38.5639
38.4062
38.1857
37.9385
37.7013
37.5092
37.3932
37.3782
37.4814
37.7107
38.0649
38.5327
39.0943
39.7219
40.3817
41.0359
41.6452
42.1710
42.5782
42.8372
42.9256
42.8301
42.5472
42.0833
41.4548
40.6867
39.8115
38.8671
37.8947
36.9362
36.0316
35.2170
34.5222
33.9691
33.5703
33.3289
33.2379
33.2813
33.4349
33.6684
33.9468
34.2336
34.4925
34.6901
34.7982
34.7957
34.6699
34.4173
34.0444
33.5666
33.0081
32.3999
31.7781
31.1814
30.6492
30.2185
29.9222
29.7862
29.8287
30.0581
30.4729
31.0617
31.8037
32.6698
33.6246
34.6282
35.6389
36.6152
37.5190
38.3169
38.9831
39.5000
39.8598
40.0646
40.1259
40.0639
39.9062
39.6857
39.4385
39.2013
39.0092
38.8932
38.8782
38.9814
39.2107
39.5649
40.0327
40.5943
41.2219
41.8817
42.5359
43.1452
43.6710
44.0782
44.3372
44.4256
44.3301
44.0472
43.5833
42.9548
42.1867
41.3115
40.3671
39.3947
38.4362
37.5316
36.7170
36.0222
35.4691
35.0703
34.8289
34.7379
34.7813
34.9349
35.1684
35.4468
35.7336
35.9925
36.1901
36.2982
36.2957
36.1699
35.9173
35.5444
35.0666
34.5081
33.8999
33.2781
32.6814
32.1492
31.7185
31.4222
31.2862
31.3287
31.5581
31.9729
32.5617
33.3037
34.1698
35.1246
36.1282
37.1389
38.1152
39.0190
39.8169
40.4831
41.0000
41.3598
41.5646
41.6259
41.5639
41.4062
41.1857
40.9385
40.7013
40.5092
40.3932
40.3782
40.4814
40.7107
41.0649
41.5327
42.0943
42.7219
43.3817
44.0359
44.6452
45.1710
45.5782
45.8372
45.9256
45.8301
45.5472
45.0833
44.4548
43.6867
42.8115
41.8671
40.8947
39.9362
39.0316
38.2170
37.5222
36.9691
36.5703
36.3289
36.2379
36.2813
36.4349
36.6684
36.9468
37.2336
37.4925
37.6901
37.7982
37.7957
37.6699
37.4173
37.0444
36.5666
36.0081
35.3999
34.7781
34.1814
33.6492
33.2185
32.9222
32.7862
32.8287
33.0581
33.4729
34.0617
34.8037
35.6698
36.6246
37.6282
38.6389
39.6152
40.5190
41.3169
41.9831
42.5000
42.8598
43.0646
43.1259
43.0639
42.9062
42.6857
42.4385
42.2013
42.0092
41.8932
41.8782
41.9814
42.2107
42.5649
43.0327
43.5943
44.2219
44.8817
45.5359
46.1452
46.6710
47.0782
47.3372
47.4256
47.3301
47.0472
46.5833
45.9548
45.1867
44.3115
43.3671
42.3947
41.4362
40.5316
39.7170
39.0222
38.4691
38.0703
37.8289
37.7379