38.7324
38.9165
39.0384
39.0859
39.0502
38.9257
38.7111
38.4094
38.0275
37.5760
37.0691
36.5231
35.9562
35.3871
34.8341
34.3141
33.8417
33.4285
33.0825
32.8078
32.6045
32.4687
32.3932
32.3678
32.3802
32.4171
32.4649
32.5105
32.5427
32.5528
32.5348
32.4864
32.4089
32.3072
32.1895
32.0665
31.9513
31.8578
31.8003
31.7924
31.8459
31.9701
32.1710
32.4508
32.8078
33.2362
33.7262
34.2647
34.8359
35.4219
36.0039
36.5633
37.0823
37.5453
37.9393
38.2550
38.4869
38.6337
38.6982
38.6869
38.6097
38.4792
38.3095
38.1155
37.9122
37.7131
37.5300
37.3716
37.2436
37.1480
37.0833
37.0443
37.0228
37.0083
36.9882
36.9496
36.8795
36.7661
36.5996
36.3729
36.0826
35.7288
35.3156
34.8510
34.3467
33.8170
33.2786
32.7496
32.2483
31.7924
31.3979
31.0783
30.8437
30.7004
30.6506
30.6924
30.8195
31.0223
31.2880
31.6017
31.9471
32.3077
32.6677
33.0128
33.3313
33.6145
33.8572
34.0581
34.2193
34.3467
34.4486
34.5361
34.6211
34.7164
34.8341
34.9847
35.1767
35.4155
35.7029
36.0372
36.4126
36.8200
37.2471
37.6790
38.0991
38.4903
38.8356
39.1193
39.3280
39.4511
39.4817
39.4171
39.2587
39.0121
38.6869
38.2958
37.8542
37.3793
36.8888
36.4004
35.9304
35.4929
35.0993
34.7572
34.4708
34.2402
34.0619
33.9290
33.8318
33.7589
33.6975
33.6350
33.5595
33.4608
33.3313
33.1665
32.9654
32.7308
32.4689
32.1895
31.9049
31.6294
31.3788
31.1686
31.0139
30.9279
30.9211
31.0008
31.1704
31.4292
31.7721
32.1904
32.6715
33.2001
33.7589
34.3292
34.8925
35.4310
35.9289
36.3729
36.7533
37.0638
37.3026
37.4715
37.5760
37.6251
37.6299
37.6035
37.5595
37.5113
37.4711
37.4490
37.4525
37.4856
37.5489
37.6393
37.7502
37.8721
37.9929
38.0991
38.1763
38.2106
38.1891
38.1013
37.9393
37.6990
37.3801
36.9864
36.5258
36.0097
35.4527
34.8718
34.2854
33.7124
33.1711
32.6783
32.2484
31.8926
31.6184
31.4292
31.3241
31.2986
31.3442
31.4497
31.6017
31.7854
31.9858
32.1886
32.3811
32.5528
32.6964
32.8082
32.8879
32.9390
32.9680
32.9846
33.0003
33.0279
33.0807
33.1711
33.3100
33.5059
33.7642
34.0865
34.4708
34.9109
35.3970
35.9160
36.4523
36.9882
37.5056
37.9864
38.4134
38.7720
39.0502
39.2396
39.3361
39.3396
39.2542
39.0878
38.8518
38.5601
38.2285
37.8735
37.5113
37.1571
36.8240
36.5223
36.2589
36.0372
35.8566
35.7132
35.5998
35.5066
35.4219
35.3333
35.2282
35.0953
34.9249
34.7099
34.4469
34.1355
33.7798
33.3870
32.9680
32.5366
32.1084
31.7006
31.3303
31.0139
30.7662
30.5993
30.5218
30.5387
30.6506
30.8541
31.1414
31.5014
31.9198
32.3802
32.8651
33.3567
33.8378
34.2932
34.7099
35.0786
35.3930
35.6513
35.8551
36.0097
36.1234
36.2069
36.2724
36.3328
36.4004
36.4864
36.5998
36.7466
36.9296
37.1480
37.3973
37.6693
37.9530
38.2350
38.5000
38.7324
38.9165
39.0384
39.0859
39.0502
38.9257
38.7111
38.4094
38.0275
37.5760
37.0691
36.5231
35.9562
35.3871
34.8341
34.3141
33.8417
33.4285
33.0825
32.8078
32.6045
32.4687
32.3932
32.3678
32.3802
32.4171
32.4649
32.5105
32.5427
32.5528
32.5348
32.4864
32.4089
32.3072
32.1895
32.0665
31.9513
31.8578
31.8003
31.7924
31.8459
31.9701
32.1710
32.4508
32.8078
33.2362
33.7262
34.2647
34.8359
35.4219
36.0039
36.5633
37.0823
37.5453
37.9393
38.2550
38.4869
38.6337
38.6982
38.6869
38.6097
38.4792
38.3095
38.1155
37.9122
37.7131
37.5300
37.3716
37.2436
37.1480
37.0833
37.0443
37.0228
37.0083
36.9882
36.9496
36.8795
36.7661
36.5996
36.3729
36.0826
35.7288
35.3156
34.8510
34.3467
33.8170
33.2786
32.7496
32.2483
31.7924
31.3979
31.0783
30.8437
30.7004
30.6506
30.6924
30.8195
31.0223
31.2880
31.6017
31.9471
32.3077
32.6677
33.0128
33.3313
33.6145
33.8572
34.0581
34.2193
34.3467
34.4486
34.5361
34.6211
34.7164
34.8341
34.9847
35.1767
35.4155
35.7029
36.0372
36.4126
36.8200
37.2471
37.6790
38.0991
38.4903
38.8356
39.1193
39.3280
39.4511
39.4817
39.4171
39.2587
39.0121
38.6869
38.2958
37.8542
37.3793
36.8888
36.4004
35.9304
35.4929
35.0993
34.7572
34.4708
34.2402
34.0619
33.9290
33.8318
33.7589
33.6975
33.6350
33.5595
33.4608
33.3313
33.1665
32.9654
32.7308
32.4689
32.1895
31.9049
31.6294
31.3788
31.1686
31.0139
30.9279
30.9211
31.0008
31.1704
31.4292
31.7721
32.1904
32.6715
33.2001
33.7589
34.3292
34.8925
35.4310
35.9289
36.3729
36.7533
37.0638
37.3026
37.4715
37.5760
37.6251
37.6299
37.6035
37.5595
37.5113
37.4711
37.4490
37.4525
37.4856
37.5489
37.6393
37.7502
37.8721
37.9929
38.0991
38.1763
38.2106
38.1891
38.1013
37.9393
37.6990
37.3801
36.9864
36.5258
36.0097
35.4527
34.8718
34.2854
33.7124
33.1711
32.6783
32.2484
31.8926
31.6184
31.4292
31.3241
31.2986
31.3442
31.4497
31.6017
31.7854
31.9858
32.1886
32.3811
32.5528
32.6964
32.8082
32.8879
32.9390
32.9680
32.9846
33.0003
33.0279
33.0807
33.1711
33.3100
33.5059
33.7642
34.0865
34.4708
34.9109
35.3970
35.9160
36.4523
36.9882
37.5056
37.9864
38.4134
38.7720
39.0502
39.2396
39.3361
39.3396
39.2542
39.0878
38.8518
38.5601
38.2285
37.8735
37.5113
37.1571
36.8240
36.5223
36.2589
36.0372
35.8566
35.7132
35.5998
35.5066
35.4219
35.3333
35.2282
35.0953
34.9249
34.7099
34.4469
34.1355
33.7798
33.3870
32.9680
32.5366
32.1084
31.7006
31.3303
31.0139
30.7662
30.5993
30.5218
30.5387
30.6506
30.8541
31.1414
31.5014
31.9198
32.3802
32.8651
33.3567
33.8378
34.2932
34.7099
35.0786
35.3930
35.6513
35.8551
36.0097
36.1234
36.2069
36.2724
36.3328
36.4004
36.4864
36.5998
36.7466
36.9296
37.1480
37.3973
37.6693
37.9530
38.2350
38.5000
38.7324
38.9165
39.0384
39.0859
39.0502
38.9257
38.7111
38.4094
38.0275
37.5760
37.0691
36.5231
35.9562
35.3871
34.8341
34.3141
33.8417
33.4285
33.0825
32.8078
32.6045
32.4687
32.3932
32.3678
32.3802
32.4171
32.4649
32.5105
32.5427
32.5528
32.5348
32.4864
32.4089
32.3072
32.1895
32.0665
31.9513
31.8578
31.8003
31.7924
31.8459
31.9701
32.1710
32.4508
32.8078
33.2362
33.7262
34.2647
34.8359
35.4219
36.0039
36.5633
37.0823
37.5453
37.9393
38.2550
38.4869
38.6337
38.6982
38.6869
38.6097
38.4792
38.3095
38.1155
37.9122
37.7131
37.5300
37.3716
37.2436
37.1480
37.0833
37.0443
37.0228
37.0083
36.9882
36.9496
36.8795
36.7661
36.5996
36.3729
36.0826
35.7288
35.3156
34.8510
34.3467
33.8170
33.2786
32.7496
32.2483
31.7924
31.3979
31.0783
30.8437
30.7004
30.6506
30.6924
30.8195
31.0223
31.2880
31.6017
31.9471
32.3077
32.6677
33.0128
33.3313
33.6145
33.8572
34.0581
34.2193
34.3467
34.4486
34.5361
34.6211
34.7164
34.8341
34.9847
35.1767
35.4155
35.7029
36.0372
36.4126
36.8200
37.2471
37.6790
38.0991
38.4903
38.8356
39.1193
39.3280
39.4511
39.4817
39.4171
39.2587
39.0121
38.6869
38.2958
37.8542
37.3793
36.8888
36.4004