38.7124
38.8765
38.9784
39.0059
38.9502
38.8057
38.5711
38.2494
37.8475
37.3760
36.8491
36.2831
35.6962
35.1071
34.5341
33.9941
33.5017
33.0685
32.7025
32.4078
32.1845
32.0287
31.9332
31.8878
31.8802
31.8971
31.9249
31.9505
31.9627
31.9528
31.9148
31.8464
31.7489
31.6272
31.4895
31.3465
31.2113
31.0978
31.0203
30.9924
31.0259
31.1301
31.3110
31.5708
31.9078
32.3162
32.7862
33.3047
33.8559
34.4219
34.9839
35.5233
36.0223
36.4653
36.8393
37.1350
37.3469
37.4737
37.5182
37.4869
37.3897
37.2392
37.0495
36.8355
36.6122
36.3931
36.1900
36.0116
35.8636
35.7480
35.6633
35.6043
35.5628
35.5283
35.4882
35.4296
35.3395
35.2061
35.0196
34.7729
34.4626
34.0888
33.6556
33.1710
32.6467
32.0970
31.5386
30.9896
30.4683
29.9924
29.5779
29.2383
28.9837
28.8204
28.7506
28.7724
28.8795
29.0623
29.3080
29.6017
29.9271
30.2677
30.6077
30.9328
31.2313
31.4945
31.7172
31.8981
32.0393
32.1467
32.2286
32.2961
32.3611
32.4364
32.5341
32.6647
32.8367
33.0555
33.3229
33.6372
33.9926
34.3800
34.7871
35.1990
35.5991
35.9703
36.2956
36.5593
36.7480
36.8511
36.8617
36.7771
36.5987
36.3321
35.9869
35.5758
35.1142
34.6193
34.1088
33.6004
33.1104
32.6529
32.2393
31.8772
31.5708
31.3202
31.1219
30.9690
30.8518
30.7589
30.6775
30.5950
30.4995
30.3808
30.2313
30.0465
29.8254
29.5708
29.2889
28.9895
28.6849
28.3894
28.1188
27.8886
27.7139
27.6079
27.5811
27.6408
27.7904
28.0292
28.3521
28.7504
29.2115
29.7201
30.2589
30.8092
31.3525
31.8710
32.3489
32.7729
33.1333
33.4238
33.6426
33.7915
33.8760
33.9051
33.8899
33.8435
33.7795
33.7113
33.6511
33.6090
33.5925
33.6056
33.6489
33.7193
33.8102
33.9121
34.0129
34.0991
34.1563
34.1706
34.1291
34.0213
33.8393
33.5790
33.2401
32.8264
32.3458
31.8097
31.2327
30.6318
30.0254
29.4324
28.8711
28.3583
27.9084
27.5326
27.2384
27.0292
26.9041
26.8586
26.8842
26.9697
27.1017
27.2654
27.4458
27.6286
27.8011
27.9528
28.0764
28.1682
28.2279
28.2590
28.2680
28.2646
28.2603
28.2679
28.3007
28.3711
28.4900
28.6659
28.9042
29.2065
29.5708
29.9909
30.4570
30.9560
31.4723
31.9882
32.4856
32.9464
33.3534
33.6920
33.9502
34.1196
34.1961
34.1796
34.0742
33.8878
33.6318
33.3201
32.9685
32.5935
32.2113
31.8371
31.4840
31.1623
30.8789
30.6372
30.4366
30.2732
30.1398
30.0266
29.9219
29.8133
29.6882
29.5353
29.3449
29.1099
28.8269
28.4955
28.1198
27.7070
27.2680
26.8166
26.3684
25.9406
25.5503
25.2139
24.9462
24.7593
24.6618
24.6587
24.7506
24.9341
25.2014
25.5414
25.9398
26.3802
26.8451
27.3167
27.7778
28.2132
28.6099
28.9586
29.2530
29.4913
29.6751
29.8097
29.9034
29.9669
30.0124
30.0528
30.1004
30.1664
30.2598
30.3866
30.5496
30.7480
30.9773
31.2293
31.4930
31.7550
32.0000
32.2124
32.3765
32.4784
32.5059
32.4502
32.3057
32.0711
31.7494
31.3475
30.8760
30.3491
29.7831
29.1962
28.6071
28.0341
27.4941
27.0017
26.5685
26.2025
25.9078
25.6845
25.5287
25.4332
25.3878
25.3802
25.3971
25.4249
25.4505
25.4627
25.4528
25.4148
25.3464
25.2489
25.1272
24.9895
24.8465
24.7113
24.5978
24.5203
24.4924
24.5259
24.6301
24.8110
25.0708
25.4078
25.8162
26.2862
26.8047
27.3559
27.9219
28.4839
29.0233
29.5223
29.9653
30.3393
30.6350
30.8469
30.9737
31.0182
30.9869
30.8897
30.7392
30.5495
30.3355
30.1122
29.8931
29.6900
29.5116
29.3636
29.2480
29.1633
29.1043
29.0628
29.0283
28.9882
28.9296
28.8395
28.7061
28.5196
28.2729
27.9626
27.5888
27.1556
26.6710
26.1467
25.5970
25.0386
24.4896
23.9683
23.4924
23.0779
22.7383
22.4837
22.3204
22.2506
22.2724
22.3795
22.5623
22.8080
23.1017
23.4271
23.7677
24.1077
24.4328
24.7313
24.9945
25.2172
25.3981
25.5393
25.6467
25.7286
25.7961
25.8611
25.9364
26.0341
26.1647
26.3367
26.5555
26.8229
27.1372
27.4926
27.8800
28.2871
28.6990
29.0991
29.4703
29.7956
30.0593
30.2480
30.3511
30.3617
30.2771
30.0987
29.8321
29.4869
29.0758
28.6142
28.1193
27.6088
27.1004
26.6104
26.1529
25.7393
25.3772
25.0708
24.8202
24.6219
24.4690
24.3518
24.2589
24.1775
24.0950
23.9995
23.8808
23.7313
23.5465
23.3254
23.0708
22.7889
22.4895
22.1849
21.8894
21.6188
21.3886
21.2139
21.1079
21.0811
21.1408
21.2904
21.5292
21.8521
22.2504
22.7115
23.2201
23.7589
24.3092
24.8525
25.3710
25.8489
26.2729
26.6333
26.9238
27.1426
27.2915
27.3760
27.4051
27.3899
27.3435
27.2795
27.2113
27.1511
27.1090
27.0925
27.1056
27.1489
27.2193
27.3102
27.4121
27.5129
27.5991
27.6563
27.6706
27.6291
27.5213
27.3393
27.0790
26.7401
26.3264
25.8458
25.3097
24.7327
24.1318
23.5254
22.9324
22.3711
21.8583
21.4084
21.0326
20.7384
20.5292
20.4041
20.3586
20.3842
20.4697
20.6017
20.7654
20.9458
21.1286
21.3011
21.4528
21.5764
21.6682
21.7279
21.7590
21.7680
21.7646
21.7603
21.7679
21.8007
21.8711
21.9900
22.1659
22.4042
22.7065
23.0708
23.4909
23.9570
24.4560
24.9723
25.4882
25.9856
26.4464
26.8534
27.1920
27.4502
27.6196
27.6961
27.6796
27.5742
27.3878
27.1318
26.8201
26.4685
26.0935
25.7113
25.3371
24.9840
24.6623
24.3789
24.1372
23.9366
23.7732
23.6398
23.5266
23.4219
23.3133
23.1882
23.0353
22.8449
22.6099
22.3269
21.9955
21.6198
21.2070
20.7680
20.3166
19.8684
19.4406
19.0503
18.7139
18.4462
18.2593
18.1618
18.1587
18.2506
18.4341
18.7014
19.0414
19.4398
19.8802
20.3451
20.8167
21.2778
21.7132
22.1099
22.4586
22.7530
22.9913
23.1751
23.3097
23.4034
23.4669
23.5124
23.5528
23.6004
23.6664
23.7598
23.8866
24.0496
24.2480
24.4773
24.7293
24.9930
25.2550
25.5000
25.7124
25.8765
25.9784
26.0059
25.9502
25.8057
25.5711
25.2494
24.8475
24.3760
23.8491
23.2831
22.6962
22.1071
21.5341
20.9941
20.5017
20.0685
19.7025
19.4078
19.1845
19.0287
18.9332
18.8878
18.8802
18.8971
18.9249
18.9505
18.9627
18.9528
18.9148
18.8464
18.7489
18.6272
18.4895
18.3465
18.2113
18.0978
18.0203
17.9924
18.0259
18.1301
18.3110
18.5708
18.9078
19.3162
19.7862
20.3047
20.8559
21.4219
21.9839
22.5233
23.0223
23.4653
23.8393
24.1350
24.3469
24.4737
24.5182
24.4869
24.3897
24.2392
24.0495
23.8355
23.6122
23.3931
23.1900
23.0116
22.8636
22.7480
22.6633
22.6043
22.5628
22.5283
22.4882
22.4296
22.3395
22.2061
22.0196
21.7729
21.4626
21.0888
20.6556
20.1710
19.6467
19.0970
18.5386
17.9896
17.4683
16.9924
16.5779
16.2383
15.9837
15.8204
15.7506
15.7724
15.8795
16.0623
16.3080
16.6017
16.9271
17.2677
17.6077
17.9328
18.2313
18.4945
18.7172
18.8981
19.0393
19.1467
19.2286
19.2961
19.3611
19.4364
19.5341
19.6647
19.8367
20.0555
20.3229
20.6372
20.9926
21.3800
21.7871
22.1990
22.5991
22.9703
23.2956
23.5593
23.7480
23.8511
23.8617
23.7771
23.5987
23.3321
22.9869
22.5758
22.1142
21.6193
21.1088
20.6004