38.7524
38.9565
39.0984
39.1659
39.1502
39.0457
38.8511
38.5694
38.2075
37.7760
37.2891
36.7631
36.2162
35.6671
35.1341
34.6341
34.1817
33.7885
33.4625
33.2078
33.0245
32.9087
32.8532
32.8478
32.8802
32.9371
33.0049
33.0705
33.1227
33.1528
33.1548
33.1264
33.0689
32.9872
32.8895
32.7865
32.6913
32.6178
32.5803
32.5924
32.6659
32.8101
33.0310
33.3308
33.7078
34.1562
34.6662
35.2247
35.8159
36.4219
37.0239
37.6033
38.1423
38.6253
39.0393
39.3750
39.6269
39.7937
39.8782
39.8869
39.8297
39.7192
39.5695
39.3955
39.2122
39.0331
38.8700
38.7316
38.6236
38.5480
38.5033
38.4843
38.4828
38.4883
38.4882
38.4696
38.4195
38.3261
38.1796
37.9729
37.7026
37.3688
36.9756
36.5310
36.0467
35.5370
35.0186
34.5096
34.0283
33.5924
33.2179
32.9183
32.7037
32.5804
32.5506
32.6124
32.7595
32.9823
33.2680
33.6017
33.9671
34.3477
34.7277
35.0928
35.4313
35.7345
35.9972
36.2181
36.3993
36.5467
36.6686
36.7761
36.8811
36.9964
37.1341
37.3047
37.5167
37.7755
38.0829
38.4372
38.8326
39.2600
39.7071
40.1590
40.5991
41.0103
41.3756
41.6793
41.9080
42.0511
42.1017
42.0571
41.9187
41.6921
41.3869
41.0158
40.5942
40.1393
39.6688
39.2004
38.7504
38.3329
37.9593
37.6372
37.3708
37.1602
37.0019
36.8890
36.8118
36.7589
36.7175
36.6750
36.6195
36.5408
36.4313
36.2865
36.1054
35.8908
35.6489
35.3895
35.1249
34.8694
34.6388
34.4486
34.3139
34.2479
34.2611
34.3608
34.5504
34.8292
35.1921
35.6304
36.1315
36.6801
37.2589
37.8492
38.4325
38.9910
39.5089
39.9729
40.3733
40.7038
40.9626
41.1515
41.2760
41.3451
41.3699
41.3635
41.3395
41.3113
41.2911
41.2890
41.3125
41.3656
41.4489
41.5593
41.6902
41.8321
41.9729
42.0991
42.1963
42.2506
42.2491
42.1813
42.0393
41.8190
41.5201
41.1464
40.7058
40.2097
39.6727
39.1118
38.5454
37.9924
37.4711
36.9983
36.5884
36.2526
35.9984
35.8292
35.7441
35.7386
35.8042
35.9297
36.1017
36.3054
36.5258
36.7486
36.9611
37.1528
37.3164
37.4482
37.5479
37.6190
37.6680
37.7046
37.7403
37.7879
37.8607
37.9711
38.1300
38.3459
38.6242
38.9665
39.3708
39.8309
40.3370
40.8760
41.4323
41.9882
42.5256
43.0264
43.4734
43.8520
44.1502
44.3596
44.4761
44.4996
44.4342
44.2878
44.0718
43.8001
43.4885
43.1535
42.8113
42.4771
42.1640
41.8823
41.6389
41.4372
41.2766
41.1532
41.0598
40.9866
40.9219
40.8533
40.7682
40.6553
40.5049
40.3099
40.0669
39.7755
39.4398
39.0670
38.6680
38.2566
37.8484
37.4606
37.1103
36.8139
36.5862
36.4393
36.3818
36.4187
36.5506
36.7741
37.0814
37.4614
37.8998
38.3802
38.8851
39.3967
39.8978
40.3732
40.8099
41.1986
41.5330
41.8113
42.0351
42.2097
42.3434
42.4469
42.5324
42.6128
42.7004
42.8064
42.9398
43.1066
43.3096
43.5480
43.8173
44.1093
44.4130
44.7150
45.0000
45.2524
45.4565
45.5984
45.6659
45.6502
45.5457
45.3511
45.0694
44.7075
44.2760
43.7891
43.2631
42.7162
42.1671
41.6341
41.1341
40.6817
40.2885
39.9625
39.7078
39.5245
39.4087
39.3532
39.3478
39.3802
39.4371
39.5049
39.5705
39.6227
39.6528
39.6548
39.6264
39.5689
39.4872
39.3895
39.2865
39.1913
39.1178
39.0803
39.0924
39.1659
39.3101
39.5310
39.8308
40.2078
40.6562
41.1662
41.7247
42.3159
42.9219
43.5239
44.1033
44.6423
45.1253
45.5393
45.8750
46.1269
46.2937
46.3782
46.3869
46.3297
46.2192
46.0695
45.8955
45.7122
45.5331
45.3700
45.2316
45.1236
45.0480
45.0033
44.9843
44.9828
44.9883
44.9882
44.9696
44.9195
44.8261
44.6796
44.4729
44.2026
43.8688
43.4756
43.0310
42.5467
42.0370
41.5186
41.0096
40.5283
40.0924
39.7179
39.4183
39.2037
39.0804
39.0506
39.1124
39.2595
39.4823
39.7680
40.1017
40.4671
40.8477
41.2277
41.5928
41.9313
42.2345
42.4972
42.7181
42.8993
43.0467
43.1686
43.2761
43.3811
43.4964
43.6341
43.8047
44.0167
44.2755
44.5829
44.9372
45.3326
45.7600
46.2071
46.6590
47.0991
47.5103
47.8756
48.1793
48.4080
48.5511
48.6017
48.5571
48.4187
48.1921
47.8869
47.5158
47.0942
46.6393
46.1688
45.7004
45.2504
44.8329
44.4593
44.1372
43.8708
43.6602
43.5019
43.3890
43.3118
43.2589
43.2175
43.1750
43.1195
43.0408
42.9313
42.7865
42.6054
42.3908
42.1489
41.8895
41.6249
41.3694
41.1388
40.9486
40.8139
40.7479
40.7611
40.8608
41.0504
41.3292
41.6921
42.1304
42.6315
43.1801
43.7589
44.3492
44.9325
45.4910
46.0089
46.4729
46.8733
47.2038
47.4626
47.6515
47.7760
47.8451
47.8699
47.8635
47.8395
47.8113
47.7911
47.7890
47.8125
47.8656
47.9489
48.0593
48.1902
48.3321
48.4729
48.5991
48.6963
48.7506
48.7491
48.6813
48.5393
48.3190
48.0201
47.6464
47.2058
46.7097
46.1727
45.6118
45.0454
44.4924
43.9711
43.4983
43.0884
42.7526
42.4984
42.3292
42.2441
42.2386
42.3042
42.4297
42.6017
42.8054
43.0258
43.2486
43.4611
43.6528
43.8164
43.9482
44.0479
44.1190
44.1680
44.2046
44.2403
44.2879
44.3607
44.4711
44.6300
44.8459
45.1242
45.4665
45.8708
46.3309
46.8370
47.3760
47.9323
48.4882
49.0256
49.5264
49.9734
50.3520
50.6502
50.8596
50.9761
50.9996
50.9342
50.7878
50.5718
50.3001
49.9885
49.6535
49.3113
48.9771
48.6640
48.3823
48.1389
47.9372
47.7766
47.6532
47.5598
47.4866
47.4219
47.3533
47.2682
47.1553
47.0049
46.8099
46.5669
46.2755
45.9398
45.5670
45.1680
44.7566
44.3484
43.9606
43.6103
43.3139
43.0862
42.9393
42.8818
42.9187
43.0506
43.2741
43.5814
43.9614
44.3998
44.8802
45.3851
45.8967
46.3978
46.8732
47.3099
47.6986
48.0330
48.3113
48.5351
48.7097
48.8434
48.9469
49.0324
49.1128
49.2004
49.3064
49.4398
49.6066
49.8096
50.0480
50.3173
50.6093
50.9130
51.2150
51.5000
51.7524
51.9565
52.0984
52.1659
52.1502
52.0457
51.8511
51.5694
51.2075
50.7760
50.2891
49.7631
49.2162
48.6671
48.1341
47.6341
47.1817
46.7885
46.4625
46.2078
46.0245
45.9087
45.8532
45.8478
45.8802
45.9371
46.0049
46.0705
46.1227
46.1528
46.1548
46.1264
46.0689
45.9872
45.8895
45.7865
45.6913
45.6178
45.5803
45.5924
45.6659
45.8101
46.0310
46.3308
46.7078
47.1562
47.6662
48.2247
48.8159
49.4219
50.0239
50.6033
51.1423
51.6253
52.0393
52.3750
52.6269
52.7937
52.8782
52.8869
52.8297
52.7192
52.5695
52.3955
52.2122
52.0331
51.8700
51.7316
51.6236
51.5480
51.5033
51.4843
51.4828
51.4883
51.4882
51.4696
51.4195
51.3261
51.1796
50.9729
50.7026
50.3688
49.9756
49.5310
49.0467
48.5370
48.0186
47.5096
47.0283
46.5924
46.2179
45.9183
45.7037
45.5804
45.5506
45.6124
45.7595
45.9823
46.2680
46.6017
46.9671
47.3477
47.7277
48.0928
48.4313
48.7345
48.9972
49.2181
49.3993
49.5467
49.6686
49.7761
49.8811
49.9964
50.1341
50.3047
50.5167
50.7755
51.0829
51.4372
51.8326
52.2600
52.7071
53.1590
53.5991
54.0103
54.3756
54.6793
54.9080
55.0511
55.1017
55.0571
54.9187
54.6921
54.3869
54.0158
53.5942
53.1393
52.6688
52.2004