36.9989
38.9282
40.7225
42.3237
43.6851
44.7732
45.5698
46.0731
46.2966
46.2689
46.0309
45.6333
45.1331
44.5899
44.0615
43.6009
43.2520
43.0472
43.0053
43.1300
43.4101
43.8198
44.3204
44.8632
45.3923
45.8486
46.1732
46.3119
46.2184
45.8576
45.2084
44.2648
43.0368
41.5504
39.8461
37.9765
36.0038
33.9962
32.0235
30.1539
28.4496
26.9632
25.7352
24.7916
24.1424
23.7816
23.6881
23.8268
24.1514
24.6077
25.1368
25.6796
26.1802
26.5899
26.8700
26.9947
26.9528
26.7480
26.3991
25.9385
25.4101
24.8669
24.3667
23.9691
23.7311
23.7034
23.9269
24.4302
25.2268
26.3149
27.6763
29.2775
31.0718
33.0011
35.0000
36.9989
38.9282
40.7225
42.3237
43.6851
44.7732
45.5698
46.0731
46.2966
46.2689
46.0309
45.6333
45.1331
44.5899
44.0615
43.6009
43.2520
43.0472
43.0053
43.1300
43.4101
43.8198
44.3204
44.8632
45.3923
45.8486
46.1732
46.3119
46.2184
45.8576
45.2084
44.2648
43.0368
41.5504
39.8461
37.9765
36.0038
33.9962
32.0235
30.1539
28.4496
26.9632
25.7352
24.7916
24.1424
23.7816
23.6881
23.8268
24.1514
24.6077
25.1368
25.6796
26.1802
26.5899
26.8700
26.9947
26.9528
26.7480
26.3991
25.9385
25.4101
24.8669
24.3667
23.9691
23.7311
23.7034
23.9269
24.4302
25.2268
26.3149
27.6763
29.2775
31.0718
33.0011
35.0000
36.9989
38.9282
40.7225
42.3237
43.6851
44.7732
45.5698
46.0731
46.2966
46.2689
46.0309
45.6333
45.1331
44.5899
44.0615
43.6009
43.2520
43.0472
43.0053
43.1300
43.4101
43.8198
44.3204
44.8632
45.3923
45.8486
46.1732
46.3119
46.2184
45.8576
45.2084
44.2648
43.0368
41.5504
39.8461
37.9765
36.0038
33.9962
32.0235
30.1539
28.4496
26.9632
25.7352
24.7916
24.1424
23.7816
23.6881
23.8268
24.1514
24.6077
25.1368
25.6796
26.1802
26.5899
26.8700
26.9947
26.9528
26.7480
26.3991
25.9385
25.4101
24.8669
24.3667
23.9691
23.7311
23.7034
23.9269
24.4302
25.2268
26.3149
27.6763
29.2775
31.0718
33.0011
35.0000
36.9989
38.9282
40.7225
42.3237
43.6851
44.7732
45.5698
46.0731
46.2966
46.2689
46.0309
45.6333
45.1331
44.5899
44.0615
43.6009
43.2520
43.0472
43.0053
43.1300
43.4101
43.8198
44.3204
44.8632
45.3923
45.8486
46.1732
46.3119
46.2184
45.8576
45.2084
44.2648
43.0368
41.5504
39.8461
37.9765
36.0038
33.9962
32.0235
30.1539
28.4496
26.9632
25.7352
24.7916
24.1424
23.7816
23.6881
23.8268
24.1514
24.6077
25.1368
25.6796
26.1802
26.5899
26.8700
26.9947
26.9528
26.7480
26.3991
25.9385
25.4101
24.8669
24.3667
23.9691
23.7311
23.7034
23.9269
24.4302
25.2268
26.3149
27.6763
29.2775
31.0718
33.0011
35.0000
36.9989
38.9282
40.7225
42.3237
43.6851
44.7732
45.5698
46.0731
46.2966
46.2689
46.0309
45.6333
45.1331
44.5899
44.0615
43.6009
43.2520
43.0472
43.0053
43.1300
43.4101
43.8198
44.3204
44.8632
45.3923
45.8486
46.1732
46.3119
46.2184
45.8576
45.2084
44.2648
43.0368
41.5504
39.8461
37.9765
36.0038
33.9962
32.0235
30.1539
28.4496
26.9632
25.7352
24.7916
24.1424
23.7816
23.6881
23.8268
24.1514
24.6077
25.1368
25.6796
26.1802
26.5899
26.8700
26.9947
26.9528
26.7480
26.3991
25.9385
25.4101
24.8669
24.3667
23.9691
23.7311
23.7034
23.9269
24.4302
25.2268
26.3149
27.6763
29.2775
31.0718
33.0011
35.0000
36.9989
38.9282
40.7225
42.3237
43.6851
44.7732
45.5698
46.0731
46.2966
46.2689
46.0309
45.6333
45.1331
44.5899
44.0615
43.6009
43.2520
43.0472
43.0053
43.1300
43.4101
43.8198
44.3204
44.8632
45.3923
45.8486
46.1732
46.3119
46.2184
45.8576
45.2084
44.2648
43.0368
41.5504
39.8461
37.9765
36.0038
33.9962
32.0235
30.1539
28.4496
26.9632
25.7352
24.7916
24.1424
23.7816
23.6881
23.8268
24.1514
24.6077
25.1368
25.6796
26.1802
26.5899
26.8700
26.9947
26.9528
26.7480
26.3991
25.9385
25.4101
24.8669
24.3667
23.9691
23.7311
23.7034
23.9269
24.4302
25.2268
26.3149
27.6763
29.2775
31.0718
33.0011
35.0000
36.9989
38.9282
40.7225
42.3237
43.6851
44.7732
45.5698
46.0731
46.2966
46.2689
46.0309
45.6333
45.1331
44.5899
44.0615
43.6009
43.2520
43.0472
43.0053
43.1300
43.4101
43.8198
44.3204
44.8632
45.3923
45.8486
46.1732
46.3119
46.2184
45.8576
45.2084
44.2648
43.0368
41.5504
39.8461
37.9765
36.0038
33.9962
32.0235
30.1539
28.4496
26.9632
25.7352
24.7916
24.1424
23.7816
23.6881
23.8268
24.1514
24.6077
25.1368
25.6796
26.1802
26.5899
26.8700
26.9947
26.9528
26.7480
26.3991
25.9385
25.4101
24.8669
24.3667
23.9691
23.7311
23.7034
23.9269
24.4302
25.2268
26.3149
27.6763
29.2775
31.0718
33.0011
35.0000
36.9989
38.9282
40.7225
42.3237
43.6851
44.7732
45.5698
46.0731
46.2966
46.2689
46.0309
45.6333
45.1331
44.5899
44.0615
43.6009
43.2520
43.0472
43.0053
43.1300
43.4101
43.8198
44.3204
44.8632
45.3923
45.8486
46.1732
46.3119
46.2184
45.8576
45.2084
44.2648
43.0368
41.5504
39.8461
37.9765
36.0038
33.9962
32.0235
30.1539
28.4496
26.9632
25.7352
24.7916
24.1424
23.7816
23.6881
23.8268
24.1514
24.6077
25.1368
25.6796
26.1802
26.5899
26.8700
26.9947
26.9528
26.7480
26.3991
25.9385
25.4101
24.8669
24.3667
23.9691
23.7311
23.7034
23.9269
24.4302
25.2268
26.3149
27.6763
29.2775
31.0718
33.0011
35.0000
36.9989
38.9282
40.7225
42.3237
43.6851
44.7732
45.5698
46.0731
46.2966
46.2689
46.0309
45.6333
45.1331
44.5899
44.0615
43.6009
43.2520
43.0472
43.0053
43.1300
43.4101
43.8198
44.3204
44.8632
45.3923
45.8486
46.1732
46.3119
46.2184
45.8576
45.2084
44.2648
43.0368
41.5504
39.8461
37.9765
36.0038
33.9962
32.0235
30.1539
28.4496
26.9632
25.7352
24.7916
24.1424
23.7816
23.6881
23.8268
24.1514
24.6077
25.1368
25.6796
26.1802
26.5899
26.8700
26.9947
26.9528
26.7480
26.3991
25.9385
25.4101
24.8669
24.3667
23.9691
23.7311
23.7034
23.9269
24.4302
25.2268
26.3149
27.6763
29.2775
31.0718
33.0011
35.0000
36.9989
38.9282
40.7225
42.3237
43.6851
44.7732
45.5698
46.0731
46.2966
46.2689
46.0309
45.6333
45.1331
44.5899
44.0615
43.6009
43.2520
43.0472
43.0053
43.1300
43.4101
43.8198
44.3204
44.8632
45.3923
45.8486
46.1732
46.3119
46.2184
45.8576
45.2084
44.2648
43.0368
41.5504
39.8461
37.9765
36.0038
33.9962
32.0235
30.1539
28.4496
26.9632
25.7352
24.7916
24.1424
23.7816
23.6881
23.8268
24.1514
24.6077
25.1368
25.6796
26.1802
26.5899
26.8700
26.9947
26.9528
26.7480
26.3991
25.9385
25.4101
24.8669
24.3667
23.9691
23.7311
23.7034
23.9269
24.4302
25.2268
26.3149
27.6763
29.2775
31.0718
33.0011
35.0000
36.9989
38.9282
40.7225
42.3237
43.6851
44.7732
45.5698
46.0731
46.2966
46.2689
46.0309
45.6333
45.1331
44.5899
44.0615
43.6009
43.2520
43.0472
43.0053
43.1300
43.4101
43.8198
44.3204
44.8632
45.3923
45.8486
46.1732
46.3119
46.2184
45.8576
45.2084
44.2648
43.0368
41.5504
39.8461
37.9765
36.0038
33.9962
32.0235
30.1539