36.9789
38.8882
40.6625
42.2437
43.5851
44.6532
45.4298
45.9131
46.1166
46.0689
45.8109
45.3933
44.8731
44.3099
43.7615
43.2809
42.9120
42.6872
42.6253
42.7300
42.9901
43.3798
43.8604
44.3832
44.8923
45.3286
45.6332
45.7519
45.6384
45.2576
44.5884
43.6248
42.3768
40.8704
39.1461
37.2565
35.2638
33.2362
31.2435
29.3539
27.6296
26.1232
24.8752
23.9116
23.2424
22.8616
22.7481
22.8668
23.1714
23.6077
24.1168
24.6396
25.1202
25.5099
25.7700
25.8747
25.8128
25.5880
25.2191
24.7385
24.1901
23.6269
23.1067
22.6891
22.4311
22.3834
22.5869
23.0702
23.8468
24.9149
26.2563
27.8375
29.6118
31.5211
33.5000
35.4789
37.3882
39.1625
40.7437
42.0851
43.1532
43.9298
44.4131
44.6166
44.5689
44.3109
43.8933
43.3731
42.8099
42.2615
41.7809
41.4120
41.1872
41.1253
41.2300
41.4901
41.8798
42.3604
42.8832
43.3923
43.8286
44.1332
44.2519
44.1384
43.7576
43.0884
42.1248
40.8768
39.3704
37.6461
35.7565
33.7638
31.7362
29.7435
27.8539
26.1296
24.6232
23.3752
22.4116
21.7424
21.3616
21.2481
21.3668
21.6714
22.1077
22.6168
23.1396
23.6202
24.0099
24.2700
24.3747
24.3128
24.0880
23.7191
23.2385
22.6901
22.1269
21.6067
21.1891
20.9311
20.8834
21.0869
21.5702
22.3468
23.4149
24.7563
26.3375
28.1118
30.0211
32.0000
33.9789
35.8882
37.6625
39.2437
40.5851
41.6532
42.4298
42.9131
43.1166
43.0689
42.8109
42.3933
41.8731
41.3099
40.7615
40.2809
39.9120
39.6872
39.6253
39.7300
39.9901
40.3798
40.8604
41.3832
41.8923
42.3286
42.6332
42.7519
42.6384
42.2576
41.5884
40.6248
39.3768
37.8704
36.1461
34.2565
32.2638
30.2362
28.2435
26.3539
24.6296
23.1232
21.8752
20.9116
20.2424
19.8616
19.7481
19.8668
20.1714
20.6077
21.1168
21.6396
22.1202
22.5099
22.7700
22.8747
22.8128
22.5880
22.2191
21.7385
21.1901
20.6269
20.1067
19.6891
19.4311
19.3834
19.5869
20.0702
20.8468
21.9149
23.2563
24.8375
26.6118
28.5211
30.5000
32.4789
34.3882
36.1625
37.7437
39.0851
40.1532
40.9298
41.4131
41.6166
41.5689
41.3109
40.8933
40.3731
39.8099
39.2615
38.7809
38.4120
38.1872
38.1253
38.2300
38.4901
38.8798
39.3604
39.8832
40.3923
40.8286
41.1332
41.2519
41.1384
40.7576
40.0884
39.1248
37.8768
36.3704
34.6461
32.7565
30.7638
28.7362
26.7435
24.8539
23.1296
21.6232
20.3752
19.4116
18.7424
18.3616
18.2481
18.3668
18.6714
19.1077
19.6168
20.1396
20.6202
21.0099
21.2700
21.3747
21.3128
21.0880
20.7191
20.2385
19.6901
19.1269
18.6067
18.1891
17.9311
17.8834
18.0869
18.5702
19.3468
20.4149
21.7563
23.3375
25.1118
27.0211
29.0000
30.9789
32.8882
34.6625
36.2437
37.5851
38.6532
39.4298
39.9131
40.1166
40.0689
39.8109
39.3933
38.8731
38.3099
37.7615
37.2809
36.9120
36.6872
36.6253
36.7300
36.9901
37.3798
37.8604
38.3832
38.8923
39.3286
39.6332
39.7519
39.6384
39.2576
38.5884
37.6248
36.3768
34.8704
33.1461
31.2565
29.2638
27.2362
25.2435
23.3539
21.6296
20.1232
18.8752
17.9116
17.2424
16.8616
16.7481
16.8668
17.1714
17.6077
18.1168
18.6396
19.1202
19.5099
19.7700
19.8747
19.8128
19.5880
19.2191
18.7385
18.1901
17.6269
17.1067
16.6891
16.4311
16.3834
16.5869
17.0702
17.8468
18.9149
20.2563
21.8375
23.6118
25.5211
27.5000
29.4789
31.3882
33.1625
34.7437
36.0851
37.1532
37.9298
38.4131
38.6166
38.5689
38.3109
37.8933
37.3731
36.8099
36.2615
35.7809
35.4120
35.1872
35.1253
35.2300
35.4901
35.8798
36.3604
36.8832
37.3923
37.8286
38.1332
38.2519
38.1384
37.7576
37.0884
36.1248
34.8768
33.3704
31.6461
29.7565
27.7638
25.7362
23.7435
21.8539
20.1296
18.6232
17.3752
16.4116
15.7424
15.3616
15.2481
15.3668
15.6714
16.1077
16.6168
17.1396
17.6202
18.0099
18.2700
18.3747
18.3128
18.0880
17.7191
17.2385
16.6901
16.1269
15.6067
15.1891
14.9311
14.8834
15.0869
15.5702
16.3468
17.4149
18.7563
20.3375
22.1118
24.0211
26.0000
27.9789
29.8882
31.6625
33.2437
34.5851
35.6532
36.4298
36.9131
37.1166
37.0689
36.8109
36.3933
35.8731
35.3099
34.7615
34.2809
33.9120
33.6872
33.6253
33.7300
33.9901
34.3798
34.8604
35.3832
35.8923
36.3286
36.6332
36.7519
36.6384
36.2576
35.5884
34.6248
33.3768
31.8704
30.1461
28.2565
26.2638
24.2362
22.2435
20.3539
18.6296
17.1232
15.8752
14.9116
14.2424
13.8616
13.7481
13.8668
14.1714
14.6077
15.1168
15.6396
16.1202
16.5099
16.7700
16.8747
16.8128
16.5880
16.2191
15.7385
15.1901
14.6269
14.1067
13.6891
13.4311
13.3834
13.5869
14.0702
14.8468
15.9149
17.2563
18.8375
20.6118
22.5211
24.5000
26.4789
28.3882
30.1625
31.7437
33.0851
34.1532
34.9298
35.4131
35.6166
35.5689
35.3109
34.8933
34.3731
33.8099
33.2615
32.7809
32.4120
32.1872
32.1253
32.2300
32.4901
32.8798
33.3604
33.8832
34.3923
34.8286
35.1332
35.2519
35.1384
34.7576
34.0884
33.1248
31.8768
30.3704
28.6461
26.7565
24.7638
22.7362
20.7435
18.8539
17.1296
15.6232
14.3752
13.4116
12.7424
12.3616
12.2481
12.3668
12.6714
13.1077
13.6168
14.1396
14.6202
15.0099
15.2700
15.3747
15.3128
15.0880
14.7191
14.2385
13.6901
13.1269
12.6067
12.1891
11.9311
11.8834
12.0869
12.5702
13.3468
14.4149
15.7563
17.3375
19.1118
21.0211
23.0000
24.9789
26.8882
28.6625
30.2437
31.5851
32.6532
33.4298
33.9131
34.1166
34.0689
33.8109
33.3933
32.8731
32.3099
31.7615
31.2809
30.9120
30.6872
30.6253
30.7300
30.9901
31.3798
31.8604
32.3832
32.8923
33.3286
33.6332
33.7519
33.6384
33.2576
32.5884
31.6248
30.3768
28.8704
27.1461
25.2565
23.2638
21.2362
19.2435
17.3539
15.6296
14.1232
12.8752
11.9116
11.2424
10.8616
10.7481
10.8668
11.1714
11.6077
12.1168
12.6396
13.1202
13.5099
13.7700
13.8747
13.8128
13.5880
13.2191
12.7385
12.1901
11.6269
11.1067
10.6891
10.4311
10.3834
10.5869
11.0702
11.8468
12.9149
14.2563
15.8375
17.6118
19.5211
21.5000
23.4789
25.3882
27.1625
28.7437
30.0851
31.1532
31.9298
32.4131
32.6166
32.5689
32.3109
31.8933
31.3731
30.8099
30.2615
29.7809
29.4120
29.1872
29.1253
29.2300
29.4901
29.8798
30.3604
30.8832
31.3923
31.8286
32.1332
32.2519
32.1384
31.7576
31.0884
30.1248
28.8768
27.3704
25.6461
23.7565
21.7638
19.7362
17.7435
15.8539
14.1296
12.6232
11.3752
10.4116
9.7424
9.3616
9.2481
9.3668
9.6714
10.1077
10.6168
11.1396
11.6202
12.0099
12.2700
12.3747
12.3128
12.0880
11.7191
11.2385
10.6901
10.1269
9.6067
9.1891
8.9311
8.8834
9.0869
9.5702
10.3468
11.4149
12.7563
14.3375
16.1118
18.0211
20.0000
21.9789
23.8882
25.6625
27.2437
28.5851
29.6532
30.4298
30.9131
31.1166
31.0689
30.8109
30.3933
29.8731
29.3099
28.7615
28.2809
27.9120
27.6872
27.6253
27.7300
27.9901
28.3798
28.8604
29.3832
29.8923
30.3286
30.6332
30.7519
30.6384
30.2576
29.5884
28.6248
27.3768
25.8704
24.1461
22.2565
20.2638
18.2362
16.2435
14.3539