37.0189
38.9682
40.7825
42.4037
43.7851
44.8932
45.7098
46.2331
46.4766
46.4689
46.2509
45.8733
45.3931
44.8699
44.3615
43.9209
43.5920
43.4072
43.3853
43.5300
43.8301
44.2598
44.7804
45.3432
45.8923
46.3686
46.7132
46.8719
46.7984
46.4576
45.8284
44.9048
43.6968
42.2304
40.5461
38.6965
36.7438
34.7562
32.8035
30.9539
29.2696
27.8032
26.5952
25.6716
25.0424
24.7016
24.6281
24.7868
25.1314
25.6077
26.1568
26.7196
27.2402
27.6699
27.9700
28.1147
28.0928
27.9080
27.5791
27.1385
26.6301
26.1069
25.6267
25.2491
25.0311
25.0234
25.2669
25.7902
26.6068
27.7149
29.0963
30.7175
32.5318
34.4811
36.5000
38.5189
40.4682
42.2825
43.9037
45.2851
46.3932
47.2098
47.7331
47.9766
47.9689
47.7509
47.3733
46.8931
46.3699
45.8615
45.4209
45.0920
44.9072
44.8853
45.0300
45.3301
45.7598
46.2804
46.8432
47.3923
47.8686
48.2132
48.3719
48.2984
47.9576
47.3284
46.4048
45.1968
43.7304
42.0461
40.1965
38.2438
36.2562
34.3035
32.4539
30.7696
29.3032
28.0952
27.1716
26.5424
26.2016
26.1281
26.2868
26.6314
27.1077
27.6568
28.2196
28.7402
29.1699
29.4700
29.6147
29.5928
29.4080
29.0791
28.6385
28.1301
27.6069
27.1267
26.7491
26.5311
26.5234
26.7669
27.2902
28.1068
29.2149
30.5963
32.2175
34.0318
35.9811
38.0000
40.0189
41.9682
43.7825
45.4037
46.7851
47.8932
48.7098
49.2331
49.4766
49.4689
49.2509
48.8733
48.3931
47.8699
47.3615
46.9209
46.5920
46.4072
46.3853
46.5300
46.8301
47.2598
47.7804
48.3432
48.8923
49.3686
49.7132
49.8719
49.7984
49.4576
48.8284
47.9048
46.6968
45.2304
43.5461
41.6965
39.7438
37.7562
35.8035
33.9539
32.2696
30.8032
29.5952
28.6716
28.0424
27.7016
27.6281
27.7868
28.1314
28.6077
29.1568
29.7196
30.2402
30.6699
30.9700
31.1147
31.0928
30.9080
30.5791
30.1385
29.6301
29.1069
28.6267
28.2491
28.0311
28.0234
28.2669
28.7902
29.6068
30.7149
32.0963
33.7175
35.5318
37.4811
39.5000
41.5189
43.4682
45.2825
46.9037
48.2851
49.3932
50.2098
50.7331
50.9766
50.9689
50.7509
50.3733
49.8931
49.3699
48.8615
48.4209
48.0920
47.9072
47.8853
48.0300
48.3301
48.7598
49.2804
49.8432
50.3923
50.8686
51.2132
51.3719
51.2984
50.9576
50.3284
49.4048
48.1968
46.7304
45.0461
43.1965
41.2438
39.2562
37.3035
35.4539
33.7696
32.3032
31.0952
30.1716
29.5424
29.2016
29.1281
29.2868
29.6314
30.1077
30.6568
31.2196
31.7402
32.1699
32.4700
32.6147
32.5928
32.4080
32.0791
31.6385
31.1301
30.6069
30.1267
29.7491
29.5311
29.5234
29.7669
30.2902
31.1068
32.2149
33.5963
35.2175
37.0318
38.9811
41.0000
43.0189
44.9682
46.7825
48.4037
49.7851
50.8932
51.7098
52.2331
52.4766
52.4689
52.2509
51.8733
51.3931
50.8699
50.3615
49.9209
49.5920
49.4072
49.3853
49.5300
49.8301
50.2598
50.7804
51.3432
51.8923
52.3686
52.7132
52.8719
52.7984
52.4576
51.8284
50.9048
49.6968
48.2304
46.5461
44.6965
42.7438
40.7562
38.8035
36.9539
35.2696
33.8032
32.5952
31.6716
31.0424
30.7016
30.6281
30.7868
31.1314
31.6077
32.1568
32.7196
33.2402
33.6699
33.9700
34.1147
34.0928
33.9080
33.5791
33.1385
32.6301
32.1069
31.6267
31.2491
31.0311
31.0234
31.2669
31.7902
32.6068
33.7149
35.0963
36.7175
38.5318
40.4811
42.5000
44.5189
46.4682
48.2825
49.9037
51.2851
52.3932
53.2098
53.7331
53.9766
53.9689
53.7509
53.3733
52.8931
52.3699
51.8615
51.4209
51.0920
50.9072
50.8853
51.0300
51.3301
51.7598
52.2804
52.8432
53.3923
53.8686
54.2132
54.3719
54.2984
53.9576
53.3284
52.4048
51.1968
49.7304
48.0461
46.1965
44.2438
42.2562
40.3035
38.4539
36.7696
35.3032
34.0952
33.1716
32.5424
32.2016
32.1281
32.2868
32.6314
33.1077
33.6568
34.2196
34.7402
35.1699
35.4700
35.6147
35.5928
35.4080
35.0791
34.6385
34.1301
33.6069
33.1267
32.7491
32.5311
32.5234
32.7669
33.2902
34.1068
35.2149
36.5963
38.2175
40.0318
41.9811
44.0000
46.0189
47.9682
49.7825
51.4037
52.7851
53.8932
54.7098
55.2331
55.4766
55.4689
55.2509
54.8733
54.3931
53.8699
53.3615
52.9209
52.5920
52.4072
52.3853
52.5300
52.8301
53.2598
53.7804
54.3432
54.8923
55.3686
55.7132
55.8719
55.7984
55.4576
54.8284
53.9048
52.6968
51.2304
49.5461
47.6965
45.7438
43.7562
41.8035
39.9539
38.2696
36.8032
35.5952
34.6716
34.0424
33.7016
33.6281
33.7868
34.1314
34.6077
35.1568
35.7196
36.2402
36.6699
36.9700
37.1147
37.0928
36.9080
36.5791
36.1385
35.6301
35.1069
34.6267
34.2491
34.0311
34.0234
34.2669
34.7902
35.6068
36.7149
38.0963
39.7175
41.5318
43.4811
45.5000
47.5189
49.4682
51.2825
52.9037
54.2851
55.3932
56.2098
56.7331
56.9766
56.9689
56.7509
56.3733
55.8931
55.3699
54.8615
54.4209
54.0920
53.9072
53.8853
54.0300
54.3301
54.7598
55.2804
55.8432
56.3923
56.8686
57.2132
57.3719
57.2984
56.9576
56.3284
55.4048
54.1968
52.7304
51.0461
49.1965
47.2438
45.2562
43.3035
41.4539
39.7696
38.3032
37.0952
36.1716
35.5424
35.2016
35.1281
35.2868
35.6314
36.1077
36.6568
37.2196
37.7402
38.1699
38.4700
38.6147
38.5928
38.4080
38.0791
37.6385
37.1301
36.6069
36.1267
35.7491
35.5311
35.5234
35.7669
36.2902
37.1068
38.2149
39.5963
41.2175
43.0318
44.9811
47.0000
49.0189
50.9682
52.7825
54.4037
55.7851
56.8932
57.7098
58.2331
58.4766
58.4689
58.2509
57.8733
57.3931
56.8699
56.3615
55.9209
55.5920
55.4072
55.3853
55.5300
55.8301
56.2598
56.7804
57.3432
57.8923
58.3686
58.7132
58.8719
58.7984
58.4576
57.8284
56.9048
55.6968
54.2304
52.5461
50.6965
48.7438
46.7562
44.8035
42.9539
41.2696
39.8032
38.5952
37.6716
37.0424
36.7016
36.6281
36.7868
37.1314
37.6077
38.1568
38.7196
39.2402
39.6699
39.9700
40.1147
40.0928
39.9080
39.5791
39.1385
38.6301
38.1069
37.6267
37.2491
37.0311
37.0234
37.2669
37.7902
38.6068
39.7149
41.0963
42.7175
44.5318
46.4811
48.5000
50.5189
52.4682
54.2825
55.9037
57.2851
58.3932
59.2098
59.7331
59.9766
59.9689
59.7509
59.3733
58.8931
58.3699
57.8615
57.4209
57.0920
56.9072
56.8853
57.0300
57.3301
57.7598
58.2804
58.8432
59.3923
59.8686
60.2132
60.3719
60.2984
59.9576
59.3284
58.4048
57.1968
55.7304
54.0461
52.1965
50.2438
48.2562
46.3035
44.4539
42.7696
41.3032
40.0952
39.1716
38.5424
38.2016
38.1281
38.2868
38.6314
39.1077
39.6568
40.2196
40.7402
41.1699
41.4700
41.6147
41.5928
41.4080
41.0791
40.6385
40.1301
39.6069
39.1267
38.7491
38.5311
38.5234
38.7669
39.2902
40.1068
41.2149
42.5963
44.2175
46.0318
47.9811
50.0000
52.0189
53.9682
55.7825
57.4037
58.7851
59.8932
60.7098
61.2331
61.4766
61.4689
61.2509
60.8733
60.3931
59.8699
59.3615
58.9209
58.5920
58.4072
58.3853
58.5300
58.8301
59.2598
59.7804
60.3432
60.8923
61.3686
61.7132
61.8719
61.7984
61.4576
60.8284
59.9048
58.6968
57.2304
55.5461
53.6965
51.7438
49.7562
47.8035
45.9539