0.1000
1.0160
-0.4152
1.0635
-0.7080
0.6173
0.2541
1.0948
-0.6017
0.8216
-0.1255
1.2244
-1.1365
-0.4411
0.3867
0.6583
0.5092
0.8345
0.1779
1.2060
-0.9829
0.0093
0.7050
0.3069
1.0796
-0.5397
0.9161
-0.3368
1.1160
-0.8447
0.3358
0.5887
0.6156
0.6461
0.6003
0.6892
0.5150
0.8354
0.1774
1.2065
-0.9848
0.0041
0.7045
0.3063
1.0800
-0.5410
0.9142
-0.3325
1.1195
-0.8544
0.3138
0.6058
0.5803
0.7102
0.4679
0.9066
-0.0104
1.2718
-1.2677
-0.8683
-0.4360
0.4734
0.5554
0.7101
0.4607
0.9159
-0.0362
1.2729
-1.2794
-0.9097
-0.5423
0.3154
0.6981
0.4124
0.9713
-0.1970
1.2370
-1.2015
-0.6499
0.0482
0.8018
0.1145
1.2222
-1.0569
-0.1972
0.6285
0.3878
0.9780
-0.2227
1.2239
-1.1641
-0.5299
0.2577
0.7481
0.2938
1.1036
-0.6169
0.7983
-0.0773
1.2311
-1.1451
-0.4666
0.3517
0.6868
0.4450
0.9288
-0.0741
1.2709
-1.2836
-0.9255
-0.5843
0.2444
0.7411
0.3045
1.0925
-0.5797
0.8572
-0.2027
1.1997
-1.0756
-0.2599
0.5827
0.4466
0.8956
0.0111
1.2685
-1.2494
-0.8048
-0.2816
0.6476
0.3285
1.0432
-0.4251
1.0600
-0.7004
0.6311
0.2322
1.1139
-0.6673
0.7108
0.0926
1.2012
-0.9924
-0.0183
0.7018
0.3049
1.0804
-0.5426
0.9119
-0.3270
1.1239
-0.8664
0.2863
0.6254
0.5384
0.7818
0.3058
1.1036
-0.6134
0.8043
-0.0898
1.2300
-1.1451
-0.4666
0.3516
0.6869
0.4449
0.9289
-0.0746
1.2709
-1.2836
-0.9254
-0.5840
0.2448
0.7409
0.3050
1.0920
-0.5780
0.8599
-0.2085
1.1971
-1.0688
-0.2401
0.5986
0.4263
0.9252
-0.0706
1.2706
-1.2813
-0.9174
-0.5627
0.2815
0.7202
0.3582
1.0364
-0.3963
1.0910
-0.7853
0.4639
0.4631
0.8389
0.1537
1.2186
-1.0328
-0.1276
0.6674
0.3382
1.0401
-0.4131
1.0732
-0.7363
0.5630
0.3353
1.0115
-0.3318
1.1494
-0.9490
0.0841
0.7054
0.3286
1.0605
-0.4759
1.0011
-0.5458
0.8832
-0.2559
1.1733
-1.0041
-0.0594
0.6938
0.3082
1.0752
-0.5259
0.9353
-0.3826
1.0757
-0.7347
0.5671
0.3294
1.0182
-0.3526
1.1314
-0.8978
0.2110
0.6684
0.4379
0.9320
-0.0848
1.2695
-1.2819
-0.9196
-0.5685
0.2716
0.7262
0.3432
1.0529
-0.4491
1.0335
-0.6300
0.7544
0.0142
1.2260
-1.1002
-0.3268
0.5204
0.5228
0.7735
0.3192
1.0894
-0.5659
0.8785
-0.2503
1.1759
-1.0108
-0.0777
0.6883
0.3134
1.0690
-0.5058
0.9626
-0.4489
1.0066
-0.5533
0.8734
-0.2339
1.1854
-1.0375
-0.1514
0.6567
0.3509
1.0246
-0.3645
1.1214
-0.8699
0.2771
0.6315
0.5247
0.8040
0.2525
1.1520
-0.7821
0.4893
0.4302
0.8876
0.0260
1.2653
-1.2338
-0.7514
-0.1606
0.7385
0.1884
1.1719
-0.8661
0.3015
0.6129
0.5645
0.7378
0.4074
0.9890
-0.2472
1.2112
-1.1279
-0.4176
0.4175
0.6307
0.5684
0.7369
0.4103
0.9854
-0.2363
1.2175
-1.1460
-0.4733
0.3426
0.6937
0.4292
0.9502
-0.1354
1.2594
-1.2612
-0.8490
-0.3874
0.5352
0.4827
0.8343
0.1702
1.2097
-0.9978
-0.0308
0.6993
0.3060
1.0787
-0.5371
0.9197
-0.3453
1.1090
-0.8254
0.3789
0.5513
0.6881
0.5025
0.8529
0.1323
1.2314
-1.0831
-0.2730
0.5707
0.4621
0.8723
0.0733
1.2542
-1.1801
-0.5736
0.1853
0.7798
0.2042
1.1756
-0.8735
0.2846
0.6246
0.5392
0.7804
0.3092
1.1003
-0.6020
0.8227
-0.1282
1.2238
-1.1353
-0.4372
0.3918
0.6539
0.5190
0.8191
0.2163
1.1802
-0.8852
0.2570
0.6420
0.5002
0.8424
0.1566
1.2184
-1.0312
-0.1233
0.6694
0.3358
1.0430
-0.4222
1.0633
-0.7096
0.6141
0.2592
1.0902
-0.5862
0.8460
-0.1779
1.2095
-1.1014
-0.3355
0.5120
0.5323
0.7569
0.3577
1.0479
-0.4302
1.0553
-0.6883
0.6534
0.1958
1.1423
-0.7682
0.5165
0.3960
0.9354
-0.1062
1.2648
-1.2716
-0.8842
-0.4761
0.4175
0.6132
0.5988
0.6820
0.5285
0.8135
0.2320
1.1687
-0.8427
0.3564
0.5693
0.6531
0.5736
0.7353
0.4152
0.9792
-0.2178
1.2274
-1.1743
-0.5625
0.2048
0.7725
0.2259
1.1603
-0.8172
0.4132
0.5158
0.7515
0.3641
1.0398
-0.4044
1.0830
-0.7633
0.5093
0.4079
0.9198
-0.0621
1.2705
-1.2786
-0.9077
-0.5371
0.3239
0.6920
0.4267
0.9527
-0.1426
1.2573
-1.2560
-0.8314
-0.3446
0.5843
0.4187
0.9299
-0.0850
1.2689
-1.2795
-0.9113
-0.5465
0.3085
0.7028
0.4010
0.9857
-0.2399
1.2151
-1.1391
-0.4522
0.3720
0.6706
0.4820
0.8759
0.0706
1.2558
-1.1866
-0.5946
0.1490
0.7905
0.1698
1.1968
-0.9543
0.0841
0.7038
0.3317
1.0571
-0.4648
1.0146
-0.5807
0.8323
-0.1440
1.2207
-1.1292
-0.4189
0.4156
0.6325
0.5645
0.7436
0.3952
1.0045
-0.2940
1.1803
-1.0387
-0.1563
0.6542
0.3539
1.0209
-0.3529
1.1319
-0.8997
0.2064
0.6704
0.4326
0.9391
-0.1048
1.2663
-1.2765
-0.9014
-0.5204
0.3504
0.6719
0.4730
0.8884
0.0371
1.2646
-1.2277
-0.7308
-0.1161
0.7619
0.1525
1.1960
-0.9569
0.0770
0.7046
0.3280
1.0608
-0.4770
0.9997
-0.5422
0.8884
-0.2675
1.1663
-0.9847
-0.0076
0.7045
0.3029
1.0829
-0.5510
0.8998
-0.2989
1.1449
-0.9248
0.1461
0.6927
0.3721
1.0139
-0.3276
1.1539
-0.9625
0.0493
0.7079
0.3133
1.0749
-0.5237
0.9385
-0.3903
1.0683
-0.7149
0.6049
0.2732
1.0770
-0.5419
0.9119
-0.3268
1.1240
-0.8668
0.2852
0.6260
0.5369
0.7843
0.2999
1.1094
-0.6331
0.7718
-0.0238
1.2307
-1.1277
-0.4112
0.4249
0.6238
0.5826
0.7119
0.4652
0.9106
-0.0214
1.2725
-1.2736
-0.8890
-0.4885
0.3992
0.6303
0.5636
0.7444
0.3932
1.0068
-0.3013
1.1750
-1.0232
-0.1133
0.6750
0.3280
1.0519
-0.4506
1.0314
-0.6244
0.7637
-0.0037
1.2291
-1.1160
-0.3749
0.4684
0.5804
0.6689
0.5477
0.7808
0.3108
1.0990
-0.5976
0.8297
-0.1430
1.2203
-1.1276
-0.4140
0.4217
0.6268
0.5765
0.7228
0.4416
0.9438
-0.1147
1.2647
-1.2738
-0.8922
-0.4965
0.3873
0.6411
0.5408
0.7829
0.3042
1.1053
-0.6190
0.7951
-0.0708
1.2315
-1.1445
-0.4645
0.3546
0.6846
0.4502
0.9216
-0.0541
1.2724
-1.2828
-0.9221
-0.5752
0.2602
0.7327
0.3265
1.0705
-0.5065
0.9620
-0.4476
1.0082
-0.5572
0.8678
-0.2214
1.1917
-1.0547
-0.1998
0.6277
0.3884
0.9771
-0.2201
1.2253
-1.1680
-0.5424
0.2377
0.7582
0.2665
1.1280
-0.7014
0.6496
0.1988
1.1395
-0.7583
0.5367
0.3692
0.9702
-0.2071
1.2310
-1.1837
-0.5925
0.1535
0.7893
0.1739
1.1945
-0.9453
0.1074
0.7003
0.3457
1.0428
-0.4186
1.0675
-0.7210
0.5925
0.2922
1.0582
-0.4801
0.9948
-0.5296
0.9058
-0.3076
1.1393
-0.9094
0.1840
0.6798
0.4082
0.9706
-0.1964
1.2372
-1.2017
-0.6507
0.0468
0.8017
0.1141
1.2223
-1.0573
-0.1985
0.6277
0.3889
0.9765
-0.2184
1.2262
-1.1705
-0.5501
0.2252
0.7640
0.2504
1.1414
-0.7488
0.5575
0.3403
1.0052
-0.3124
1.1649
-0.9935
-0.0324
0.7005
0.3033
1.0813
-0.5460
0.9071
-0.3157
1.1326
-0.8905
0.2295
0.6591
0.4607
0.9006
0.0026
1.2702
-1.2579
-0.8341
-0.3515
0.5768
0.4288
0.9156
-0.0451
1.2718
-1.2782
-0.9056
-0.5316
0.3327
0.6856
0.4418
0.9324
-0.0845
1.2697
-1.2824
-0.9214
-0.5734
0.2633
0.7309
0.3310
1.0659
-0.4914
0.9818
-0.4968
0.9489
-0.4097
1.0497
-0.6654
0.6950
0.1242
1.1869
-0.9349
0.1324
0.6950
0.3635
1.0235
-0.3576
1.1281
-0.8888
0.2325
0.6577
0.4642
0.8956
0.0163
1.2683
-1.2472
-0.7972
-0.2640
0.6632
0.3050
1.0688
-0.5077
0.9597
-0.4419
1.0146
-0.5736
0.8437
-0.1686
1.2133
-1.1115
-0.3657
0.4793
0.5686
0.6911
0.5019
0.8547
0.1279
1.2335
-1.0917
-0.2985
0.5478
0.4904
0.8277
0.1880
1.1988
-0.9556
0.0812
0.7041
0.3303
1.0585
-0.4693
1.0091
-0.5665
0.8534
-0.1897
1.2057
-1.0920
-0.3078
0.5398
0.4997
0.8123
0.2262
1.1721
-0.8554
0.3273
0.5934
0.6051
0.6654
0.5617
0.7579
0.3643
1.0416
-0.4096
1.0776
-0.7486
0.5388
0.3690
0.9710
-0.2093
1.2300
-1.1808
-0.5830
0.1699
0.7847
0.1890
1.1854
-0.9106
0.1948
0.6737
0.4230
0.9516
-0.1408
1.2577
-1.2568
-0.8342
-0.3512
0.5770
0.4285
0.9161
-0.0463
1.2718
-1.2784
-0.9066
-0.5342
0.3285
0.6887
0.4346
0.9422
-0.1125
1.2649
-1.2738
-0.8923
-0.4968
0.3868
0.6415
0.5398
0.7845
0.3004
1.1090
-0.6316
0.7742
-0.0286
1.2311
-1.1305
-0.4198
0.4142
0.6339
0.5617
0.7485
0.3841
1.0180
-0.3355
1.1478
-0.9451
0.0940
0.7041
0.3341
1.0550
-0.4580
1.0229
-0.6022
0.7992
-0.0749
1.2319
-1.1471
-0.4727
0.3431
0.6934
0.4298
0.9494
-0.1329
1.2601
-1.2628
-0.8546
-0.4012
0.5182
0.5036
0.8004
0.2542
1.1496
-0.7740
0.5061
0.4092
0.9174
-0.0555
1.2709
-1.2779
-0.9051
-0.5303
0.3347
0.6840
0.4454
0.9275
-0.0708
1.2712
-1.2837
-0.9257
-0.5848
0.2436
0.7415
0.3033
1.0937
-0.5836
0.8512
-0.1895
1.2051
-1.0900
-0.3017
0.5455
0.4928
0.8236
0.1981
1.1921
-0.9302
0.1462
0.6910
0.3754
1.0100
-0.3156
1.1636
-0.9901
-0.0233
0.7022
0.3027
1.0824
-0.5495
0.9020
-0.3040
1.1412
-0.9146
0.1712
0.6846
0.3953
0.9866
-0.2442
1.2125
-1.1315
-0.4288
0.4031
0.6438
0.5406
0.7840
0.3017
1.1077
-0.6274
0.7813
-0.0428
1.2318
-1.1372
-0.4409
0.3867
0.6584
0.5091
0.8346
0.1776
1.2062
-0.9838
0.0070
0.7048
0.3066
1.0798
-0.5404
0.9152
-0.3347
1.1178
-0.8495
0.3249
0.5973
0.5979
0.6787
0.5345
0.8036
0.2562
1.1492
-0.7721
0.5101
0.4040
0.9245
-0.0754
1.2694
-1.2785
-0.9077
-0.5370
0.3241
0.6919
0.4270
0.9523
-0.1415
1.2576
-1.2568
-0.8341
-0.3510
0.5773
0.4281
0.9166
-0.0478
1.2718
-1.2787
-0.9077
-0.5372
0.3237
0.6921
0.4264
0.9531
-0.1437
1.2570
-1.2552
-0.8286
-0.3378
0.5917
0.4085
0.9439
-0.1247
1.2614
-1.2649
-0.8617
-0.4191
0.4956
0.5304
0.7549
0.3613
1.0437
-0.4165
1.0702
-0.7285
0.5782
0.3135
1.0359
-0.4082
1.0775
-0.7480
0.5401
0.3673
0.9731
-0.2156
1.2268
-1.1719
-0.5547
0.2177
0.7672
0.2412
1.1487
-0.7751
0.5036
0.4125
0.9129
-0.0429
1.2713
-1.2755
-0.8963
-0.5073
0.3708
0.6553
0.5100
0.8325
0.1828
1.2030
-0.9712
0.0404
0.7064
0.3136
1.0742
-0.5215
0.9415
-0.3975
1.0612
-0.6960
0.6402
0.2174
1.1259
-0.7095
0.6330
0.2262
1.1183
-0.6829
0.6826
0.1428
1.1762
-0.8940
0.2340
0.6552
0.4692
0.8883
0.0360
1.2647
-1.2283
-0.7330
-0.1206
0.7598
0.1557
1.1940
-0.9491
0.0970
0.7021
0.3390
1.0497
-0.4409
1.0427
-0.6544
0.7132
0.0915
1.2023
-0.9962
-0.0286
0.7000
0.3054
1.0794
-0.5396
0.9162
-0.3372
1.1157
-0.8439
0.3376
0.5873
0.6185
0.6407
0.6109
0.6698
0.5552
0.7694
0.3378
1.0710
-0.5047
0.9648
-0.4545
1.0003
-0.5370
0.8963
-0.2858
1.1545
-0.9519
0.0778
0.7060
0.3256
1.0634
-0.4853
0.9892
-0.5156
0.9246
-0.3514
1.1045
-0.8133
0.4054
0.5259
0.7344
0.4027
0.9933
-0.2604
1.2031
-1.1044
-0.3467
0.5004
0.5454
0.7337
0.4100
0.9848
-0.2348
1.2183
-1.1483
-0.4806
0.3321
0.7014
0.4108
0.9741
-0.2052
1.2333
-1.1909
-0.6156
0.1122
0.7977
0.1428
1.2108
-1.0095
-0.0635
0.6915
0.3115
1.0716
-0.5143
0.9512
-0.4211
1.0371
-0.6322
0.7515
0.0196
1.2249
-1.0947
-0.3102
0.5369
0.5034
0.8063
0.2410
1.1606
-0.8135
0.4217
0.5070
0.7667
0.3292
1.0782
-0.5289
0.9319
-0.3744
1.0833
-0.7554
0.5262
0.3857
0.9495
-0.1466
1.2548
-1.2483
-0.8050
-0.2816
0.6475
0.3286
1.0431
-0.4246
1.0605
-0.7019
0.6285
0.2365
1.1103
-0.6548
0.7328
0.0518
1.2161
-1.0548
-0.1928
0.6315
0.3838
0.9833
-0.2384
1.2154
-1.1396
-0.4537
0.3700
0.6723
0.4783
0.8814
0.0559
1.2601
-1.2061
-0.6584
0.0313
0.8011
0.1109
1.2231
-1.0611
-0.2095
0.6202
0.3986
0.9636
-0.1804
1.2435
-1.2190
-0.7072
-0.0659
0.7817
0.1246
1.2128
-1.0217
-0.0977
0.6801
0.3231
1.0579
-0.4698
1.0084
-0.5646
0.8563
-0.1958
1.2032
-1.0855
-0.2886
0.5577
0.4779
0.8475
0.1378
1.2277
-1.0687
-0.2307
0.6049
0.4186
0.9362
-0.1015
1.2664
-1.2759
-0.8990
-0.5143
0.3600
0.6643
0.4903
0.8627
0.1050
1.2434
-1.1329
-0.4238
0.4087
0.6390
0.5509
0.7667
0.3422
1.0661
-0.4884
0.9859
-0.5072
0.9356
-0.3776
1.0811
-0.7496
0.5377
0.3703
0.9694
-0.2045
1.2323
-1.1873
-0.6038
0.1334
0.7939
0.1575
1.2034
-0.9803
0.0155
0.7056
0.3077
1.0791
-0.5379
0.9186
-0.3428
1.1111
-0.8312
0.3662
0.5630
0.6662
0.5476
0.7800
0.3125
1.0973
-0.5920
0.8386
-0.1621
1.2148
-1.1146
-0.3750
0.4688
0.5799
0.6699
0.5457
0.7840
0.3031
1.1066
-0.6234
0.7879
-0.0561
1.2320
-1.1416
-0.4551
0.3676
0.6743
0.4736
0.8882
0.0376
1.2645
-1.2273
-0.7293
-0.1128
0.7634
0.1503
1.1974
-0.9622
0.0631
0.7058
0.3216
1.0670
-0.4973
0.9739
-0.4769
0.9737
-0.4704
0.9823
-0.4921
0.9557
-0.4263
1.0323
-0.6199
0.7718
-0.0198
1.2310
-1.1274
-0.4101
0.4264
0.6225
0.5854
0.7069
0.4760
0.8948
0.0218
1.2678
-1.2436
-0.7850
-0.2357
0.6867
0.2691
1.1046
-0.6276
0.7799
-0.0399
1.2318
-1.1361
-0.4374
0.3914
0.6543
0.5180
0.8206
0.2126
1.1829
-0.8953
0.2327
0.6556
0.4681
0.8899
0.0318
1.2655
-1.2327
-0.7476
-0.1523
0.7432
0.1810
1.1771
-0.8856
0.2553
0.6431
0.4975
0.8464
0.1464
1.2239
-1.0533
-0.1859
0.6356
0.3786
0.9900
-0.2587
1.2033
-1.1048
-0.3477
0.4993
0.5467
0.7314
0.4151
0.9781
-0.2149
1.2288
-1.1784
-0.5754
0.1829
0.7805
0.2020
1.1770
-0.8790
0.2715
0.6331
0.5202
0.8110
0.2352
1.1659
-0.8325
0.3795
0.5486
0.6925
0.4932
0.8672
0.0950
1.2475
-1.1504
-0.4785
0.3343
0.7000
0.4143
0.9697
-0.1921
1.2392
-1.2076
-0.6698
0.0096
0.7989
0.1093
1.2230
-1.0611
-0.2094
0.6203
0.3985
0.9638
-0.1808
1.2434
-1.2185
-0.7058
-0.0629
0.7827
0.1234
1.2135
-1.0246
-0.1056
0.6770
0.3266
1.0537
-0.4565
1.0243
-0.6059
0.7934
-0.0630
1.2325
-1.1454
-0.4671
0.3509
0.6875
0.4436
0.9307
-0.0797
1.2703
-1.2831
-0.9239
-0.5801
0.2518
0.7372
0.3146
1.0826
-0.5466
0.9066
-0.3146
1.1334
-0.8929
0.2239
0.6619
0.4537
0.9104
-0.0242
1.2723
-1.2735
-0.8887
-0.4878
0.4002
0.6294
0.5654
0.7412
0.4005
0.9978
-0.2737
1.1944
-1.0795
-0.2731
0.5717
0.4605
0.8747
0.0670
1.2561
-1.1889
-0.6019
0.1362
0.7935
0.1594
1.2025
-0.9765
0.0259
0.7061
0.3097
1.0776
-0.5327
0.9260
-0.3604
1.0960
-0.7898
0.4554
0.4726
0.8239
0.1915
1.1958
-0.9445
0.1097
0.6998
0.3474
1.0410
-0.4130
1.0735
-0.7373
0.5610
0.3382
1.0081
-0.3214
1.1578
-0.9732
0.0213
0.7074
0.3058
1.0813
-0.5451
0.9084
-0.3188
1.1302
-0.8841
0.2449
0.6508
0.4804
0.8721
0.0793
1.2528
-1.1736
-0.5524
0.2207
0.7661
0.2445
1.1461
-0.7657
0.5231
0.3873
0.9470
-0.1393
1.2569
-1.2536
-0.8231
-0.3245
0.6056
0.3891
0.9697
-0.1997
1.2351
-1.1954
-0.6302
0.0853
0.8007
0.1279
1.2173
-1.0362
-0.1380
0.6625
0.3441
1.0329
-0.3905
1.0964
-0.8000
0.4329
0.4977
0.7831
0.2907
1.1167
-0.6585
0.7279
0.0607
1.2132
-1.0424
-0.1571
0.6527
0.3564
1.0180
-0.3439
1.1398
-0.9220
0.1518
0.6911
0.3768
1.0085
-0.3110
1.1672
-1.0005
-0.0513
0.6962
0.3061
1.0777
-0.5340
0.9240
-0.3555
1.1002
-0.8014
0.4309
0.4996
0.7798
0.2985
1.1092
-0.6328
0.7722
-0.0246
1.2308
-1.1282
-0.4128
0.4229
0.6257
0.5787
0.7189
0.4501
0.9320
-0.0810
1.2704
-1.2838
-0.9264
-0.5866
0.2404
0.7431
0.2990
1.0978
-0.5975
0.8295
-0.1426
1.2204
-1.1279
-0.4148
0.4207
0.6277
0.5745
0.7262
0.4340
0.9542
-0.1444
1.2571
-1.2556
-0.8300
-0.3413
0.5879
0.4137
0.9368
-0.1046
1.2657
-1.2743
-0.8936
-0.5003
0.3816
0.6461
0.5300
0.8005
0.2618
1.1442
-0.7542
0.5469
0.3550
0.9876
-0.2591
1.2023
-1.1015
-0.3378
0.5098
0.5348
0.7525
0.3678
1.0364
-0.3934
1.0942
-0.7943
0.4450
0.4844
0.8049
0.2382
1.1620
-0.8190
0.4095
0.5195
0.7450
0.3787
1.0227
-0.3506
1.1347
-0.9077
0.1870
0.6787
0.4111
0.9670
-0.1858
1.2418
-1.2145
-0.6927
-0.0360
0.7904
0.1146
1.2187
-1.0451
-0.1634
0.6491
0.3611
1.0122
-0.3260
1.1548
-0.9650
0.0429
0.7079
0.3112
1.0768
-0.5299
0.9299
-0.3696
1.0877
-0.7673
0.5020
0.4169
0.9072
-0.0272
1.2711
-1.2703
-0.8777
-0.4595
0.4411
0.5897
0.6455
0.5936
0.7003
0.4915
0.8719
0.0833
1.2519
-1.1690
-0.5376
0.2446
0.7549
0.2755
1.1202
-0.6742
0.6997
0.1123
1.1923
-0.9564
0.0771
0.7048
0.3278
1.0610
-0.4778
0.9987
-0.5398
0.8918
-0.2752
1.1615
-0.9712
0.0280
0.7076
0.3075
1.0799
-0.5403
0.9152
-0.3348
1.1177
-0.8493
0.3255
0.5969
0.5989
0.6770
0.5380
0.7978
0.2703
1.1370
-0.7289
0.5973
0.2818
1.0680
-0.5124
0.9528
-0.4247
1.0333
-0.6223
0.7679
-0.0122
1.2302
-1.1223
-0.3943
0.4456
0.6037
0.6235
0.6368
0.6193
0.6541
0.5868
0.7142
0.4620
0.9155
-0.0347
1.2730
-1.2790
-0.9083
-0.5386
0.3213
0.6939
0.4224
0.9584
-0.1592
1.2520
-1.2424
-0.7854
-0.2363
0.6862
0.2699
1.1039
-0.6250
0.7843
-0.0487
1.2320
-1.1395
-0.4481
0.3770
0.6665
0.4911
0.8623
0.1064
1.2428
-1.1306
-0.4166
0.4178
0.6306
0.5686
0.7366
0.4109
0.9846
-0.2338
1.2188
-1.1499
-0.4856
0.3249
0.7065
0.3987
0.9895
-0.2511
1.2086
-1.1203
-0.3946
0.4460
0.6032
0.6244
0.6351
0.6226
0.6479
0.5991
0.6918
0.5096
0.8440
0.1557
1.2192
-1.0345
-0.1324
0.6651
0.3409
1.0368
-0.4027
1.0840
-0.7659
0.5039
0.4148
0.9103
-0.0356
1.2713
-1.2734
-0.8888
-0.4880
0.4000
0.6296
0.5650
0.7419
0.3989
0.9998
-0.2797
1.1904
-1.0679
-0.2393
0.5995
0.4251
0.9268
-0.0751
1.2702
-1.2811
-0.9168
-0.5611
0.2842
0.7186
0.3623
1.0318
-0.3817
1.1055
-0.8256
0.3774
0.5529
0.6853
0.5084
0.8437
0.1560
1.2190
-1.0337
-0.1302
0.6662
0.3397
1.0383
-0.4075
1.0791
-0.7524
0.5312
0.3792
0.9581
-0.1713
1.2463
-1.2261
-0.7308
-0.1156
0.7620
0.1523
1.1961
-0.9573
0.0758
0.7048
0.3274
1.0614
-0.4790
0.9972
-0.5359
0.8971
-0.2875
1.1534
-0.9488
0.0858
0.7051
0.3298
1.0593
-0.4720
1.0059
-0.5582
0.8656
-0.2163
1.1942
-1.0613
-0.2187
0.6146
0.4055
0.9542
-0.1531
1.2535
-1.2456
-0.7959
-0.2606
0.6661
0.3006
1.0734
-0.5228
0.9394
-0.3922
1.0665
-0.7099
0.6143
0.2587
1.0906
-0.5877
0.8437
-0.1728
1.2113
-1.1059
-0.3490
0.4977
0.5485
0.7281
0.4223
0.9687
-0.1871
1.2416
-1.2144
-0.6921
-0.0349
0.7907
0.1143
1.2189
-1.0457
-0.1653
0.6480
0.3625
1.0104
-0.3206
1.1593
-0.9776
0.0098
0.7066
0.3040
1.0826
-0.5497
0.9018
-0.3034
1.1417
-0.9159
0.1682
0.6856
0.3923
0.9902
-0.2550
1.2060
-1.1128
-0.3717
0.4727
0.5756
0.6779
0.5293
0.8112
0.2376
1.1643
-0.8266
0.3927
0.5361
0.7154
0.4443
0.9382
-0.0990
1.2677
-1.2797
-0.9124
-0.5494
0.3037
0.7060
0.3932
0.9953
-0.2689
1.1973
-1.0878
-0.2974
0.5499
0.4875
0.8323
0.1765
1.2061
-0.9835
0.0076
0.7049
0.3067
1.0798
-0.5402
0.9153
-0.3351
1.1174
-0.8486
0.3270
0.5957
0.6013
0.6725
0.5472
0.7825
0.3070
1.1028
-0.6106
0.8088
-0.0990
1.2289
-1.1440
-0.4636
0.3558
0.6836
0.4525
0.9185
-0.0453
1.2727
-1.2812
-0.9161
-0.5594
0.2871
0.7168
0.3669
1.0266
-0.3655
1.1210
-0.8689
0.2792
0.6301
0.5279
0.7990
0.2647
1.1416
-0.7452
0.5650
0.3296
1.0174
-0.3504
1.1333
-0.9033
0.1976
0.6743
0.4226
0.9522
-0.1426
1.2572
-1.2555
-0.8297
-0.3404
0.5889
0.4124
0.9386
-0.1095
1.2648
-1.2724
-0.8871
-0.4834
0.4068
0.6233
0.5781
0.7191
0.4495
0.9329
-0.0836
1.2701
-1.2834
-0.9251
-0.5832
0.2463
0.7401
0.3070
1.0901
-0.5714
0.8699
-0.2308
1.1864
-1.0397
-0.1575
0.6534
0.3551
1.0195
-0.3485
1.1358
-0.9105
0.1801
0.6814
0.4039
0.9760
-0.2125
1.2296
-1.1804
-0.5817
0.1722
0.7840
0.1911
1.1841
-0.9054
0.2075
0.6681
0.4373
0.9327
-0.0866
1.2693
-1.2815
-0.9185
-0.5656
0.2766
0.7232
0.3507
1.0448
-0.4230
1.0630
-0.7087
0.6157
0.2566
1.0925
-0.5940
0.8338
-0.1515
1.2180
-1.1224
-0.3984
0.4411
0.6081
0.6146
0.6535
0.5864
0.7146
0.4610
0.9168
-0.0384
1.2730
-1.2802
-0.9124
-0.5496
0.3033
0.7063
0.3926
0.9961
-0.2713
1.1958
-1.0833
-0.2841
0.5620
0.4725
0.8560
0.1159
1.2380
-1.1109
-0.3562
0.4891
0.5583
0.7104
0.4609
0.9157
-0.0357
1.2729
-1.2792
-0.9091
-0.5407
0.3179
0.6963
0.4167
0.9658
-0.1809
1.2439
-1.2206
-0.7125
-0.0769
0.7780
0.1296
1.2099
-1.0104
-0.0663
0.6907
0.3122
1.0708
-0.5116
0.9549
-0.4299
1.0277
-0.6075
0.7916
-0.0595
1.2325
-1.1446
-0.4643
0.3548
0.6845
0.4505
0.9213
-0.0531
1.2724
-1.2827
-0.9215
-0.5737
0.2627
0.7312
0.3302
1.0667
-0.4940
0.9783
-0.4882
0.9598
-0.4361
1.0217
-0.5922
0.8156
-0.1089
1.2281
-1.1441
-0.4641
0.3552
0.6841
0.4513
0.9200
-0.0497
1.2726
-1.2821
-0.9194
-0.5681
0.2723
0.7257
0.3443
1.0518
-0.4454
1.0378
-0.6415
0.7351
0.0509
1.2169
-1.0580
-0.2019
0.6255
0.3916
0.9729
-0.2078
1.2314
-1.1853
-0.5976
0.1444
0.7915
0.1662
1.1988
-0.9621
0.0638
0.7057
0.3220
1.0666
-0.4961
0.9755
-0.4809
0.9688
-0.4583
0.9966
-0.5279
0.9088
-0.3147
1.1340
-0.8947
0.2196
0.6641
0.4484
0.9177
-0.0446
1.2725
-1.2805
-0.9137
-0.5528
0.2980
0.7098
0.3840
1.0065
-0.3030
1.1734
-1.0186
-0.1004
0.6803
0.3219
1.0590
-0.4736
1.0038
-0.5526
0.8736
-0.2343
1.1852
-1.0370
-0.1500
0.6574
0.3499
1.0258
-0.3681
1.1180
-0.8604
0.2991
0.6166
0.5574
0.7500
0.3796
1.0232
-0.3520
1.1335
-0.9045
0.1947
0.6756
0.4195
0.9563
-0.1546
1.2535
-1.2460
-0.7974
-0.2639
0.6633
0.3049
1.0688
-0.5078
0.9596
-0.4415
1.0150
-0.5747
0.8421
-0.1652
1.2144
-1.1143
-0.3740
0.4699
0.5787
0.6722
0.5410
0.7919
0.2843
1.1244
-0.6847
0.6810
0.1454
1.1747
-0.8883
0.2478
0.6475
0.4873
0.8618
0.1064
1.2427
-1.1301
-0.4152
0.4196
0.6290
0.5720
0.7306
0.4243
0.9672
-0.1823
1.2436
-1.2199
-0.7103
-0.0722
0.7796
0.1274
1.2112
-1.0155
-0.0803
0.6863
0.3164
1.0657
-0.4951
0.9765
-0.4835
0.9657
-0.4506
1.0055
-0.5506
0.8773
-0.2426
1.1808
-1.0247
-0.1157
0.6739
0.3296
1.0501
-0.4449
1.0379
-0.6416
0.7351
0.0509
1.2169
-1.0579
-0.2019
0.6256
0.3916
0.9730
-0.2080
1.2314
-1.1851
-0.5969
0.1456
0.7912
0.1672
1.1982
-0.9599
0.0696
0.7053
0.3245
1.0641
-0.4880
0.9859
-0.5071
0.9357
-0.3779
1.0808
-0.7488
0.5393
0.3682
0.9720
-0.2122
1.2286
-1.1767
-0.5701
0.1920
0.7774
0.2116
1.1705
-0.8547
0.3285
0.5925
0.6070
0.6619
0.5687
0.7459
0.3918
1.0089
-0.3075
1.1703
-1.0097
-0.0761
0.6890
0.3126
1.0699
-0.5088
0.9585
-0.4389
1.0179
-0.5822
0.8308
-0.1409
1.2214
-1.1309
-0.4242
0.4088
0.6388
0.5514
0.7660
0.3439
1.0642
-0.4825
0.9934
-0.5263
0.9102
-0.3178
1.1317
-0.8884
0.2347
0.6564
0.4672
0.8914
0.0278
1.2663
-1.2366
-0.7611
-0.1820
0.7253
0.2089
1.1565
-0.8099
0.4287
0.4997
0.7790
0.3003
1.1074
-0.6269
0.7821
-0.0443
1.2319
-1.1378
-0.4429
0.3841
0.6606
0.5042
0.8422
0.1582
1.2176
-1.0283
-0.1150
0.6730
0.3314
1.0482
-0.4387
1.0451
-0.6606
0.7026
0.1107
1.1936
-0.9614
0.0642
0.7058
0.3218
1.0668
-0.4967
0.9747
-0.4790
0.9712
-0.4643
0.9896
-0.5103
0.9323
-0.3700
1.0881
-0.7685
0.4997
0.4199
0.9030
-0.0157
1.2706
-1.2648
-0.8584
-0.4110
0.5060
0.5182
0.7758
0.3128
1.0958
-0.5871
0.8461
-0.1784
1.2093
-1.1008
-0.3337
0.5139
0.5302
0.7606
0.3492
1.0575
-0.4609
1.0199
-0.5945
0.8111
-0.0995
1.2295
-1.1461
-0.4702
0.3466
0.6908
0.4360
0.9411
-0.1092
1.2656
-1.2754
-0.8975
-0.5102
0.3663
0.6591
0.5018
0.8453
0.1503
1.2220
-1.0454
-0.1633
0.6490
0.3612
1.0120
-0.3255
1.1553
-0.9662
0.0397
0.7079
0.3103
1.0776
-0.5327
0.9260
-0.3603
1.0960
-0.7899
0.4553
0.4729
0.8235
0.1924
1.1952
-0.9423
0.1154
0.6987
0.3512
1.0369
-0.3999
1.0872
-0.7749
0.4856
0.4374
0.8778
0.0524
1.2595
-1.2052
-0.6555
0.0368
0.8014
0.1118
1.2229
-1.0602
-0.2068
0.6220
0.3962
0.9668
-0.1897
1.2396
-1.2083
-0.6721
0.0050
0.7983
0.1093
1.2228
-1.0605
-0.2077
0.6215
0.3970
0.9658
-0.1867
1.2409
-1.2119
-0.6838
-0.0182
0.7944
0.1111
1.2211
-1.0540
-0.1891
0.6337
0.3810
0.9869
-0.2492
1.2091
-1.1215
-0.3982
0.4415
0.6076
0.6156
0.6518
0.5899
0.7085
0.4743
0.8976
0.0143
1.2690
-1.2502
-0.8075
-0.2879
0.6417
0.3372
1.0333
-0.3938
1.0929
-0.7904
0.4531
0.4754
0.8196
0.2023
1.1886
-0.9171
0.1790
0.6800
0.4063
0.9729
-0.2032
1.2340
-1.1930
-0.6222
0.1000
0.7993
0.1355
1.2141
-1.0229
-0.1006
0.6790
0.3244
1.0563
-0.4648
1.0144
-0.5801
0.8332
-0.1460
1.2201
-1.1280
-0.4152
0.4202
0.6282
0.5736
0.7278
0.4304
0.9590
-0.1584
1.2526
-1.2440
-0.7909
-0.2489
0.6760
0.2856
1.0886
-0.5734
0.8663
-0.2228
1.1904
-1.0508
-0.1887
0.6349
0.3790
0.9894
-0.2568
1.2045
-1.1083
-0.3582
0.4879
0.5593
0.7084
0.4651
0.9096
-0.0188
1.2724
-1.2722
-0.8842
-0.4763
0.4171
0.6135
0.5982
0.6831
0.5261
0.8174
0.2224
1.1760
-0.8695
0.2944
0.6178
0.5540
0.7557
0.3668
1.0384
-0.3994
1.0882
-0.7776
0.4800
0.4441
0.8678
0.0789
1.2516
-1.1696
-0.5396
0.2414
0.7565
0.2712