1.0035
1.0118
1.0187
1.0164
0.9988
0.9638
0.9639
0.9816
0.9884
0.9735
0.9301
0.8589
0.8240
0.8568
0.8724
0.8550
0.7957
0.6958
0.5960
0.6491
0.6823
0.6736
0.6098
0.4911
0.3319
0.3767
0.4360
0.4473
0.3916
0.2658
0.0848
0.1213
0.3140
0.4557
0.5197
0.4976
0.4023
0.3802
0.6063
0.7813
0.8698
0.8562
0.7502
0.5924
0.8474
1.0555
1.1718
1.1721
1.0600
0.8673
1.0132
1.2534
1.4006
1.4205
1.3089
1.0939
1.0853
1.3559
1.5369
1.5828
1.4796
1.2496
1.0529
1.3512
1.5686
1.6474
1.5620
1.3266
0.9925
1.2362
1.4922
1.6108
1.5537
1.3243
0.9689
1.0162
1.3122
1.4777
1.4598
1.2497
0.8857
0.7049
1.0416
1.2601
1.2928
1.1161
0.7580
0.3229
0.6998
0.9766
1.0704
0.9418
0.6057
0.1285
0.3865
0.8250
1.0889
1.1212
0.9213
0.5460
0.5659
1.0616
1.3961
1.4946
1.3392
0.9741
0.6946
1.2382
1.6404
1.8084
1.7051
1.3597
0.8611
1.3319
1.7975
2.0373
1.9939
1.6788
1.1701
1.3259
1.8491
2.1619
2.1862
1.9131
1.4067
1.2107
1.7846
2.1708
2.2700
2.0515
1.5619
0.9853
1.6019
2.0608
2.2417
2.0906
1.6341
0.9741
1.3078
1.8373
2.1058
2.0350
1.6289
0.9739
0.9173
1.5142
1.8748
1.8966
1.5586
0.9283
0.4527
1.1117
1.5673
1.6926
1.4404
0.8558
0.0665
0.7477
1.3986
1.7357
1.6842
1.2640
0.5858
0.8529
1.5906
2.0389
2.0949
1.7510
1.0978
0.9013
1.7124
2.2671
2.4348
2.1786
1.5650
0.8734
1.7423
2.3964
2.6783
2.5203
1.9618
1.1406
1.6647
2.4091
2.8059
2.7560
2.2688
1.4608
1.4713
2.2954
2.8061
2.8732
2.4737
1.6988
1.1629
2.0543
2.6760
2.8676
2.5722
1.8518
0.8731
1.6937
2.4218
2.7437
2.5680
1.9242
0.9571
1.2300
2.0576
2.5137
2.4719
1.9269
0.9969
0.6867
1.6048
2.1963
2.3007
1.8759
1.0094
0.1018
1.1987
2.0235
2.3830
2.1966
1.5172
0.5194
1.2366
2.1832
2.6967
2.6578
2.0822
1.1173
1.2101
2.2615
2.9231
3.0378
2.5816
1.6700
1.1009
2.2373
3.0383
3.3103
2.9879
2.1505
1.0045
2.0961
3.0251
3.4555
3.2797
2.5379
1.4089
1.8310
2.8742
3.4616
3.4438
2.8187
1.7325
1.4440
2.5853
3.3257
3.4753
2.9874
1.9711
0.9460
2.1674
3.0542
3.3779
3.0465
2.1276
0.8335
1.6380
2.6617
3.1636
3.0059
2.2116
0.9602
1.0219
2.1701
2.8507
2.8814
2.2378
1.0613
0.3750
1.7321
2.6881
3.0174
2.6466
1.6740
0.3461
1.7114
2.8288
3.3562
3.1708
2.3242
1.0302
1.6168
2.8757
3.5954
3.6044
2.9043
1.6705
1.4313
2.8085
3.7110
3.9201
3.3855
2.2388
1.1437
2.6134
3.6857
4.0974
3.7453
2.7127
1.2498
2.2846
3.5106
4.1241
3.9693
3.0772
1.6598
1.8254
3.1859
3.9971
4.0516
3.3256
1.9868
1.2481
2.7213
3.7226
3.9951
3.4591
2.2324
0.6028
2.1353
3.3154
3.8112
3.4862
2.4045
0.8161
1.4538
2.7976
3.5177
3.4218
2.5165
1.0073
0.7506
2.3394
3.3798
3.6255
3.0234
1.7286
0.5648
2.2701
3.5156
4.0040
3.6221
2.4695
0.8352
2.1160
3.5445
4.2709
4.1219
3.1378
1.5636
1.8610
3.4465
4.4016
4.4945
3.7031
2.2220
1.4953
3.2086
4.3787
4.7183
4.1415
2.7867
1.0167
2.8257
4.1932
4.7803
4.4373
3.2414
1.4789
2.3022
3.8457
4.6771
4.5835
3.5776
1.8954
1.6517
3.3464
4.4143
4.5820
3.7951
2.2331
0.8965
2.7145
4.0067
4.4430
3.9013
2.4986
0.5637
1.9766
3.4765
4.1839
3.9093
2.7032
0.8450
1.2246
3.0106
4.0856
4.1942
3.3171
1.6766
0.9639
2.9043
4.2311
4.6267
4.0006
2.5121
0.6448
2.7007
4.2561
4.9360
4.5784
3.2744
1.3478
2.3848
4.1408
5.0968
5.0206
3.9314
2.0969
1.9478
3.8723
5.0912
5.3047
4.4579
2.7550
1.3889
3.4464
4.9099
5.4167
4.8364
3.3043
1.1893
2.8682
4.5536
5.3522
5.0587
3.7349
1.6947
2.1524
4.0327
5.1162
5.1255
4.0449
2.1259
1.3227
3.3667
4.7232
5.0458
4.2401
2.4879
0.4099
2.5831
4.1949
4.8357
4.3321
2.7907
0.5732
1.7912
3.7352
4.7921
4.7109
3.5187
1.5152
1.4630
3.6045
4.9623
5.2111
4.2960
2.4473
1.0661
3.3630
4.9983
5.5773
4.9623
3.3077
1.0231
2.9961
4.8799
5.7831
5.4862
4.0625
1.8615
2.4962
4.5943
5.8099
5.8438
4.6849
2.6139
1.8637
4.1377
5.6480
6.0199
5.1558
3.2607
1.1078
3.5159
5.2976
6.0088
5.4655
3.7904
1.3839
2.7444
4.7691
5.8148
5.6130
4.1998
1.9080
1.8479
4.0823
5.4516
5.6061
4.4926
2.3682
0.8587
3.2649
4.9404
5.4596
4.6788
2.7727
0.1924
2.4437
4.5013
5.4857
5.1633
3.6204
1.2428
2.0569
4.3602
5.6960
5.7442
4.4991
2.2718
1.5894
4.0934
5.7581
6.1813