4319
4097.9
3967.9
4036.6
3827.3
3627.8
3270
3499.1
3840.6
4103.8
4056.4
4209.7
4078.5
3809.3
3862.3
3758.4
3840.2
3840.2
3926.8
3784.3
3580.7
3885
3989.8
3897.8
3944.3
3829.8
3637.4
3556.2
3401.5
3307.7
3294.9
3192.2
3069.4
2863.8
3023.2
2961.6
2793
2872.3
3217.4
3270.8
3270.8
2989
2988
2867.1
2615.7
2363.3
2138.2
2686.1
2670.8
3016.9
2939.4
3141.7
2981.1
2870
3006.1
3003.9
3145.6
3361.2
3372.2
3255.7
3198.1
3125.5
2978.9
2893.5
3125.1
3180.3
3254.5
3192.6
3114
3017.7
3020.7
3113.1
3193.9
3330.6
3384.2
3512.8
3699.1
3825.8
3851
3813.7
3861.5
3975.9
4043.9
4008.2
3914.2
4065.4
4050.4
3951
3998.3
3894
3835.1
3964.3
4008
3950
4033.7
4048.7
4099.5
4018.9
3904.9
3896.3
3706.8
3720.5
3773.5
3966.4
4062.8
3933.2
3808.1
3818.4
3670.6
3704.7
3789.2
3665
3717.8
3696.1
3576.9
3631.6
3598.8
3585.6
3537
3661.3
3715.4
3678
3603.3
3594.3
3633.6
3700.3
3820.9
3961.7
3958.4
3889.2
4026.4
4007.5
4026.8
4016.1
3919.1
3829.4
3939
3862.3
3899.6
3917.9
3878.8
3912.8
3888.3
3877.4
3870.8
3918.4
4025.5
4200.3
4393.8
4310.7
4279.7
4337
4193
4081.2
4156.3
4223.3
4229.1
4235.3
4298.9
4305.5
4471.1
4445
4459.2
4514.9
4367.8
4236
4310.5
4449.9
4520.1
4563.1
4550
4531.6
4638.6
4703.6
4737.3
4810.5
4801.8
4851.3
4861.2
4776.6
4693.5
4673.7
4579
4543.9
4548
4566.6
4670.1
4538
4504.2
4426.3
4498.6
4514.6
4456.6
4409.5
4500.6
4513.6
4549.6
4620.9
4601.7
4585
4668.8
4563.9
4528.1
4343.7
4060.2
4140.6
4069
4128.3
4099.8
4158.7
4094.3
4111.2
4117
4112.9
3957.9
3787
3797.3
4003.6
4063.5
3966
4059.5
4105.7
4191
4081.6
4105.1
4049.8
4182.4
4378.5
4345.9
4334.1
4281
4303.6
4318.7
4299.2
4306.2
4365.6
4369.7
4183.3
4158.6
4056
4034.9
4205.7
4252
4343.2
4364
4346.2
4299
4299
4390
4681.4
4684
4694.3
4741
4653.8
4622.1
4748.6
4846.5
4895.4
4846.7
4836.2
4833.8
4909
4893.8
4985.2
4945.2
4945.2
4907.7
4934.8
5133.4
5151.5
5269.3
5410.9
5332.9
5354
5283
5322.6
5305.4
5338.9
5385.5
5330.8
5273.7
5172.9
5172.9
5237.7
5274.3
5245.2
5193
5199.2
4957.7
5083.3
5152.6
5197.9
4975.3
4755.9
4721.9
4771.7
4739.4
4805.5
4841.2
4852.5
4886.9
4851.5
4868.3
4979.7
5051.2
5031.6
4981.7
5039.6
4980.5
4954.9
5009.2
4985.5
4977.5
4853.6
4866.4
4889.5
4885.1
5015.5
5022.3
4989.3
5003.9
5002
5075.6
5079.6
5061.9
5047
5121.8
5142.6
5149.3
5164.1
5146
5101.4
5153
5283.9
5360.5
5388.5
5345.4
5480.2
5428.1
5448.3
5475.6
5560.3
5655.6
5601.9
5681.5
5530.8
5600.6
5627.9
5710.8
5625.7
5687.7
5727.9
5635
5599.4
5567.8
5530.2
5457.1
5413.4
5532.4
5503.7
5634.8
5804.8
5834.6
5817.1
5823
6053.1
6201.8
6082.4
6227.1
6181.5
6043.8
6156.1
6245.5
6355.8
6432
6286.4
6338.7
6487.9
6444.7
6508.5
6652.1
6432.9
6293.4
6214.6
6188.7
6411.6
6299.1
6222.5
6050.9
6096.3
5968.4
5909.3
6143.3
6123.2
6277.3
6363.5
6244.1
6130.7
6165.2
6257.2
6222.7
6304.1
6227.7
6227.1
6348.4
6352.8
6292.1
6337.1
6314.7
6248.9
6202.7
6028
6126.1
6294.7
6270
6259.4
6232.5
6270
6276.8
6254
6334.6
6382.7
6415.7
6358
6390.9
6464.2
6534.2
6512.4
6489.6
6560.2
6588.2
6551.7
6557
6513.8
6535.9
6458.8
6446.8
6521.7
6605.8
6626.9
6612.6
6651.5
6631
6626.7
6608.6
6631.3
6744.9
6733.5
6766
6798.1
6798.9
6675.6
6648.6
6588.8
6503.3
6401
6549.7
6543.2
6533.1
6641.1
6658.5
6697.5
6704.6
6666.6
6559.5
6582.9
6523.3
6570.9
6522.9
6556.2
6556.9
6541.3
6625.9
6645.2
6649.2
6631.5
6591.8
6644.8
6666
6735.6
6836.8
6797.6
6947.1
6872.9
6836.3
6855.8
6677.7
6657.4
6680.1
6654.3
6784.5
6910.4
6891.6
6942.2
6912.5
6912.5
6957.7
7006.8
7039.9
7039.9
6955.5
6997.7
7159.5
7297.4
7427
7454.2
7478.3
7411.7
7621.1
7667.5
7655.8
7816.2
7835.4
7904.9
7817.5
7890.6
7759.7
7759
7849.7
7736.9
7788.8
7964.6
8095.9
8102.2
8171.1
8147.8
8316.5
8670.6
8764.9
8699.9
8816
8950.2
8771.3
8701.8
8719.5
8959.2
9149.1
8927.8
8776.7
8828.7
8978
8961
9074
9125
9180
9419
9565
9317
9314
9499
9263
9172
9087
9302
9301
9327
9380
9271
9044
9138
9237
9302
9705
9836
9737
9819
9732
9517
9455
9490
9565
9418
9422
9473
9634
9708
9731
9761
9858
9982
10074
9993
10218
10179
10437
10491
10681
10647
10282
10353
10498
10505
10640
10714
10745
10764
10960
11133
11300
11344
11360
11110
11029
11106
11333
11396
11428
11489
11851
11828
11953
12118
12205
12205
12121
12238
12587
13053
12873
12757
12567
13002
13259
13284
13493
13502
13617
13617
13608
13153
12698
11617
12640
11728
11181
11291
12235
12426
12524
12522
12937
13043
13018
12872
12259
12016
11908
12523
12322
12128
11948
11809
11850
11904
11334
11337
11211
10848
11180
11157
11421
11626
11719
11267
10609
10109
11062
11119
11430
11838
11684
11734
11361
11093
11292
10864
11204
11524
11713
11649
11697
11516
11482
11384
11533
11614
11797
12173
12396
12540
12688
12480
12432
12684
12737
12697
12895
12830
12578
12487
12703
13015
12955
11899
11545
9816
10447
9818
8854
8986
9858
10254
9988
9434
8832
9006
8710
7822
8072
8731
9083
9027
9332
9188
9422
9070
9150
9372
9619
9394
9648
9964
9991
10046
10080
10078
9840
9461
9108
9146
9550
9742
9853
9482
9139
9494
9554
9554
9794
10051
10196
10196
10479
10606
10184
9879
9657
9118
9227
9415
9349
9140
9448
9752
9568
9385
9709
9467
9513
9651
9773
9785
9720
9973
10054
9971
9948
10010
10239
10278
10485
10350
10391
10233
10420
10322
10235
10318
10545
10556
10570
10845
10939
10898
10947
11159
11166
11180
11223
11356
11566
11600
11808
11894
11831
11919
12038
11905
11756
11945
11899
11750
11946
11836
11857
11634
11948
11847
11974
12120
12269
12299
12090
12108
12028
11703
11572
11728
11057
11377
11527
11677
11507
11554
11164
11063
11220
10983
10797
10779
10733
10906
10204
10343
10408
10268
10239
10015
9436
9747
10152
9846
9605
10150
9855
10191
10369
10540
10369
9868
9584
9073
9248
9897
9539
9686
9619
9937
9855
9527
9464
9603
9678
9914
9900
10115
10018
10205
10335
10335
10326
10419
10641
10648
10907
11057
11041
10922
10912
10639
10574
10564
10318
10542
10939
10707
10412
9859
9828
9689
9319
9182
8801
8417
8710
8743
8609
8642
8541
7991
7763
7655
7651
7347
6616
6746
6472
6917
6804
6218
5837
5816
5655
4760
5398
5818
6905
6759
6432
6709
6449
6559
7280
6844
6711
6827
6868
6593
5960
6409
6122
6336
6156
6175
6527
6618
6445
6874
6707
6844
6973
7350
7603
7272
6971
6869
6826
6538
7047
7509
7655
8092
8214
8242
8000
7762
7470
7615
8003
8330
8547
8317
8531
8635
8606
8909
8953
9093
8631
8544
8448
7706
7626
7945
7629
7572
7530
7195
6583
6934
6618
6645
6781
7201
7115
7176
7176
6898
6715
6784
6784
6941
7110
7330
6954
6781
6403
5915
5617
5057
6746
7113
7380
7674
7321
7189
7189
7645
7687
7987
8171
8891
8731
8676
8652
8435
8824
8673
8853
8990
8952
8974
8860
9013
9074
8942
8953
8674
8910
9198
9070
9154
9508
9465
9785
9484
9778
9697
9574
10413
10658
10634
10894
10835
10527
10416
10428
10937
10865
10868
11027
10696
11021
11165
11529
11465
11328
11429
11217
11305
11245
11428
11196
10989
11083
11031
10797
10885
11127
11085
11350
11436
11268
11578
11888
12233
12412
12267
12147
12459
12335
12151
12267
12118
12088
11727
11154
10602
11245
10936
10929
11089
11050
10996
11233
11047
11032
10889
11089
11104
11084
11183
11643
11628
11877
12005
11974
11792
11430
11219
11264
11379
11626
11708
11835
11936
11674
11745
11509
11509
11273
11302
11349
11361
11407
11451
11274
11302
11238
10989
10675
10734
10691
10568
10441
10211
10264
10172
10195
10038
9948
9834
10136
10045
10180
10118
9924
9689
9818
10142
10180
10314
10650
10496
10545
10524
10564
10902
10998
11156
11185
11090
11292
11363
11477
11459
11263
11094
11290
11586
11449
11531
11385
11532
11542
11442
11433
11106
10959
11055
10923
11345
11338
11459
11478
11297
11330
11146
10978
11097
11274
11253
11460
11394
11469
11530
11700
11700
11762
12346
12406
12714
12960
12879
13101
13189
13114
13128
12812
13087
13462
13435
13565
13392
13536
13888
13854
13778
13874
14213
14408
14344
14299
14410
14584
14783
14811
14644
14322
14497
14788
15110
15591
15916
15953
15953
16011
16376
16772
17091
17091
16930
15851
16245
16106
16309
17022
16572
16616
17298
17657
18053
17903
17470
17176
17034
16971
16971
17105
17081
16734
16388
16522
16868
17457
17932
18125
18685
18361
18603
18083
17819
17920
18112
17979
17625
17699
17489
17833
17775
17786
17542
17660
17953
18015
18631
18282
18650
18280
17594
17221
17381
17642
17511
17525
18342
18314
18331
18674
18951
18337
18053
17646
17820
17245
16757
16714
17146
17513
16783
16539
16323
15500
14794
14815
15408
14926
15203
14794
15400
15446
15440
15537
15524
15108
14969
15217
14890
14581
14433
14498
14458
15055
15360
14870
14626
14326
13891
13587
14166
14185
14542
14772
15248
14956
15450
16222
16022
15946
16271
16398
16342
16096
16354
16366
16561
16424
16850
16843
17254
16977
16744
16512
16842
16407
16727
17088
17279
17134
17348
17598
17471
16880
17053
16444
16880
17387
17368
16927
17203
17318
17385
17049
17121
16948
16485
16454
16289
16314
16720
16761
16995
16884
16533
16834
17395
17810
17744
17330
17702
17313
17083
17224
17450
17310
17642
17460
17354
17414
17346
17577
17613
17424
17589
17433
17287
16882
16998
16768
16563
15913
16188
16077
16146
16353
16318
16254
15848
16013
15928
15559
15633
15876
16362
15945
15855
15747
15526
15385
15241
14870
14420
14845
14529
13989
13799
13665
14223
14691
14891
14867
14791
14533
14800
14968
14656
14524
14625
14371
14540
14489
14323
14499
14783
14576
14314
14335
14008
13913
13787
13287
13437
13510
14181
13945
14459
14982
15187
14906
15290
15259
14987
15082
15336
14622
14505
14652
14794
15186