71.6
72.5
73.5
74.5
75.2
76.3
76.9
78.1
80
80.9
81.7
82.9
84.7
86.3
88.8
90.9
91.5
93.4
94.6
95.9
96.7
97.8
99.1
100
102.2
103.7
104.7
106
106.7
107.9
110.4
112.3
114.1
116.1
117.1
117.5
118.9
120.2
122.1
124.2
125.2
126.2
127.6
128.9
130.5
132
133.2
133.9
135.1
139.9
145.8
153.2
156.1
158.1
161.6
164.7
167.4
170.2
174
178.1
183.1
187.5
189.9
194.1
197.8
204
208
215
219
223
227
230
238
251
256
263
270
275
280
290
298
305
310
318
329
343
359
375
383
393
400
407
415
424
436
449
456
474
486
495
510
535
558
572
586
602
617
628
653
667
707
731
746
778
812
840
849
936
980
1049
1096
1133
1182
1237
1309
1374
