84.15
71.53
72.55
67.02
72.61
95.6
105.12
106.67
96.97
109.78
97.8
93.63
92.39
77.03
66.75
69.81
73.01
90.07
100.8
97.12
103.99
115.94
97.8
92.48
92.14
85.61
86.39
75.96
73.53
96.19
103.02
105.14
111.03
117.06
104.21
100.38
87.06
76.24
78.47
70.55
75.14
110.17
112.72
115.2
111.23
99.91
96.85
89.9
82.1
72.06
78.65
71.45
74.93
96.85
103.18
114.2
112.74
122.21
111.57
97.83
100.62
82.5
76.56
65.81
83.59
92.06
107.18
116.34
109.26
118.22
111.21
95.1
95.41
74.4
84.5
93.51
99.95
103.34
115.93
118.06
109.83
115.65
101.47
87.93
87.44
82.39
86.54
88.74
96.92
107.86
116.07
114.03
105.72
111.31
106.46
95.59
90.36
77.73
93.38
89.65
100.53
105.84
115.23
113.98
107.98
107.94
107.11
95.89
87.9
76.12
90.34
85.33
99.31
107.17
115.51
126.9
117.71
116.51
109.81
99.9
95.68
84.69
102.81
89.73
104.3
109.88
119.3
125.92
121.31
131.09
127.37
115.37
110.74
93.78
100.79
99.53
115.55
115.33
133.29
135.62
126.63
134.93
121.51
109.79
103.95
88.2
99.46
105.22
111.99
117.25
132.74
136.36
140.65
143.1
121.2
111.36
101.67
92.32
102.13
102.57
112.58
125.52
140.47
138.75
135.9
135.16
131.06
112.08
98.9
89.77
107.46
104.98
126.52
129.81
136.54
148.31
143.41
142.99
130.43
115.05
100.13
99.9
105.38
101.96
116.19
124.66
131.1
