31749355
34948652
29982464
15830280
31248558
36464452
39818739
33527131
35679745
29963772
29562141
32248254
25459644
32446834
33641565
25213589
20140105
28177415
32865454
27203950
28944760
29988122
30712175
35707150
30742352
25911777
21940610
20377610
25430165
33669695
39744604
44905158
49323025
50662330
41768040
45796750
33453065
48122541
33088995
31336154
33614894
49234020
48736435
52373531
51212525
56450975
64321353
51272280
51501658
47159380
47781460
36265265
46422270
53551095
49813318
57671790
53982794
56481955
61015598
51940485
67773125
62037260
62219066
42997480
55954117
57741172
69218766
62234315
71610712
62123511
54929335
73962783
64916470
67512630
62041440
50127907
60073747
61869015
70831302
70236801
64422463
84500863
72168764
71067999
64818690
72201571
59352088
49293180
54892686
58716180
71418725
69655512
68881704
73089116
75907420
63172799
71301988
79032010
67805805
63463543
66311785
67160755
63573925
80819727
74275204
76326990
83960649
84522270
93098518
73206650
70820510
59098359
62509940
64562130
67897558
79738269
74657373
80172972
78288881
83390684
86857897
59167995
65496083
57725760
60710499
64360910
69400372
78989096
78600880
81680219
66599045
66815616
83001510
88260090
74319513
65742581
68911750
84809555
92381668
91513562
82223725
86316045
83795556
106261677
88993431
76039930
69802031
44073186
65435839
74389501
74691398
92029302
90437530
80946535
71465305
70149590
87588496
83461181
76062730
52805965
57286380
68577586
73076145
71895844
77052005
74113777
75520247
78941843
85493023
84200042
69730043
59701664
72924338
65803136
83487621
80343528
82929092
82383431
88360574
93746498
86662097
92921666
83798871
66919799
63748551
66515428
109862641
81967759
94043138
101477897
96706389
93796812
78218135
93508073
85458596
72127593
80967103
76229417
84831139