515
237.1
224.2
24.4
11.6
0
4.9
8.7
32.3
168
265.1
302.7
393
283.7
115.2
26.1
0.6
28.4
0
0
5.1
123
257.6
210
196
191.5
76.4
28.6
2
2
3.3
42.8
66.8
108
81
372
254
175.3
147.6
50
33.2
43
4.7
24.5
20.2
115
291.5
269.4
345
255.5
106
72.2
16.8
23.6
26.1
55.4
57.4
144
222.8
102.4
259
56.1
49.7
87.3
2.7
108.9
0.6
0
48.9
131
294.6
446.4
197
258.8
204
45.2
32.6
0
94.4
18
72.8
188
417.1
199.3
202
116.5
111.7
172.3
60.4
35
8.2
27.2
42.2
149
133.7
257.4
212
64.1
426.2
62
35.4
72.2
0
4.5
15.2
111
71.9
324.5
173
268.6
47.2
49.8
17.8
5.1
25.4
0
50
107
331.7
225.4
76
228.2
126.9
84.3
123.4
22.4
68.6
107
196
105
166.4
360.9
250
23.8
279.4
88.4
5.1
7.4
0
42
128
51.2
273.2
207.3
410
129.2
90.1
30.6
100.2
23.2
46.1
0.2
43
156
218.6
201.2
205
380.3
204.2
80.4
86
0
81.8
71.3
73
166
235.6
349.6
489
201.8
61
147.6
8.8
82.6
0
13.2
45
60.6
229
250.5
282
70.6
117.2
41.4
25.4
50.6
0
22
57
220
253.2
230.6
352
187.6
343.2
23
16
8.5
21.8
2
44
179
136
507.2
238.4
346.5
246
215.8
140.8
127.4
54.6
6
369
184
193.6
413.6
172
68.6
101.2
109.7
46.6
0
0
33.4
113
66.5
232.8
267.9
448
160.6
225.1
8.3
21.2
2.8
0
2
60.7
76
262.6
392
126
258.7
147.7
28.1
89.9
1.2
80.4
81.1
17.6
37.6
140.2
509.2
205
135.5
179
109.2
56.6
20.6
4
0
91.9
57.4
169
402.3
138
255.6
111.7
31.6
33.8
23.2
9.5
0
53.2
181
153.8
189.5
270
361.2
272.8
45.2
0
40.5
31.4
6.2
71.4
59.4
123.4
271.3
114
120
115
68.4
92.6
0.6
34.8
42.6
71.4
91.4
181.4
97
543
203.2
218.9
101.4
2
0
7.4
0
46.6
190
101.5
214.9
718
144
237.8
111
93.9
3.5
14.1
25.4
158
144
230
131.6
194
274.9
134.2
62.7
28
54
0
21.6
55.4
47.8
102
229.2
421
211.9
273.8
23.8
198.3
10
3.5
0
0
146
127.4
316.8
200
339.5
124.8
64.6
65.6
1.2
1
0
38.6
116
192
442.1
174
310.3
129.1
54.1
84.6
17
0.2
18.1
149
90.5
363.2
252.7
383.3
114.5
96.5
61.1
41
52.6
5.6
1.2
38.8
164.1
194.8
253.6
