0.0100
0.0396
0.1521
0.5159
0.9990
0.0041
0.0162
0.0637
0.2384
0.7263
0.7952
0.6515
0.9081
0.3337
0.8893
0.3937
0.9548
0.1727
0.5714
0.9796
0.0799
0.2942
0.8305
0.5630
0.9841
0.0626
0.2346
0.7182
0.8096
0.6167
0.9456
0.2059
0.6540
0.9051
0.3435
0.9021
0.3534
0.9140
0.3144
0.8623
0.4751
0.9975
0.0099
0.0393
0.1511
0.5130
0.9993
0.0027
0.0107
0.0425
0.1627
0.5449
0.9919
0.0320
0.1239
0.4342
0.9827
0.0680
0.2534
0.7568
0.7363
0.7767
0.6937
0.8499
0.5102
0.9996
0.0017
0.0067
0.0264
0.1030
0.3695
0.9319
0.2540
0.7579
0.7339
0.7812
0.6837
0.8651
0.4669
0.9956
0.0175
0.0686
0.2556
0.7611
0.7274
0.7932
0.6561
0.9026
0.3518
0.9122
0.3205
0.8711
0.4491
0.9896
0.0411
0.1575
0.5308
0.9962
0.0151
0.0596
0.2241
0.6956
0.8469
0.5185
0.9986
0.0055
0.0218
0.0852
0.3118
0.8583
0.4864
0.9993
0.0030
0.0118
0.0466
0.1776
0.5843
0.9716
0.1105
0.3932
0.9544
0.1742
0.5754
0.9773
0.0888
0.3238
0.8758
0.4351
0.9831
0.0664
0.2478
0.7456
0.7587
0.7322
0.7843
0.6766
0.8753
0.4367
0.9840
0.0630
0.2362
0.7216
0.8035
0.6315
0.9308
0.2577
0.7651
0.7188
0.8085
0.6193
0.9430
0.2149
0.6749
0.8776
0.4295
0.9801
0.0778
0.2871
0.8188
0.5935
0.9650
0.1351
0.4674
0.9957
0.0169
0.0666
0.2486
0.7472
0.7556
0.7388
0.7720
0.7041
0.8334
0.5555
0.9877
0.0486
0.1851
0.6033
0.9573
0.1635
0.5471
0.9911
0.0352
0.1358
0.4695
0.9963
0.0148
0.0583
0.2197
0.6858
0.8619
0.4760
0.9977
0.0092
0.0364
0.1403
0.4824
0.9988
0.0049
0.0196
0.0770
0.2842
0.8137
0.6063
0.9548
0.1727
0.5714
0.9796
0.0800
0.2943
0.8308
0.5623
0.9845
0.0611
0.2293
0.7069
0.8287
0.5677
0.9816
0.0721
0.2675
0.7838
0.6778
0.8735
0.4420
0.9865
0.0531
0.2011
0.6426
0.9187
0.2988
0.8381
0.5428
0.9927
0.0291
0.1130
0.4008
0.9607
0.1511
0.5131
0.9993
0.0027
0.0110
0.0434
0.1660
0.5539
0.9884
0.0459
0.1750
0.5776
0.9759
0.0941
0.3410
0.8988
0.3638
0.9258
0.2748
0.7972
0.6466
0.9140
0.3144
0.8623
0.4751
0.9975
0.0099
0.0393
0.1510
0.5129
0.9993
0.0027
0.0106
0.0421
0.1611
0.5407
0.9934
0.0263
0.1025
0.3681
0.9304
0.2589
0.7675
0.7137
0.8173
0.5973
0.9621
0.1458
0.4982
1.0000
0.0000
0.0002
0.0008
0.0031
0.0125
0.0496
0.1884
0.6116
0.9501
0.1895
0.6143
0.9477
0.1982
0.6356
0.9265
0.2724
0.7929
0.6569
0.9015
0.3552
0.9161
0.3074
0.8516
0.5056
0.9999
0.0005
0.0020
0.0081
0.0321
0.1241
0.4348
0.9830
0.0668
0.2492
0.7485
0.7530
0.7439
0.7620
0.7254
0.7968
0.6477
0.9127
0.3186
0.8683
0.4573
0.9927
0.0290
0.1126
0.3997
0.9598
0.1544
0.5223
0.9980
0.0079
0.0315
0.1222
0.4289
0.9798
0.0792
0.2917
0.8264
0.5739
0.9782
0.0854
0.3125
0.8594
0.4834
0.9989
0.0044
0.0174
0.0686
0.2555
0.7609
0.7278
0.7925
0.6579
0.9003
0.3590
0.9204
0.2929
0.8285
0.5684
0.9813
0.0734
0.2720
0.7921
0.6586
0.8993
0.3621
0.9240
0.2810
0.8082
0.6201
0.9423
0.2174
0.6806
0.8695
0.4540
0.9915
0.0336
0.1300
0.4525
0.9910
0.0358
0.1382
0.4764
0.9978
0.0089
0.0352
0.1360
0.4699
0.9964
0.0144
0.0569
0.2148
0.6746
0.8780
0.4284
0.9795
0.0804
0.2959
0.8333
0.5556
0.9876
0.0489
0.1859
0.6053
0.9557
0.1695
0.5630
0.9841
0.0625
0.2343
0.7176
0.8107
0.6140
0.9481
0.1970
0.6328
0.9295
0.2621
0.7736
0.7006
0.8391
0.5400
0.9936
0.0255
0.0992
0.3575
0.9188
0.2985
0.8376
0.5440
0.9923
0.0307
0.1192
0.4199
0.9743
0.1001
0.3604
0.9221
0.2874
0.8193
0.5923
0.9659
0.1317
0.4573
0.9927
0.0289
0.1124
0.3992
0.9594
0.1559
0.5265
0.9972
0.0112
0.0443
0.1694
0.5629
0.9842
0.0623
0.2336
0.7162
0.8130
0.6081
0.9532
0.1783
0.5860
0.9704
0.1148
0.4064
0.9649
0.1353
0.4681
0.9959
0.0162
0.0639
0.2392
0.7280
0.7920
0.6589
0.8990
0.3631
0.9251
0.2772
0.8015
0.6364
0.9256
0.2755
0.7983
0.6440
0.9171
0.3042
0.8466
0.5194
0.9985
0.0060
0.0239
0.0933
0.3383
0.8954
0.3747
0.9372
0.2354
0.7199
0.8066
0.6241
0.9384
0.2312
0.7109
0.8220
0.5852
0.9710
0.1126
0.3998
0.9599
0.1541
0.5215
0.9982
0.0074
0.0292
0.1134
0.4022
0.9618
0.1470
0.5017
1.0000
0.0000
0.0002
0.0007
0.0029
0.0115
0.0453
0.1731
0.5727
0.9789
0.0827
0.3034
0.8454
0.5227
0.9979
0.0083