1.0000
1.2600
1.5176
1.7797
2.0527
2.3420
2.6530
2.9907
3.3602
3.7667
4.2153
4.7117
5.2616
5.8712
6.5468
7.2952
8.1233
9.0379
10.0457
11.1528
12.3641
13.6825
15.1079
16.6358
18.2553
19.9471
21.6800
23.4081
25.0669
26.5706
27.8098
28.6521
28.9477
28.5411
27.2906
25.0968
21.9341
17.8802
13.1295
7.9819
2.7995
-2.0577
-6.2995
-9.7517
-12.3671
-14.2033
-15.3821
-16.0487
-16.3410
-16.3730
-16.2300
-15.9704
-15.6308
-15.2320
-14.7841
-14.2910
-13.7536
-13.1721
-12.5474
-11.8825
-11.1825
-10.4551
-9.7099
-8.9580
-8.2117
-7.4831
-6.7840
-6.1246
-5.5136
-4.9576
-4.4608
-4.0255
-3.6518
-3.3385
-3.0828
-2.8808
-2.7285
-2.6211
-2.5540
-2.5226
-2.5228
-2.5508
-2.6032
-2.6772
-2.7703
-2.8808
-3.0070
-3.1480
-3.3031
-3.4719
-3.6545
-3.8509
-4.0616
-4.2872
-4.5286
-4.7864
-5.0619
-5.3560
-5.6699
-6.0046
-6.3614
-6.7412
-7.1450
-7.5735
-8.0273
-8.5067
-9.0113
-9.5406
-10.0929
-10.6662
-11.2572
-11.8614
-12.4728
-13.0841
-13.6859
-14.2669
-14.8137
-15.3108
-15.7408
-16.0848
-16.3227
-16.4347
-16.4017
-16.2073
-15.8394
-15.2915
-14.5647
-13.6686
-12.6219
-11.4517
-10.1922
-8.8826
-7.5642
-6.2767
-5.0557
-3.9302
-2.9212
-2.0412
-1.2944
-0.6786
-0.1860
0.1949
0.4777
0.6766
0.8057
0.8784
0.9067
0.9008
0.8698
0.8210
0.7604
0.6926
0.6214
0.5495
0.4790
0.4113
0.3472
0.2873
0.2319
0.1809
0.1342
0.0916
0.0526
0.0169
-0.0159
-0.0463
-0.0746
-0.1014
-0.1269
-0.1517
-0.1760
-0.2002
-0.2247
-0.2498
-0.2758
-0.3031
-0.3319
-0.3626
-0.3955
-0.4310
-0.4695
-0.5112
-0.5567
-0.6064
-0.6607
-0.7201
-0.7853
-0.8569
-0.9355
-1.0219
-1.1169
-1.2215
-1.3367
-1.4635
-1.6032
-1.7572
-1.9270
-2.1142
-2.3206
-2.5484
-2.7996
-3.0768
-3.3826
-3.7199
-4.0919
-4.5021
-4.9541
-5.4520
-6.0000
-6.6024
-7.2639
-7.9891
-8.7823
-9.6479
-10.5892
-11.6086
-12.7072
-13.8832
-15.1319
-16.4440
-17.8044
-19.1900
-20.5687
-21.8967
-23.1171
-24.1591
-24.9384
-25.3598
-25.3230
-24.7323
-23.5107
-21.6161
-19.0583
-15.9114
-12.3162
-8.4696
-4.5987
-0.9273
2.3594
5.1387
7.3588
9.0318
10.2150
10.9907
11.4473
11.6671
11.7199
11.6607
11.5305
11.3585
11.1646
10.9616
10.7576
10.5569
10.3620
10.1735
9.9915
9.8156
9.6450
9.4793
9.3180
9.1606
9.0072
8.8578
8.7126
8.5720
8.4365
8.3067
8.1833
8.0669
7.9583
7.8579
7.7665
7.6846
7.6125
7.5508
7.4996
7.4592
7.4296
7.4110
7.4033
7.4063
7.4200
7.4439
7.4779
7.5217
7.5747
7.6366
7.7068
7.7849
7.8704
7.9625
8.0606
8.1641
8.2721
8.3840
8.4987
8.6154
8.7332
8.8510
8.9676
9.0820
9.1930
9.2993
9.3997
9.4928
9.5774
9.6522
9.7160
9.7675
9.8057
9.8297
9.8386
9.8317
9.8087
9.7692
9.7134
9.6415
9.5541
9.4520
9.3364
9.2085
9.0700
8.9226
8.7683
8.6090
8.4470
8.2843
8.1231
7.9653
7.8129
7.6677
7.5313
7.4050
7.2902
7.1878
7.0986
7.0232
6.9620
6.9154
6.8834
6.8660
6.8631
6.8743
6.8995
6.9382
6.9900
7.0543
7.1308
7.2189
7.3179
7.4273
7.5464
7.6746
7.8111
7.9551
8.1059
8.2624
8.4238
8.5889
8.7565
8.9254
9.0942
9.2613
9.4251
9.5839
9.7358
9.8789
10.0112
10.1306
10.2351
10.3226
10.3912
10.4391
10.4646
10.4663
10.4432
10.3946
10.3202
10.2201
10.0950
9.9461
9.7751
9.5840
9.3756
9.1528
8.9187
8.6770
8.4312
8.1849
7.9416
7.7046
7.4770
7.2616
7.0608
6.8765
6.7104
6.5637
6.4372
6.3316
6.2469
6.1831
6.1400
6.1172
6.1141
6.1301
6.1644
6.2165
6.2855
6.3707
6.4714
6.5870
6.7168
6.8600
7.0161
7.1845
7.3644
7.5552
7.7560
7.9661
8.1845
8.4101
8.6418
8.8782
9.1176
9.3585
9.5986
9.8358
10.0677
10.2913
10.5039
10.7022
10.8828
11.0422
11.1770
11.2835
11.3585
11.3988
11.4017
11.3649
11.2869
11.1669
11.0051
10.8025
10.5612
10.2843
9.9759
9.6410
9.2850
8.9143
8.5351
8.1540
7.7773
7.4109
7.0602
6.7298
6.4236
6.1447
5.8952
5.6766
5.4896
5.3342
5.2100
5.1161
5.0515
5.0146
5.0041
5.0186
5.0564
5.1163
5.1970
5.2972
5.4161
5.5526
5.7061
5.8760
6.0617
6.2627
6.4788
6.7096
6.9547
7.2138
7.4866
7.7723
8.0705
8.3802
8.7004
9.0297
9.3664
9.7084
10.0533
10.3980
10.7391
11.0726
11.3938
11.6976
11.9783
12.2299
12.4459
12.6196
12.7445
12.8141
12.8228
12.7656
12.6387
12.4402
12.1697
11.8291
11.4226
10.9563
10.4388
9.8803
9.2924
8.6875
8.0783
7.4772
6.8956
6.3435
5.8294
5.3595
4.9384
4.5685
4.2509
3.9848
3.7686
3.5996
3.4747
3.3903
3.3428
3.3288
3.3448
3.3879
3.4552
3.5446
3.6539
3.7818
3.9269
4.0884
4.2657
4.4586
4.6670
4.8909
5.1308
5.3871
5.6602
5.9509
6.2596
6.5870
6.9336
7.2998
7.6860
8.0921
8.5179
8.9627
9.4255
9.9045
10.3973
10.9009
11.4109
11.9222
12.4285
12.9219
13.3935
13.8327
14.2279
14.5661
14.8336
15.0163
15.1002
15.0727
14.9227
14.6421
14.2271
13.6785
13.0024
12.2112
11.3222
10.3582
9.3450
8.3106
7.2831
6.2887
5.3502
4.4860
3.7091
3.0274
2.4438
1.9568
1.5617
1.2514
1.0172
0.8498
0.7399
0.6785
0.6572
0.6688
0.7067
0.7657
0.8413
0.9299
1.0289
1.1361
1.2500
1.3699
1.4951
1.6256
1.7614
1.9032
2.0515
2.2071
2.3710
2.5443
2.7282
2.9241
3.1333
3.3575
3.5981
3.8569
4.1357
4.4364
4.7609
5.1112
5.4894
5.8977
6.3381
6.8127
7.3236
7.8724
8.4608
9.0898
9.7598
10.4707
11.2209
12.0076
12.8262
13.6700
14.5292
15.3910
16.2388
17.0517
17.8041
18.4660
19.0029
19.3771
19.5492
19.4806
19.1371
18.4930
17.5353
16.2684
14.7166
12.9250
10.9576
8.8923
6.8135
4.8029
2.9320
1.2550
-0.1939
-1.4009
-2.3701
-3.1186
-3.6725
-4.0620
-4.3182
-4.4705
-4.5452
-4.5647
-4.5480
-4.5101
-4.4629
-4.4157
-4.3756
-4.3478
-4.3361
-4.3432
-4.3711
-4.4212
-4.4942
-4.5909
-4.7115
-4.8565
-5.0260
-5.2204
-5.4399
-5.6848
-5.9556
-6.2525
-6.5759
-6.9263
-7.3040
-7.7090
-8.1415
-8.6011
-9.0871
-9.5985
-10.1334
-10.6893
-11.2626
-11.8487
-12.4416
-13.0337
-13.6157
-14.1765
-14.7028
-15.1797
-15.5904
-15.9165
-16.1390
-16.2389
-16.1983
-16.0019
-15.6383
-15.1020
-14.3944
-13.5248
-12.5113
-11.3798
-10.1628
-8.8977
-7.6232
-6.3773
-5.1939
-4.1006
-3.1179
-2.2579
-1.5256
-0.9190
-0.4313
-0.0520
0.2314
0.4325
0.5646
0.6405
0.6715
0.6678
0.6380
0.5893
0.5275
0.4573
0.3823
0.3053
0.2282
0.1524
0.0788
0.0080
-0.0600
-0.1251
-0.1875
-0.2477
-0.3060
-0.3630
-0.4193
-0.4753
-0.5318
-0.5893
-0.6485
-0.7101
-0.7746
-0.8428
-0.9153
-0.9929
-1.0763
-1.1664
-1.2639
-1.3698
-1.4850
-1.6106
-1.7477
-1.8975
-2.0615
-2.2409
-2.4375
-2.6530
-2.8893
-3.1484
-3.4325
-3.7442
-4.0861
-4.4610
-4.8720
-5.3222
-5.8152
-6.3545
-6.9438
-7.5866
-8.2866
-9.0470
-9.8707
-10.7595
-11.7142
-12.7339
-13.8153
-14.9519
-16.1328
-17.3421
-18.5569
-19.7465
-20.8710
-21.8801
-22.7136
-23.3017
-23.5686
-23.4371
-22.8368
-21.7147
-20.0462
-17.8470
-15.1802
-12.1565
-8.9262
-5.6613
-2.5320
0.3163
2.7809
4.8094
6.3965
7.5742
8.3975
8.9316
9.2416
9.3865
9.4158
9.3690
9.2763
9.1600
9.0359
8.9152
8.8051
8.7103
8.6335
8.5758
8.5378
8.5190
8.5185
8.5354
8.5681
8.6154
8.6755
8.7468
8.8278
8.9166
9.0116
9.1110
9.2131
9.3160
9.4180
9.5172
9.6120
9.7005
9.7810
9.8517
9.9112
9.9578
9.9901
10.0070
10.0074
9.9906
9.9558
9.9030
9.8321
9.7436
9.6380
9.5165
9.3803
9.2312
9.0709
8.9017
8.7256
8.5453
8.3630
8.1812
8.0022
7.8284
7.6617
7.5042
7.3574
7.2229
7.1019
6.9953
6.9038
6.8280
6.7682
6.7244
6.6968
6.6850
6.6889
6.7082
6.7423
6.7908
6.8532
6.9289
7.0174
7.1181
7.2304
7.3536
7.4871
7.6301
7.7819
7.9417
8.1087
8.2818
8.4600
8.6422
8.8272
9.0134
9.1994
9.3835
9.5638
9.7385
9.9055
10.0625
10.2072
10.3373
10.4505
10.5443
10.6165
10.6651
10.6881
10.6839
10.6514
10.5897
10.4985
10.3783
10.2298
10.0547
9.8548
9.6330
9.3924
9.1366
8.8696
8.5953
8.3182
8.0422
7.7714
7.5096
7.2602
7.0260
6.8096
6.6129
6.4376
6.2847
6.1549
6.0484
5.9652
5.9049
5.8672
5.8512
5.8563
5.8816
5.9262
5.9894
6.0703
6.1680
6.2818
6.4111
6.5551
6.7133
6.8849
7.0694
7.2663
7.4747
7.6940
7.9235
8.1621
8.4090
8.6627
8.9221
9.1853
9.4507
9.7159
9.9786
10.2360
10.4851
10.7225
10.9445
11.1473
11.3269
11.4791
11.5997
11.6846
11.7303
11.7332
11.6907
11.6008
11.4626
11.2760
11.0425
10.7645
10.4458
10.0913
9.7069
9.2996
8.8767
8.4458
8.0147
7.5908
7.1809
6.7911
6.4266
6.0914
5.7888
5.5207
5.2883
5.0918
4.9309
4.8045
4.7113
4.6497
4.6177
4.6135
4.6353
4.6813
4.7499
4.8396
4.9490
5.0773
5.2233
5.3865
5.5663
5.7622
5.9739
6.2013
6.4441
6.7022
6.9755
7.2637
7.5667
7.8838
8.2146
8.5582
8.9134
9.2787
9.6523
10.0318
10.4142
10.7960
11.1731
11.5405
11.8928
12.2236
12.5260
12.7927
13.0157
13.1869
13.2985
13.3428
13.3132
13.2041
13.0119
12.7351
12.3746
11.9341
11.4203
10.8425
10.2125
9.5442
8.8526
8.1533
7.4615
6.7915
6.1556
5.5642
5.0251
4.5435
4.1224
3.7623
3.4621
3.2193
3.0302
2.8905
2.7957
2.7412
2.7223
2.7350
2.7754
2.8403
2.9269
3.0327
3.1561
3.2955
3.4500
3.6190
3.8022
3.9995
4.2112
4.4377
4.6796
4.9378
5.2129
5.5061
5.8181
6.1501
6.5030
6.8777
7.2749
7.6951
8.1388
8.6059
9.0959
9.6079
10.1403
10.6904
11.2550
11.8293
12.4074
12.9819
13.5436
14.0816
14.5831
15.0337
15.4172
15.7163
15.9130
15.9897
15.9300
15.7202
15.3504
14.8164
14.1205
13.2728
12.2908
11.1996
10.0303
8.8177
7.5983
6.4073
5.2762
4.2306
3.2896
2.4646
1.7602
1.1749
0.7026
0.3338
0.0568
-0.1407
-0.2714
-0.3469
-0.3782
-0.3747
-0.3446
-0.2947
-0.2307
-0.1571
-0.0772
0.0063
0.0914
0.1770
0.2620
0.3462
0.4294
0.5117
0.5934
0.6750
0.7571
0.8404
0.9255
1.0132
1.1045
1.2000
1.3008
1.4078
1.5219
1.6443
1.7760
1.9182
2.0721
2.2392
2.4207
2.6183
2.8335
3.0683
3.3245
3.6041
3.9095
4.2430
4.6071
5.0046
5.4383
5.9113
6.4265
6.9871
7.5961
8.2565
8.9707
9.7409
10.5683
11.4532
12.3940
13.3872
14.4265
15.5018
16.5986
17.6968
18.7697
19.7831
20.6947
21.4542
22.0041
22.2817
22.2236
21.7716
20.8798
19.5243
17.7111
15.4826
12.9191
10.1343
7.2635
4.4476
1.8147
-0.5346
-2.5371
-4.1678
-5.4356
-6.3736
-7.0296
-7.4565
-7.7061
-7.8247
-7.8518
-7.8189
-7.7508
-7.6663
-7.5791
-7.4992
-7.4335
-7.3865
-7.3612
-7.3594
-7.3817
-7.4283
-7.4988
-7.5926
-7.7087
-7.8459
-8.0029
-8.1784
-8.3708
-8.5784
-8.7994
-9.0319
-9.2737
-9.5224
-9.7755
-10.0301
-10.2831
-10.5311
-10.7703
-10.9969
-11.2066
-11.3950
-11.5576
-11.6898
-11.7871
-11.8454
-11.8608
-11.8301
-11.7509
-11.6217
-11.4420
-11.2128
-10.9362
-10.6158
-10.2564
-9.8639
-9.4455
-9.0086
-8.5614
-8.1120
-7.6684
-7.2379
-6.8272
-6.4419
-6.0866
-5.7647
-5.4786
-5.2296
-5.0180
-4.8435
-4.7052
-4.6015
-4.5306
-4.4907
-4.4796
-4.4954
-4.5362
-4.6001
-4.6857
-4.7916
-4.9165
-5.0595
-5.2198
-5.3969
-5.5903
-5.7997
-6.0249
-6.2658
-6.5223
-6.7944
-7.0819
-7.3847
-7.7025
-8.0348
-8.3810
-8.7400
-9.1107
-9.4914
-9.8799
-10.2735
-10.6689
-11.0622
-11.4488
-11.8232
-12.1793
-12.5101
-12.8080
-13.0650
-13.2725
-13.4221
-13.5052
-13.5143
-13.4427
-13.2854
-13.0394
-12.7044
-12.2828
-11.7802
-11.2051
-10.5691
-9.8860
-9.1714
-8.4417
-7.7136
-7.0027
-6.3231
-5.6868
-5.1030
-4.5784
-4.1166
-3.7192
-3.3854
-3.1128
-2.8978
-2.7357
-2.6218
-2.5509
-2.5182
-2.5190
-2.5491
-2.6048
-2.6829
-2.7808
-2.8964
-3.0280
-3.1744
-3.3349
-3.5090
-3.6966
-3.8979
-4.1132
-4.3433
-4.5887
-4.8505
-5.1295
-5.4269
-5.7437
-6.0810
-6.4400
-6.8217
-7.2268
-7.6562
-8.1103
-8.5892
-9.0925
-9.6194
-10.1684
-10.7371
-11.3219
-11.9183
-12.5201
-13.1198
-13.7077
-14.2726
-14.8010
-15.2774
-15.6847
-16.0044
-16.2169
-16.3031
-16.2451
-16.0275
-15.6396
-15.0763
-14.3400
-13.4415
-12.3998
-11.2425
-10.0034
-8.7207
-7.4341
-6.1817
-4.9971
-3.9077
-2.9327
-2.0835
-1.3638
-0.7708
-0.2968
0.0694
0.3408
0.5312
0.6541
0.7224
0.7473
0.7390
0.7060
0.6552
0.5924
0.5222
0.4481
0.3726
0.2977
0.2248
0.1546
0.0876
0.0241
-0.0361
-0.0932
-0.1475
-0.1995
-0.2495
-0.2982
-0.3461
-0.3937
-0.4416
-0.4904
-0.5405
-0.5927
-0.6474
-0.7053
-0.7669
-0.8329
-0.9039
-0.9806
-1.0638
-1.1542
-1.2527
-1.3601
-1.4775
-1.6060
-1.7466
-1.9007
-2.0697
-2.2551
-2.4586
-2.6820
-2.9273
-3.1968
-3.4928
-3.8179
-4.1749
-4.5669
-4.9972
-5.4691
-5.9864
-6.5528
-7.1721
-7.8483
-8.5851
-9.3857
-10.2531
-11.1889
-12.1936
-13.2656
-14.4005
-15.5902
-16.8217
-18.0758
-19.3259
-20.5360
-21.6601
-22.6408
-23.4100
-23.8905
-24.0001
-23.6582
-22.7960
-21.3682
-19.3662
-16.8289
-13.8479
-10.5638
-7.1516
-3.7978
-0.6741
2.0866
4.4031
6.2489
7.6432
8.6368
9.2970
9.6949
9.8966
9.9588
9.9272
9.8368
9.7135
9.5759
9.4367
9.3044
9.1843
9.0794
8.9912
8.9202
8.8660
8.8280
8.8049
8.7955
8.7985
8.8122
8.8354
8.8665
8.9041
8.9467
8.9930
9.0416
9.0912
9.1405
9.1884
9.2336
9.2751
9.3117
9.3426
9.3669
9.3837
9.3924
9.3925
9.3834
9.3648
9.3367
9.2990
9.2518
9.1954
9.1303
9.0571
8.9765
8.8894
8.7967
8.6996
8.5991
8.4964
8.3928
8.2895
8.1877
8.0886
7.9933
7.9028
7.8182
7.7403
7.6698
7.6074
7.5537
7.5092
7.4741
7.4487
7.4331
7.4274
7.4317
7.4457
7.4693
7.5023
7.5444
7.5953
7.6545
7.7217
7.7964
7.8780
7.9660
8.0597
8.1585
8.2618
8.3687
8.4783
8.5900
8.7026
8.8154
8.9271
9.0367
9.1432
9.2453
9.3418
9.4315
9.5132
9.5858
9.6479
9.6986
9.7368
9.7616
9.7722
9.7680
9.7485
9.7135
9.6630
9.5974
9.5169
9.4225
9.3151
9.1959
9.0664
8.9282
8.7831
8.6330
8.4798
8.3255
8.1722
8.0217
7.8758
7.7364
7.6049
7.4827
7.3710
7.2709
7.1832
7.1085
7.0472
6.9998
6.9663
6.9467
6.9410
6.9491
6.9705
7.0050
7.0523
7.1117
7.1830
7.2655
7.3587
7.4619
7.5747
7.6963
7.8260
7.9630
8.1065
8.2557
8.4095
8.5670
8.7270
8.8882
9.0493
9.2089
9.3653
9.5171
9.6623
9.7992
9.9259
10.0405
10.1411
10.2256
10.2924
10.3397
10.3661
10.3701
10.3508
10.3075
10.2399
10.1481
10.0328
9.8949
9.7360
9.5580
9.3632
9.1545
8.9347
8.7071
8.4750
8.2418
8.0107
7.7850
7.5674
7.3608
7.1673
6.9891
6.8277
6.6844
6.5600
6.4553
6.3705
6.3057
6.2606
6.2351
6.2287
6.2407
6.2707
6.3178
6.3816
6.4612
6.5560
6.6653
6.7885
6.9250
7.0739
7.2348
7.4070
7.5896
7.7819
7.9832
8.1923
8.4084
8.6301
8.8561
9.0849
9.3149
9.5439
9.7700
9.9906
10.2033
10.4052
10.5933
10.7645
10.9155
11.0431
11.1440
11.2151
11.2535
11.2567
11.2228
11.1503
11.0384
10.8874
10.6983
10.4728
10.2140
9.9254
9.6116
9.2777
8.9294
8.5724
8.2129
7.8567
7.5093
7.1757
6.8604
6.5672
6.2990
6.0581
5.8460
5.6635
5.5109
5.3880
5.2940
5.2281
5.1892
5.1759
5.1869
5.2209
5.2766
5.3528
5.4484
5.5624
5.6940
5.8424
6.0070
6.1871
6.3824
6.5924
6.8167
7.0549
7.3066
7.5712
7.8481
8.1366
8.4358
8.7445
9.0612
9.3842
9.7115
10.0405
10.3682
10.6912
11.0056
11.3070
11.5905
11.8507
12.0820
12.2782
12.4334
12.5416
12.5970
12.5945
12.5300
12.4002
12.2037
11.9406
11.6130
11.2248
10.7822
10.2930
9.7667
9.2139
8.6461
8.0748
7.5112
6.9657
6.4475
5.9641
5.5216
5.1241
4.7742
4.4728
4.2196
4.0132
3.8514
3.7315
3.6504
3.6050
3.5920
3.6084
3.6515
3.7188
3.8081
3.9177
4.0461
4.1922
4.3550
4.5341
4.7291
4.9400
5.1668
5.4097
5.6690
5.9452
6.2388
6.5501
6.8795
7.2274
7.5940
7.9792
8.3827
8.8039
9.2418
9.6948
10.1607
10.6366
11.1189
11.6028
12.0827
12.5517
13.0017
13.4235
13.8066
14.1396
14.4104
14.6061
14.7144
14.7233
14.6226
14.4043
14.0637
13.6000
13.0173
12.3246
11.5356
10.6690
9.7467
8.7931
7.8333
6.8918
5.9905
5.1482
4.3791
3.6929
3.0950
2.5863
2.1647
1.8253
1.5613
1.3650
1.2281
1.1424
1.1003
1.0945
1.1189
1.1680
1.2372
1.3229
1.4221
1.5325
1.6524
1.7809
1.9172
2.0611
2.2127
2.3723
2.5405
2.7181
2.9062
3.1057
3.3181
3.5445
3.7866
4.0458
4.3238
4.6224
4.9433
5.2883
5.6594
6.0583
6.4870
6.9472
7.4405
7.9684
8.5319
9.1318
9.7680
10.4398
11.1453
11.8814
12.6433
13.4241
14.2144
15.0021
15.7717
16.5040
17.1761
17.7615
18.2302
18.5499
18.6872
18.6102
18.2907
17.7083
16.8531
15.7296
14.3582
12.7764
11.0369
9.2039
7.3473
5.5363
3.8322
2.2840
0.9247
-0.2291
-1.1756
-1.9254
-2.4972
-2.9147
-3.2034
-3.3885
-3.4934
-3.5387
-3.5419
-3.5177
-3.4779
-3.4317
-3.3866
-3.3481
-3.3203
-3.3063
-3.3083
-3.3280
-3.3664
-3.4243
-3.5024
-3.6010
-3.7206
-3.8615
-4.0242
-4.2093
-4.4174
-4.6491
-4.9052
-5.1868
-5.4947
-5.8301
-6.1942
-6.5880
-7.0127
-7.4692
-7.9584
-8.4809
-9.0368
-9.6257
-10.2466
-10.8975
-11.5752
-12.2750
-12.9907
-13.7137
-14.4332
-15.1357
-15.8046
-16.4201
-16.9597
-17.3981
-17.7079
-17.8611
-17.8306
-17.5923
-17.1280
-16.4277
-15.4924
-14.3361
-12.9861
-11.4828
-9.8770
-8.2256
-6.5871
-5.0161
-3.5586
-2.2493
-1.1095
-0.1481
0.6375
1.2582
1.7309
2.0755
2.3133
2.4647
2.5486
2.5818
2.5787
2.5511
2.5090
2.4600
2.4102
2.3643
2.3259
2.2975
2.2810
2.2778
2.2888
2.3146
2.3557
2.4124
2.4850
2.5738
2.6792
2.8016
2.9414
3.0994
3.2762
3.4727
3.6901
3.9294
4.1919
4.4793
4.7929
5.1346
5.5061
5.9095
6.3465
6.8192
7.3294
7.8789
8.4691
9.1010
9.7752
10.4913
11.2479
12.0421
12.8694
13.7228
14.5926
15.4658
16.3254
17.1503
17.9145
18.5870
19.1329
19.5133
19.6878
19.6168
19.2651
18.6062
17.6270
16.3319
14.7463
12.9169
10.9099
8.8057
6.6912
4.6502
2.7554
1.0618
-0.3969
-1.6077
-2.5759
-3.3201
-3.8676
-4.2499
-4.4987
-4.6442
-4.7129
-4.7277
-4.7074
-4.6671
-4.6187
-4.5714
-4.5321
-4.5060
-4.4968
-4.5072
-4.5391
-4.5936
-4.6717
-4.7739
-4.9005
-5.0518
-5.2281
-5.4295
-5.6562
-5.9086
-6.1868
-6.4912
-6.8221
-7.1795
-7.5638
-7.9748
-8.4122
-8.8755
-9.3637
-9.8751
-10.4075
-10.9579
-11.5220
-12.0945
-12.6688
-13.2365
-13.7876
-14.3104
-14.7913
-15.2148
-15.5644
-15.8222
-15.9703
-15.9912
-15.8695
-15.5929
-15.1536
-14.5501
-13.7878
-12.8799
-11.8473
-10.7178
-9.5244
-8.3030
-7.0899
-5.9192
-4.8201
-3.8156
-2.9216
-2.1464
-1.4921
-0.9550
-0.5274
-0.1986
0.0435
0.2114
0.3174
0.3730
0.3885
0.3729
0.3337
0.2773
0.2088
0.1323
0.0508
-0.0334
-0.1186
-0.2037
-0.2881
-0.3714
-0.4538
-0.5353
-0.6163
-0.6975
-0.7793
-0.8625
-0.9478
-1.0360
-1.1279
-1.2245
-1.3265
-1.4351
-1.5512
-1.6758
-1.8101
-1.9553
-2.1126
-2.2834
-2.4691
-2.6713
-2.8918
-3.1323
-3.3948
-3.6814
-3.9944
-4.3363
-4.7096
-5.1172
-5.5618
-6.0466
-6.5746
-7.1489
-7.7726
-8.4485
-9.1791
-9.9663
-10.8111
-11.7132
-12.6708
-13.6796
-14.7323
-15.8176
-16.9197
-18.0165
-19.0795
-20.0719
-20.9492
-21.6585
-22.1405
-22.3315
-22.1685
-21.5956
-20.5720
-19.0811
-17.1389
-14.7987
-12.1514
-9.3189
-6.4406
-3.6562
-1.0880
1.1732
3.0750
4.6029
5.7739
6.6268
7.2117
7.5822
7.7890
7.8769
7.8829
7.8368
7.7616
7.6743
7.5877
7.5106
7.4492
7.4076
7.3883
7.3926
7.4212
7.4738
7.5502
7.6494
7.7704
7.9121
8.0730
8.2518
8.4468
8.6564
8.8785
9.1114
9.3526
9.5998
9.8503
10.1012
10.3494
10.5913
10.8232
11.0411
11.2408
11.4179
11.5679
11.6864
11.7692
11.8121
11.8117
11.7650
11.6700
11.5256
11.3318
11.0899
10.8026
10.4737
10.1083
9.7127
9.2939
8.8596
8.4177
7.9761
7.5426
7.1240
6.7267
6.3558
6.0155
5.7089
5.4379
5.2035
5.0061
4.8449
4.7189
4.6267
4.5663
4.5360
4.5337
4.5575
4.6055
4.6761
4.7679
4.8794
5.0097
5.1578
5.3230
5.5048
5.7027
5.9166
6.1461
6.3913
6.6519
6.9279
7.2191
7.5254
7.8462
8.1811
8.5292
8.8895
9.2604
9.6403
10.0266
10.4165
10.8065
11.1923
11.5691
11.9312
12.2723
12.5853
12.8625
13.0957
13.2768
13.3972
13.4492
13.4256
13.3206
13.1300
12.8521
12.4876
12.0401
11.5163
10.9258
10.2807
9.5953
8.8852
8.1667
7.4556
6.7668
6.1132
5.5056
4.9521
4.4581
4.0265
3.6579
3.3510
3.1031
2.9102
2.7680
2.6714
2.6157
2.5961
2.6084
2.6484
2.7129
2.7989
2.9040
3.0262
3.1643
3.3171
3.4840
3.6647
3.8592
4.0677
4.2907
4.5289
4.7829
5.0538
5.3425
5.6500
5.9774
6.3258
6.6961
7.0892
7.5059
7.9467
8.4117
8.9008
9.4132
9.9478
10.5023
11.0737
11.6579
12.2494
12.8412
13.4246
13.9893
14.5227
15.0105
15.4365
15.7832
16.0319
16.1639
16.1610
16.0075
15.6912
15.2051
14.5485
13.7289
12.7616
11.6703
10.4854
9.2426
7.9800
6.7356
5.5438
4.4340
3.4283
2.5409
1.7789
1.1420
0.6250
0.2184
-0.0895
-0.3120
-0.4623
-0.5530
-0.5959
-0.6014
-0.5783
-0.5342
-0.4752
-0.4062
-0.3312
-0.2531
-0.1740
-0.0955
-0.0186
0.0562
0.1285
0.1984
0.2661
0.3320
0.3964
0.4599
0.5231
0.5866
0.6511
0.7172
0.7857
0.8572
0.9326
1.0124
1.0977
1.1890
1.2874
1.3938
1.5090
1.6343
1.7706
1.9192
2.0814
2.2587
2.4525
2.6646
2.8969
3.1512
3.4298
3.7351
4.0695
4.4357
4.8368
5.2759
5.7561
6.2808
6.8537
7.4781
8.1575
8.8950
9.6932
10.5541
11.4786
12.4658
13.5127
14.6136
15.7585
16.9328
18.1157
19.2790
20.3859
21.3902
22.2360
22.8586
23.1866
23.1468
22.6706
21.7035
20.2158
18.2130
15.7441
12.9034
9.8245
6.6666
3.5931
0.7498
-1.7531
-3.8511
-5.5259
-6.7969
-7.7098
-8.3238
-8.7012
-8.9004
-8.9718
-8.9567
-8.8873
-8.7880
-8.6765
-8.5655
-8.4636
-8.3765
-8.3078
-8.2593
-8.2320
-8.2259
-8.2404
-8.2746
-8.3274
-8.3974
-8.4830
-8.5826
-8.6945
-8.8169
-8.9480
-9.0859
-9.2286
-9.3740
-9.5201
-9.6647
-9.8054
-9.9400
-10.0662
-10.1816
-10.2838
-10.3706
-10.4397
-10.4890
-10.5167
-10.5212
-10.5012
-10.4557
-10.3842
-10.2868
-10.1639
-10.0166
-9.8463
-9.6553
-9.4459
-9.2211
-8.9842
-8.7388
-8.4884
-8.2367
-7.9874
-7.7439
-7.5094
-7.2868
-7.0786
-6.8870
-6.7137
-6.5599
-6.4267
-6.3145
-6.2238
-6.1543
-6.1059
-6.0783
-6.0707
-6.0826
-6.1133
-6.1621
-6.2281
-6.3108
-6.4092
-6.5228
-6.6508
-6.7927
-6.9477
-7.1153
-7.2947
-7.4853
-7.6863
-7.8970
-8.1164
-8.3435
-8.5772
-8.8161
-9.0588
-9.3034
-9.5480
-9.7904
-10.0282
-10.2587
-10.4788
-10.6854
-10.8751
-11.0443
-11.1894
-11.3068
-11.3930
-11.4446
-11.4587
-11.4328
-11.3651
-11.2546
-11.1011
-10.9054
-10.6693
-10.3959
-10.0889
-9.7533
-9.3946
-9.0192
-8.6334
-8.2441
-7.8577
-7.4805
-7.1182
-6.7757
-6.4572
-6.1660
-5.9045
-5.6743
-5.4763
-5.3107
-5.1770
-5.0744
-5.0017
-4.9577
-4.9407
-4.9493
-4.9819
-5.0370
-5.1133
-5.2096
-5.3249
-5.4581
-5.6085
-5.7755
-5.9585
-6.1571
-6.3709
-6.5997
-6.8430
-7.1007
-7.3722
-7.6573
-7.9552
-8.2653
-8.5866
-8.9177
-9.2572
-9.6032
-9.9532
-10.3044
-10.6535
-10.9966
-11.3292
-11.6462
-11.9420
-12.2105
-12.4452
-12.6393
-12.7859
-12.8783
-12.9103
-12.8763
-12.7722
-12.5950
-12.3437
-12.0195
-11.6257
-11.1681
-10.6547
-10.0955
-9.5020
-8.8870
-8.2636
-7.6447
-7.0424
-6.4677
-5.9296
-5.4355
-4.9903
-4.5974
-4.2579
-3.9717
-3.7371
-3.5516
-3.4120
-3.3146
-3.2559
-3.2319
-3.2392
-3.2745
-3.3350
-3.4180
-3.5215
-3.6437
-3.7834
-3.9395
-4.1114
-4.2987
-4.5013
-4.7194
-4.9531
-5.2030
-5.4695
-5.7533
-6.0551
-6.3755
-6.7151
-7.0746
-7.4544
-7.8545
-8.2751
-8.7158
-9.1757
-9.6535
-10.1473
-10.6543
-11.1710
-11.6926
-12.2133
-12.7260
-13.2222
-13.6919
-14.1238
-14.5052
-14.8223
-15.0606
-15.2053
-15.2425
-15.1594
-14.9458
-14.5950
-14.1050
-13.4791
-12.7266
-11.8628
-10.9087
-9.8896
-8.8338
-7.7709
-6.7293
-5.7348
-4.8088
-3.9676
-3.2219
-2.5770
-2.0332
-1.5868
-1.2315
-0.9586
-0.7586
-0.6216
-0.5379
-0.4986
-0.4956
-0.5217
-0.5709
-0.6382
-0.7195
-0.8116
-0.9120
-1.0190
-1.1314
-1.2485
-1.3700
-1.4958
-1.6262
-1.7618
-1.9033
-2.0516
-2.2076
-2.3724
-2.5473
-2.7336
-2.9327
-3.1460
-3.3753
-3.6221
-3.8882
-4.1756
-4.4861
-4.8218
-5.1849
-5.5775
-6.0018
-6.4601
-6.9546
-7.4873
-8.0601
-8.6744
-9.3315
-10.0317
-10.7744
-11.5580
-12.3790
-13.2322
-14.1097
-15.0006
-15.8903
-16.7599
-17.5860
-18.3401
-18.9886
-19.4937
-19.8142
-19.9081
-19.7350
-19.2610
-18.4627
-17.3326
-15.8831
-14.1490
-12.1874
-10.0740
-7.8965
-5.7456
-3.7049
-1.8432
-0.2083
1.1744
2.3005
3.1827
3.8455
4.3200
4.6398
4.8375
4.9428
4.9815
4.9753
4.9415
4.8941
4.8439
4.7990
4.7656
4.7481
4.7497
4.7727
4.8184
4.8880
4.9821
5.1011
5.2451
5.4144
5.6090
5.8291
6.0748
6.3463
6.6435
6.9667
7.3159
7.6909
8.0915
8.5172
8.9673
9.4403
9.9345
10.4474
10.9758
11.5152
12.0603
12.6043
13.1391
13.6547
14.1400
14.5819
14.9661
15.2769
15.4981
15.6135
15.6078
15.4673
15.1820
14.7459
14.1587
13.4267
12.5629
11.5870
10.5248
9.4064
8.2642
7.1310
6.0371
5.0089
4.0671
3.2261
2.4940
1.8729
1.3601
0.9490
0.6304
0.3938
0.2279
0.1218
0.0650
0.0482
0.0631
0.1026
0.1608
0.2329
0.3152
0.4046
0.4991
0.5969
0.6973
0.7995
0.9034
1.0091
1.1169
1.2273
1.3410
1.4588
1.5815
1.7102
1.8459
1.9898
2.1430
2.3069
2.4827
2.6720
2.8763
3.0971
3.3364
3.5957
3.8773
4.1830
4.5151
4.8760
5.2679
5.6935
6.1554
6.6560
7.1979
7.7836
8.4153
9.0947
9.8231
10.6008
11.4270
12.2995
13.2139
14.1632
15.1372
16.1216
17.0975
18.0403
18.9196
19.6984
20.3338
20.7779
20.9797
20.8889
20.4602
19.6596
18.4707
16.9008
14.9850
12.7874
10.3971
7.9205
5.4690
3.1468
1.0387
-0.7969
-2.3310
-3.5611
-4.5061
-5.1987
-5.6790
-5.9886
-6.1668
-6.2485
-6.2632
-6.2349
-6.1826
-6.1208