0.9697
0.9699
0.9794
1.0003
1.0319
1.0703
1.1076
1.1352
1.1485
1.1482
1.1383
1.1234
1.1072
1.0928
1.0820
1.0756
1.0739
1.0759
1.0801
1.0838
1.0835
1.0750
1.0546
1.0212
0.9777
0.9298
0.8828
0.8406
0.8055
0.7784
0.7593
0.7471
0.7401
0.7361
0.7331
0.7297
0.7251
0.7196
0.7147
0.7135
0.7202
0.7396
0.7744
0.8224
0.8773
0.9325
0.9837
1.0293
1.0691
1.1039
1.1346
1.1618
1.1859
1.2073
1.2260
1.2421
1.2561
1.2684
1.2804
1.2934
1.3078
1.3211
1.3271
1.3190
1.2935
1.2524
1.1996
1.1395
1.0756
1.0104
0.9458
0.8831
0.8231
0.7663
0.7130
0.6632
0.6168
0.5735
0.5329
0.4949
0.4602
0.4298
0.4051
0.3885
0.3831
0.3934
0.4241
0.4775
0.5500
0.6321
0.7129
0.7849
0.8443
0.8904
0.9237
0.9456
0.9574
0.9606
0.9565
0.9468
0.9331
0.9175
0.9024
0.8908
0.8865
0.8933
0.9137
0.9475
0.9906
1.0358
1.0748
1.1029
1.1198
1.1282
1.1316
1.1336
1.1368
1.1430
1.1531
1.1668
1.1830
1.2002
1.2166
1.2299
1.2369
1.2329
1.2134
1.1776
1.1302
1.0774
1.0242
0.9738
0.9273
0.8849
0.8458
0.8088
0.7726
0.7365
0.7000
0.6633
0.6270
0.5919
0.5591
0.5302
0.5078
0.4955
0.4973
0.5169
0.5555
0.6101
0.6753
0.7445
0.8125
0.8757
0.9318
0.9793
1.0175
1.0463
1.0659
1.0770
1.0808
1.0786
1.0722
1.0640
1.0569
1.0545
1.0598
1.0750
1.1000
1.1315
1.1627
1.1849
1.1912
1.1802
1.1551
1.1210
1.0826
1.0438
1.0075
0.9756
0.9494
0.9289
0.9131
0.8999
0.8860
0.8676
0.8421
0.8088
0.7701
0.7298
0.6921
0.6607
0.6388
0.6292
0.6337
0.6527
0.6844
0.7255
0.7720
0.8205
0.8686
0.9152
0.9602
1.0040
1.0464
1.0862
1.1211
1.1489
1.1691
1.1822
1.1903
1.1959
1.2018
1.2103
1.2232
1.2403
1.2599
1.2781
1.2898
1.2905
1.2767
1.2474
1.2040
1.1497
1.0889
1.0259
0.9639
0.9048
0.8498
0.7991
0.7522
0.7082
0.6662
0.6254
0.5856
0.5473
0.5113
0.4789
0.4514
0.4309
0.4204
0.4240
0.4467
0.4916
0.5563
0.6330
0.7118
0.7851
0.8487
0.9012
0.9420
0.9718
0.9911
1.0012
1.0032
0.9986
0.9890
0.9763
0.9627
0.9512
0.9454
0.9491
0.9651
0.9939
1.0323
1.0732
1.1081
1.1305
1.1390
1.1361
1.1260
1.1129
1.1003
1.0908
1.0861
1.0868
1.0925
1.1017
1.1119
1.1199
1.1213
1.1116
1.0874
1.0496
1.0031
0.9541
0.9074
0.8663
0.8323
0.8059
0.7864
0.7722
0.7612
0.7509
0.7397
0.7264
0.7109
0.6944
0.6791
0.6685
0.6673
0.6806
0.7113
0.7576
0.8135
0.8721
0.9285
0.9801
1.0263
1.0673
1.1035
1.1352
1.1627
1.1860
1.2051
1.2199
1.2310
1.2392
1.2465
1.2551
1.2673
1.2832
1.2992
1.3084
1.3033
1.2808
1.2421
1.1911
1.1320
1.0686
1.0039
0.9400
0.8783
0.8199
0.7653
0.7147
0.6680
0.6247
0.5839
0.5451
0.5083
0.4741
0.4439
0.4194
0.4030
0.3980
0.4090
0.4408
0.4951
0.5678
0.6490
0.7283
0.7986
0.8569
0.9025
0.9361
0.9587
0.9716
0.9760
0.9732
0.9646
0.9520
0.9374
0.9232
0.9127
0.9096
0.9176
0.9390
0.9732
1.0156
1.0586
1.0939
1.1174
1.1291
1.1320
1.1298
1.1263
1.1241
1.1253
1.1310
1.1409
1.1541
1.1690
1.1832
1.1939
1.1970
1.1878
1.1627
1.1229
1.0740
1.0220
0.9715
0.9252
0.8841
0.8483
0.8167
0.7879
0.7603
0.7324
0.7036
0.6738
0.6435
0.6139
0.5865
0.5639
0.5497
0.5483
0.5641
0.5988
0.6501
0.7118
0.7775
0.8420
0.9021
0.9562
1.0034
1.0433
1.0756
1.1003
1.1174
1.1275
1.1315
1.1308
1.1273
1.1240
1.1241
1.1307
1.1459
1.1691
1.1961
1.2193
1.2303
1.2240
1.2002
1.1628
1.1165
1.0660
1.0148
0.9655
0.9199
0.8791
0.8434
0.8124
0.7844
0.7572
0.7282
0.6959
0.6605
0.6240
0.5891
0.5588
0.5363
0.5248
0.5280
0.5489
0.5880
0.6426
0.7066
0.7738
0.8391
0.8996
0.9538
1.0010
1.0407
1.0722
1.0950
1.1092
1.1155
1.1154
1.1109
1.1046
1.0996
1.0991
1.1062
1.1226
1.1474
1.1764
1.2018
1.2152
1.2112
1.1897
1.1543
1.1102
1.0621
1.0140
0.9686
0.9278
0.8925
0.8629
0.8380
0.8157
0.7932
0.7676
0.7372
0.7022
0.6650
0.6288
0.5970
0.5729
0.5600
0.5618
0.5808
0.6171
0.6675
0.7268
0.7893
0.8508
0.9089
0.9623
1.0105
1.0528
1.0883
1.1159
1.1351
1.1461
1.1502
1.1494
1.1461
1.1435
1.1448
1.1527
1.1687
1.1914
1.2166
1.2369
1.2445
1.2345
1.2069
1.1650
1.1138
1.0583
1.0024
0.9488
0.8995
0.8553
0.8164
0.7822
0.7510
0.7208
0.6893
0.6556
0.6201
0.5845
0.5511
0.5228
0.5025
0.4938
0.5010
0.5275
0.5738
0.6356
0.7057
0.7765
0.8432
0.9029
0.9547
0.9982
1.0330
1.0589
1.0760
1.0847
1.0862
1.0820
1.0742
1.0654
1.0590
1.0584
1.0669
1.0860
1.1143
1.1467
1.1747
1.1900
1.1882
1.1701
1.1398
1.1022
1.0619
1.0223
0.9862
0.9552
0.9303
0.9111
0.8964
0.8833
0.8683
0.8477
0.8193
0.7839
0.7446
0.7057
0.6711
0.6442
0.6283
0.6259
0.6386
0.6657
0.7046
0.7512
0.8013
0.8519
0.9010
0.9479
0.9928
1.0358
1.0764
1.1129
1.1431
1.1658
1.1810
1.1901
1.1956
1.2001
1.2064
1.2166
1.2318
1.2507
1.2701
1.2849
1.2897
1.2802
1.2551
1.2151
1.1633
1.1039
1.0410
0.9783
0.9181
0.8618
0.8099
0.7623
0.7181
0.6763
0.6359
0.5965
0.5581
0.5217
0.4883
0.4594
0.4370
0.4236
0.4232
0.4408
0.4802
0.5407
0.6154
0.6945
0.7695
0.8355
0.8905
0.9341
0.9665
0.9885
1.0009
1.0050
1.0021
0.9937
0.9817
0.9683
0.9561
0.9486
0.9497
0.9626
0.9885
1.0250
1.0660
1.1027
1.1280
1.1393
1.1383
1.1291
1.1158
1.1022
1.0911
1.0845
1.0833
1.0872
1.0953
1.1051
1.1135
1.1165
1.1094
1.0884
1.0532
1.0082
0.9594
0.9121
0.8698
0.8346
0.8070
0.7868
0.7724
0.7619
0.7529
0.7433
0.7319
0.7182
0.7030
0.6884
0.6776
0.6751
0.6862
0.7143
0.7584
0.8130
0.8711
0.9274
0.9791
1.0255
1.0666
1.1029
1.1348
1.1627
1.1866
1.2066
1.2225
1.2347
1.2440
1.2520
1.2610
1.2730
1.2884
1.3039
1.3127
1.3076
1.2850
1.2462
1.1950
1.1358
1.0722
1.0071
0.9427
0.8804
0.8213
0.7659
0.7145
0.6670
0.6229
0.5815
0.5423
0.5052
0.4709
0.4406
0.4159
0.3991
0.3936
0.4040
0.4349
0.4885
0.5610
0.6425
0.7224
0.7934
0.8521
0.8980
0.9317
0.9543
0.9671
0.9714
0.9683
0.9596
0.9468
0.9319
0.9175
0.9065
0.9028
0.9102
0.9310
0.9649
1.0075
1.0511
1.0878
1.1130
1.1265
1.1312
1.1308
1.1289
1.1282
1.1309
1.1377
1.1487
1.1628
1.1784
1.1934
1.2050
1.2095
1.2021
1.1789
1.1404
1.0919
1.0396
0.9881
0.9404
0.8975
0.8596
0.8256
0.7942
0.7639
0.7334
0.7022
0.6702
0.6380
0.6065
0.5773
0.5525
0.5354
0.5301
0.5412
0.5711
0.6187
0.6789
0.7450
0.8114
0.8742
0.9312
0.9812
1.0234
1.0576
1.0834
1.1013
1.1117
1.1155
1.1141
1.1096
1.1045
1.1020
1.1056
1.1178
1.1390
1.1667
1.1944
1.2137
1.2173
1.2029
1.1732
1.1328
1.0866
1.0387
0.9921
0.9489
0.9105
0.8774
0.8493
0.8249
0.8017
0.7768
0.7479
0.7142
0.6774
0.6402
0.6061
0.5782
0.5599
0.5545
0.5650
0.5929
0.6367
0.6923
0.7539
0.8166
0.8771
0.9334
0.9845
1.0299
1.0687
1.0999
1.1227
1.1370
1.1437
1.1445
1.1417
1.1382
1.1370
1.1412
1.1531
1.1728
1.1979
1.2224
1.2383
1.2388
1.2210
1.1868
1.1408
1.0879
1.0328
0.9789
0.9283
0.8826
0.8423
0.8070
0.7757
0.7462
0.7163
0.6843
0.6497
0.6136
0.5784
0.5466
0.5211
0.5053
0.5030
0.5182
0.5531
0.6061
0.6713
0.7414
0.8100
0.8735
0.9299
0.9786
1.0191
1.0510
1.0741
1.0885
1.0949
1.0945
1.0891
1.0811
1.0735
1.0696
1.0730
1.0861
1.1093
1.1396
1.1701
1.1919
1.1980
1.1866
1.1603
1.1237
1.0819
1.0390
0.9981
0.9614
0.9304
0.9053
0.8856
0.8693
0.8533
0.8341
0.8088
0.7765
0.7391
0.7003
0.6641
0.6340
0.6134
0.6054
0.6126
0.6356
0.6728
0.7203
0.7735
0.8283
0.8821
0.9334
0.9817
1.0270
1.0687
1.1057
1.1361
1.1587
1.1734
1.1816
1.1852
1.1870
1.1899
1.1966
1.2090
1.2270
1.2479
1.2669
1.2775
1.2741
1.2539
1.2176
1.1684
1.1109
1.0494
0.9877
0.9283
0.8730
0.8223
0.7763
0.7343
0.6950
0.6570
0.6194
0.5820
0.5455
0.5113
0.4809
0.4565
0.4407
0.4373
0.4511
0.4861
0.5424
0.6140
0.6915
0.7664
0.8336
0.8907
0.9371
0.9728
0.9984
1.0144
1.0218
1.0218
1.0157
1.0054
0.9930
0.9811
0.9732
0.9730
0.9840
1.0074
1.0416
1.0807
1.1161
1.1401
1.1492
1.1449
1.1310
1.1121
1.0921
1.0741
1.0603
1.0521
1.0497
1.0522
1.0574
1.0622
1.0623
1.0531
1.0310
0.9960
0.9522
0.9054
0.8607
0.8216
0.7906
0.7686
0.7558
0.7508
0.7515
0.7554
0.7599
0.7629
0.7636
0.7624
0.7612
0.7638
0.7749
0.7990
0.8372
0.8856
0.9378
0.9881
1.0337
1.0737
1.1088
1.1400
1.1682
1.1938
1.2172
1.2385
1.2578
1.2750
1.2904
1.3044
1.3178
1.3305
1.3406
1.3431
1.3317
1.3033
1.2593
1.2041
1.1419
1.0762
1.0093
0.9431
0.8787
0.8169
0.7583
0.7031
0.6515
0.6034
0.5588
0.5174
0.4792
0.4447
0.4145
0.3903
0.3741
0.3692
0.3802
0.4120
0.4670
0.5415
0.6253
0.7070
0.7790
0.8377
0.8824
0.9141
0.9341
0.9441
0.9454
0.9398
0.9287
0.9139
0.8973
0.8814
0.8693
0.8648
0.8716
0.8925
0.9272
0.9716
1.0184
1.0597
1.0910
1.1118
1.1247
1.1331
1.1401
1.1484
1.1593
1.1733
1.1901
1.2085
1.2271
1.2446
1.2592
1.2684
1.2678
1.2520
1.2194
1.1735
1.1206
1.0658
1.0123
0.9615
0.9138
0.8684
0.8247
0.7817
0.7390
0.6968
0.6552
0.6147
0.5761
0.5400
0.5077
0.4808
0.4622
0.4554
0.4643
0.4916
0.5375
0.5985
0.6687
0.7414
0.8113
0.8742
0.9277
0.9707
1.0027
1.0245
1.0368
1.0409
1.0382
1.0305
1.0198
1.0089
1.0008
0.9990
1.0064
1.0247
1.0536
1.0895
1.1249
1.1511
1.1620
1.1573
1.1404
1.1165
1.0900
1.0645
1.0426
1.0261
1.0155
1.0103
1.0090
1.0085
1.0051
0.9946
0.9736
0.9411
0.9000
0.8553
0.8121
0.7745
0.7453
0.7265
0.7186
0.7209
0.7316
0.7480
0.7669
0.7861
0.8039
0.8201
0.8360
0.8546
0.8795
0.9133
0.9554
1.0013
1.0456
1.0848
1.1179
1.1457
1.1697
1.1917
1.2127
1.2332
1.2532
1.2721
1.2894
1.3046
1.3175
1.3272
1.3323
1.3292
1.3132
1.2813
1.2348
1.1780
1.1154
1.0507
0.9860
0.9226
0.8611
0.8020
0.7455
0.6920
0.6416
0.5945
0.5508
0.5105
0.4738
0.4410
0.4130
0.3916
0.3791
0.3796
0.3976
0.4375
0.4993
0.5769
0.6599
0.7384
0.8062
0.8605
0.9013
0.9294
0.9464
0.9537
0.9530
0.9459
0.9339
0.9188
0.9028
0.8884
0.8791
0.8786
0.8905
0.9164
0.9547
1.0001
1.0446
1.0809
1.1060
1.1209
1.1289
1.1335
1.1380
1.1444
1.1541
1.1673
1.1834
1.2011
1.2188
1.2348
1.2469
1.2515
1.2436
1.2192
1.1793
1.1294
1.0756
1.0223
0.9719
0.9250
0.8816
0.8406
0.8010
0.7619
0.7227
0.6836
0.6449
0.6071
0.5711
0.5380
0.5095
0.4881
0.4773
0.4812
0.5031
0.5437
0.6003
0.6671
0.7378
0.8069
0.8707
0.9266
0.9731
1.0095
1.0360
1.0530
1.0615
1.0627
1.0582
1.0499
1.0403
1.0325
1.0297
1.0353
1.0511
1.0771
1.1102
1.1437
1.1686
1.1781
1.1708
1.1499
1.1204
1.0870
1.0537
1.0233
0.9976
0.9777
0.9637
0.9542
0.9468
0.9379
0.9235
0.9006
0.8683
0.8289
0.7866
0.7463
0.7118
0.6862
0.6720
0.6706
0.6820
0.7044
0.7349
0.7702
0.8071
0.8438
0.8794
0.9143
0.9501
0.9884
1.0292
1.0701
1.1073
1.1382
1.1622
1.1801
1.1940
1.2063
1.2192
1.2340
1.2511
1.2695
1.2870
1.3010
1.3087
1.3077
1.2957
1.2707
1.2318
1.1808
1.1214
1.0582
0.9947
0.9331
0.8744
0.8190
0.7667
0.7169
0.6692
0.6237
0.5804
0.5399
0.5025
0.4690
0.4402
0.4174
0.4029
0.4003
0.4143
0.4496
0.5067
0.5804
0.6610
0.7392
0.8085
0.8661
0.9110
0.9435
0.9647
0.9760
0.9788
0.9747
0.9652
0.9522
0.9375
0.9238
0.9143
0.9127
0.9227
0.9460
0.9815
1.0244
1.0664
1.0997
1.1205
1.1295
1.1301
1.1265
1.1222
1.1199
1.1213
1.1273
1.1375
1.1510
1.1657
1.1794
1.1890
1.1903
1.1785
1.1509
1.1093
1.0597
1.0081
0.9589
0.9144
0.8754
0.8417
0.8122
0.7851
0.7588
0.7321
0.7042
0.6752
0.6456
0.6169
0.5907
0.5698
0.5582
0.5604
0.5805
0.6192
0.6730
0.7355
0.8004
0.8632
0.9213
0.9734
1.0188
1.0571
1.0881
1.1118
1.1281
1.1377
1.1414
1.1409
1.1381
1.1360
1.1380
1.1470
1.1644
1.1885
1.2142
1.2331
1.2377
1.2244
1.1943
1.1520
1.1022
1.0492
0.9963
0.9458
0.8992
0.8575
0.8207
0.7883
0.7585
0.7291
0.6979
0.6640
0.6281
0.5923
0.5593
0.5319
0.5133
0.5070
0.5168
0.5453
0.5922
0.6533
0.7216
0.7906
0.8557
0.9144
0.9657
1.0090
1.0439
1.0702
1.0876
1.0966
1.0985
1.0948
1.0879
1.0804
1.0756
1.0768
1.0869
1.1071
1.1354
1.1662
1.1909
1.2017
1.1948
1.1717
1.1368
1.0952
1.0513
1.0085
0.9694
0.9355
0.9075
0.8849
0.8665
0.8494
0.8303
0.8061
0.7753
0.7390
0.7004
0.6634
0.6316
0.6083
0.5968
0.6000
0.6194
0.6540
0.7005
0.7541
0.8103
0.8660
0.9193
0.9695
1.0162
1.0591
1.0970
1.1282
1.1516
1.1670
1.1753
1.1786
1.1794
1.1808
1.1856
1.1960
1.2126
1.2337
1.2548
1.2693
1.2708
1.2556
1.2235
1.1774
1.1220
1.0618
1.0007
0.9417
0.8865
0.8361
0.7904
0.7491
0.7107
0.6739
0.6373
0.6005
0.5639
0.5290
0.4973
0.4709
0.4526
0.4458
0.4551
0.4849
0.5361
0.6041
0.6801
0.7554
0.8242
0.8837
0.9330
0.9719
1.0008
1.0201
1.0305
1.0330
1.0291
1.0203
1.0088
0.9970
0.9883
0.9864
0.9948
1.0154
1.0470
1.0848
1.1203
1.1452
1.1551
1.1506
1.1352
1.1136
1.0899
1.0676
1.0491
1.0360
1.0288
1.0271
1.0291
1.0315
1.0305
1.0212
1.0002
0.9668
0.9246
0.8790
0.8353
0.7972
0.7673
0.7472
0.7373
0.7366
0.7432
0.7543
0.7672
0.7796
0.7899
0.7982
0.8060
0.8169
0.8351
0.8645
0.9050
0.9523
1.0004
1.0449
1.0837
1.1171
1.1461
1.1722
1.1964
1.2191
1.2405
1.2604
1.2787
1.2953
1.3103
1.3235
1.3346
1.3413
1.3394
1.3235
1.2910
1.2438
1.1865
1.1233
1.0576
0.9916
0.9266
0.8635
0.8029
0.7453
0.6909
0.6399
0.5924
0.5483
0.5076
0.4703
0.4370
0.4084
0.3862
0.3728
0.3719
0.3882
0.4262
0.4870
0.5646
0.6485
0.7282
0.7969
0.8521
0.8934
0.9219
0.9391
0.9466
0.9459
0.9387
0.9265
0.9111
0.8945
0.8795
0.8691
0.8675
0.8780
0.9028
0.9405
0.9862
1.0321
1.0707
1.0986
1.1165
1.1273
1.1346
1.1413
1.1498
1.1612
1.1758
1.1929
1.2114
1.2298
1.2466
1.2599
1.2667
1.2621
1.2413
1.2042
1.1557
1.1018
1.0473
0.9949
0.9454
0.8989
0.8547
0.8118
0.7694
0.7274
0.6857
0.6447
0.6050
0.5673
0.5323
0.5015
0.4770
0.4618
0.4596
0.4743
0.5078
0.5591
0.6235
0.6949
0.7669
0.8346
0.8946
0.9449
0.9844
1.0134
1.0322
1.0421
1.0441
1.0399
1.0313
1.0205
1.0103
1.0041
1.0051
1.0161
1.0381
1.0697
1.1060
1.1388
1.1596
1.1643
1.1540
1.1332
1.1069
1.0792
1.0535
1.0320
1.0162
1.0063
1.0015
0.9998
0.9977
0.9915
0.9770
0.9515
0.9155
0.8727
0.8284
0.7873
0.7531
0.7282
0.7143
0.7115
0.7189
0.7340
0.7541
0.7762
0.7979
0.8182
0.8373
0.8570
0.8803
0.9106
0.9491
0.9931
1.0376
1.0781
1.1126
1.1411
1.1651
1.1863
1.2063
1.2261
1.2459
1.2651
1.2831
1.2990
1.3123
1.3223
1.3277
1.3257
1.3123
1.2838
1.2403
1.1853
1.1238
1.0595
0.9951
0.9320
0.8709
0.8120
0.7557
0.7022
0.6515
0.6041
0.5599
0.5192
0.4820
0.4487
0.4201
0.3976
0.3836
0.3819
0.3971
0.4335
0.4921
0.5676
0.6501
0.7295
0.7990
0.8556
0.8986
0.9287
0.9475
0.9565
0.9571
0.9511
0.9400
0.9255
0.9097
0.8951
0.8850
0.8832
0.8932
0.9170
0.9536
0.9982
1.0428
1.0799
1.1058
1.1209
1.1285
1.1322
1.1354
1.1403
1.1484
1.1603
1.1753
1.1923
1.2098
1.2259
1.2383
1.2436
1.2368
1.2139
1.1752
1.1261
1.0727
1.0197
0.9696
0.9234
0.8809
0.8412
0.8031
0.7656
0.7280
0.6902
0.6526
0.6156
0.5802
0.5474
0.5190
0.4977
0.4869
0.4909
0.5129
0.5536
0.6101
0.6763
0.7462
0.8145
0.8775
0.9330
0.9794
1.0162
1.0433
1.0611
1.0706
1.0727
1.0691
1.0617
1.0528
1.0456
1.0435
1.0496
1.0658
1.0918
1.1243
1.1562
1.1787
1.1852
1.1748
1.1508
1.1182
1.0819
1.0456
1.0122
0.9834
0.9604
0.9431
0.9304
0.9199
0.9079
0.8909
0.8659
0.8325
0.7931
0.7520
0.7134
0.6812
0.6584
0.6477
0.6506
0.6672
0.6955
0.7325
0.7745
0.8182
0.8616
0.9037
0.9449
0.9859
1.0273
1.0681
1.1057
1.1373
1.1616
1.1788
1.1906
1.1994
1.2079
1.2182
1.2319
1.2490
1.2678
1.2853
1.2974
1.3002
1.2908
1.2673
1.2295
1.1794
1.1207
1.0579
0.9945
0.9332
0.8753
0.8213
0.7709
0.7235
0.6784
0.6350
0.5931
0.5531
0.5157
0.4817
0.4522
0.4286
0.4134
0.4101
0.4234
0.4578
0.5142
0.5872
0.6669
0.7444
0.8135
0.8714
0.9172
0.9511
0.9740
0.9869
0.9912
0.9884
0.9799
0.9676
0.9535
0.9402
0.9308
0.9293
0.9391
0.9620
0.9969
1.0387
1.0792
1.1105
1.1285
1.1341
1.1309
1.1230
1.1142
1.1074
1.1045
1.1066
1.1136
1.1243
1.1370
1.1488
1.1564
1.1554
1.1411
1.1113
1.0689
1.0197
0.9696
0.9228
0.8817
0.8471
0.8189
0.7957
0.7758
0.7572
0.7381
0.7175
0.6951
0.6715
0.6481
0.6274
0.6128
0.6089
0.6206
0.6506
0.6973
0.7551
0.8169
0.8776
0.9340
0.9851
1.0304
1.0699
1.1038
1.1319
1.1542
1.1706
1.1815
1.1876
1.1905
1.1924
1.1962
1.2050
1.2203
1.2407
1.2609
1.2729
1.2697
1.2486
1.2115
1.1625
1.1062
1.0464
0.9862
0.9277
0.8725
0.8213
0.7746
0.7322
0.6931
0.6562
0.6199
0.5836
0.5479
0.5140
0.4840
0.4600
0.4450
0.4427
0.4576
0.4931
0.5493
0.6204
0.6973
0.7717
0.8383
0.8947
0.9404
0.9756
1.0010
1.0171
1.0247
1.0249
1.0191
1.0092
0.9973
0.9860
0.9789
0.9796
0.9912
1.0151
1.0494
1.0880
1.1223
1.1448
1.1524
1.1467
1.1316
1.1115
1.0904
1.0713
1.0565
1.0471
1.0435
1.0447
1.0485
1.0517
1.0500
1.0389
1.0152
0.9791
0.9350
0.8886
0.8446
0.8067
0.7770
0.7566
0.7455
0.7426
0.7457
0.7521
0.7594
0.7654
0.7694
0.7717
0.7744
0.7812
0.7970
0.8255
0.8667
0.9161
0.9670
1.0148
1.0572
1.0940
1.1262
1.1549
1.1810
1.2051
1.2274
1.2478
1.2665
1.2834
1.2988
1.3130
1.3261
1.3375
1.3436
1.3386
1.3175
1.2798
1.2289
1.1693
1.1050
1.0387
0.9725
0.9075
0.8448
0.7849
0.7282
0.6749
0.6252
0.5788
0.5358
0.4961
0.4598
0.4276
0.4005
0.3805
0.3702
0.3737
0.3958
0.4406
0.5073
0.5882
0.6719
0.7489
0.8138
0.8648
0.9022
0.9273
0.9415
0.9465
0.9438
0.9349
0.9215
0.9054
0.8889
0.8748
0.8664
0.8679
0.8825
0.9113
0.9520
0.9987
1.0432
1.0791
1.1041
1.1198
1.1296
1.1366
1.1439
1.1533
1.1659
1.1814
1.1992
1.2179
1.2360
1.2521
1.2641
1.2683
1.2597
1.2342
1.1933
1.1427
1.0883
1.0340
0.9822
0.9334
0.8874
0.8433
0.8003
0.7578
0.7156
0.6738
0.6329
0.5936
0.5563
0.5222
0.4928
0.4704
0.4581
0.4600
0.4793
0.5177
0.5729
0.6399
0.7122
0.7836
0.8498
0.9074
0.9549
0.9917
1.0178
1.0341
1.0416
1.0418
1.0361
1.0265
1.0154
1.0058
1.0010
1.0043
1.0180
1.0428
1.0763
1.1128
1.1436
1.1609
1.1619
1.1490
1.1270
1.1005
1.0737
1.0495
1.0300
1.0163
1.0085
1.0053
1.0043
1.0022
0.9947
0.9780
0.9499
0.9118
0.8680
0.8239
0.7838
0.7513
0.7285
0.7167
0.7158
0.7243
0.7398
0.7592
0.7799
0.7998
0.8181
0.8354
0.8540
0.8773
0.9084
0.9481
0.9930
1.0377
1.0781
1.1124
1.1410
1.1653
1.1870
1.2076
1.2279
1.2479
1.2671
1.2849
1.3006
1.3139
1.3241
1.3298
1.3283
1.3149
1.2862
1.2424
1.1873
1.1256
1.0612
0.9966
0.9331
0.8716
0.8124
0.7557
0.7019
0.6511
0.6035
0.5592
0.5184
0.4811
0.4476
0.4189
0.3962
0.3820
0.3800
0.3948
0.4308
0.4891
0.5646
0.6472
0.7269
0.7967
0.8534
0.8966
0.9268
0.9457
0.9546
0.9553
0.9493
0.9381
0.9235
0.9076
0.8928
0.8825
0.8804
0.8901
0.9136
0.9500
0.9947
1.0397
1.0773
1.1039
1.1198
1.1281
1.1325
1.1363
1.1418
1.1504
1.1626
1.1780
1.1953
1.2129
1.2292
1.2420
1.2478
1.2419
1.2198
1.1818
1.1330
1.0796
1.0263
0.9756
0.9287
0.8854
0.8448
0.8058
0.7674
0.7290
0.6905
0.6522
0.6146
0.5787
0.5454
0.5164
0.4942
0.4822
0.4845
0.5046
0.5435
0.5987
0.6645
0.7347
0.8038
0.8679
0.9245
0.9719
1.0095
1.0372
1.0554
1.0651
1.0675
1.0639
1.0562
1.0470
1.0391
1.0360
1.0409
1.0558
1.0809
1.1133
1.1465
1.1716
1.1814
1.1742
1.1530
1.1227
1.0882
1.0533
1.0211
0.9934
0.9715
0.9555
0.9441
0.9352
0.9252
0.9103
0.8873
0.8553
0.8163
0.7746
0.7347
0.7004
0.6752
0.6613
0.6606
0.6731
0.6973
0.7302
0.7682
0.8084
0.8484
0.8872
0.9253
0.9637
1.0036
1.0446
1.0845
1.1198
1.1483
1.1697
1.1851
1.1968
1.2072
1.2186
1.2325
1.2492
1.2677
1.2854
1.2991
1.3054
1.3016
1.2854
1.2555
1.2119
1.1575
1.0964
1.0328
0.9699
0.9095
0.8526
0.7993
0.7490
0.7012
0.6554
0.6115
0.5697
0.5304
0.4944
0.4623
0.4354
0.4153
0.4047
0.4077
0.4295
0.4733
0.5377
0.6150
0.6952
0.7702
0.8351
0.8879
0.9283
0.9569
0.9747
0.9832
0.9836
0.9777
0.9670
0.9533
0.9389
0.9266
0.9198
0.9224
0.9375
0.9658
1.0047
1.0477
1.0863
1.1138
1.1283
1.1319
1.1286
1.1224
1.1166
1.1137
1.1151
1.1213
1.1317
1.1449
1.1587
1.1705
1.1764
1.1720
1.1529
1.1184
1.0726
1.0219
0.9717
0.9254
0.8847
0.8501
0.8207
0.7952
0.7719
0.7488
0.7249
0.6994
0.6727
0.6456
0.6197
0.5976
0.5826
0.5794
0.5926
0.6245
0.6731
0.7325
0.7960
0.8584
0.9167
0.9695
1.0161
1.0564
1.0902
1.1172
1.1375
1.1513
1.1591
1.1620
1.1618
1.1610
1.1628
1.1703
1.1854
1.2071
1.2308
1.2488
1.2531
1.2396
1.2092
1.1656
1.1137
1.0578
1.0012
0.9463
0.8948
0.8476
0.8053
0.7674
0.7328
0.6997
0.6663
0.6316
0.5959
0.5607
0.5284
0.5015
0.4828
0.4759
0.4849
0.5133
0.5615
0.6254
0.6976
0.7701
0.8376
0.8971
0.9477
0.9890
1.0211
1.0441
1.0582
1.0642
1.0633
1.0571
1.0479
1.0382
1.0313
1.0307
1.0396
1.0596
1.0894
1.1240
1.1548
1.1734
1.1757
1.1625
1.1377
1.1062
1.0722
1.0393
1.0101
0.9862
0.9683
0.9560
0.9478
0.9406
0.9305
0.9136
0.8872
0.8518
0.8109
0.7692
0.7312
0.7003
0.6794
0.6705
0.6748
0.6914
0.7182
0.7519
0.7890
0.8268
0.8637
0.8994
0.9346
0.9712
1.0103
1.0511
1.0905
1.1249
1.1525
1.1734
1.1892
1.2019
1.2141
1.2276
1.2434
1.2613
1.2794
1.2954
1.3062
1.3092
1.3021
1.2831
1.2507
1.2050
1.1491
1.0872
1.0234
0.9605
0.9002
0.8431
0.7893
0.7384
0.6898
0.6434
0.5991
0.5573
0.5185
0.4832
0.4522
0.4266
0.4081
0.3996
0.4055
0.4307
0.4782
0.5455
0.6244
0.7046
0.7785
0.8415
0.8921
0.9300
0.9561
0.9716
0.9780
0.9768
0.9695
0.9579
0.9437
0.9292
0.9174
0.9118
0.9162
0.9334
0.9638
1.0042
1.0477
1.0858
1.1125
1.1266
1.1306
1.1286
1.1244
1.1210
1.1208
1.1248
1.1333
1.1455
1.1600
1.1745
1.1864
1.1920
1.1868
1.1664
1.1305
1.0837
1.0323
0.9816
0.9347
0.8930
0.8569
0.8254
0.7972
0.7705
0.7439
0.7164
0.6876
0.6580
0.6286
0.6008
0.5770
0.5605
0.5557
0.5672
0.5974
0.6449
0.7043
0.7689
0.8333
0.8939
0.9490
0.9976
1.0393
1.0737
1.1007
1.1202
1.1327
1.1389
1.1399
1.1377
1.1348
1.1343
1.1397
1.1531
1.1746
1.2005
1.2240
1.2364
1.2320
1.2098
1.1729
1.1264
1.0747
1.0217
0.9702
0.9219
0.8782
0.8395
0.8055
0.7751
0.7461
0.7162
0.6837
0.6486
0.6124
0.5776
0.5471
0.5237
0.5109
0.5124
0.5315
0.5696
0.6242
0.6895
0.7586
0.8257
0.8876
0.9426
0.9900
1.0294
1.0602
1.0822
1.0956
1.1011
1.1001
1.0947
1.0873
1.0809
1.0789
1.0845
1.0998
1.1244
1.1547
1.1832
1.2010
1.2023
1.1860
1.1555
1.1159
1.0719
1.0274
0.9855
0.9482
0.9164
0.8905
0.8695
0.8513
0.8329
0.8109
0.7830
0.7490
0.7112
0.6732
0.6388
0.6114
0.5943
0.5908
0.6031
0.6317
0.6743
0.7263
0.7830
0.8402
0.8957
0.9480
0.9967
1.0415
1.0814
1.1152
1.1414
1.1593
1.1697
1.1742
1.1750
1.1750
1.1774
1.1847
1.1985
1.2182
1.2405
1.2594
1.2680
1.2607
1.2359
1.1956
1.1439
1.0856
1.0251
0.9656
0.9094
0.8578
0.8111
0.7690
0.7306
0.6943
0.6585
0.6224
0.5859
0.5502
0.5167
0.4877
0.4655
0.4532
0.4552
0.4760
0.5183
0.5797
0.6529
0.7287
0.8003
0.8637
0.9174
0.9610
0.9946
1.0185
1.0333
1.0397
1.0390
1.0325
1.0223
1.0107
1.0006
0.9957
0.9997
1.0151
1.0424
1.0780
1.1147
1.1435
1.1582
1.1574
1.1438
1.1219
1.0963
1.0706
1.0478