0.0001
0.0003
0.0004
0.0006
0.0007
0.0009
0.0010
0.0011
0.0013
0.0014
0.0016
0.0017
0.0019
0.0020
0.0022
0.0023
0.0024
0.0026
0.0027
0.0029
0.0030
0.0031
0.0033
0.0034
0.0036
0.0037
0.0038
0.0040
0.0042
0.0043
0.0044
0.0045
0.0047
0.0049
0.0050
0.0051
0.0052
0.0054
0.0056
0.0057
0.0058
0.0059
0.0062
0.0064
0.0064
0.0065
0.0066
0.0069
0.0071
0.0072
0.0072
0.0074
0.0076
0.0078
0.0079
0.0079
0.0081
0.0084
0.0086
0.0085
0.0086
0.0088
0.0091
0.0093
0.0092
0.0093
0.0095
0.0099
0.0100
0.0099
0.0099
0.0103
0.0106
0.0107
0.0106
0.0106
0.0110
0.0114
0.0114
0.0116
0.0119
0.0125
0.0127
0.0125
0.0122
0.0126
0.0132
0.0134
0.0131
0.0129
0.0133
0.0140
0.0141
0.0146
0.0148
0.0157
0.0162
0.0157
0.0151
0.0154
0.0164
0.0168
0.0162
0.0155
0.0160
0.0171
0.0174
0.0184
0.0185
0.0198
0.0206
0.0197
0.0186
0.0189
0.0204
0.0211
0.0200
0.0188
0.0193
0.0210
0.0216
0.0231
0.0231
0.0250
0.0263
0.0248
0.0228
0.0231
0.0253
0.0264
0.0247
0.0227
0.0233
0.0258
0.0267
0.0291
0.0288
0.0316
0.0334
0.0313
0.0281
0.0283
0.0314
0.0331
0.0305
0.0275
0.0281
0.0316
0.0330
0.0365
0.0359
0.0398
0.0426
0.0393
0.0346
0.0347
0.0391
0.0415
0.0377
0.0332
0.0340
0.0388
0.0408
0.0459
0.0448
0.0503
0.0542
0.0495
0.0426
0.0425
0.0485
0.0520
0.0466
0.0402
0.0410
0.0475
0.0504
0.0578
0.0559
0.0634
0.0690
0.0623
0.0525
0.0521
0.0603
0.0652
0.0576
0.0485
0.0494
0.0583
0.0623
0.0726
0.0697
0.0800
0.0878
0.0784
0.0646
0.0638
0.0749
0.0817
0.0712
0.0587
0.0596
0.0715
0.0770
0.0913
0.0870
0.1010
0.1118
0.0986
0.0796
0.0781
0.0930
0.1023
0.0879
0.0710
0.0720
0.0877
0.0952
0.1148
0.1086
0.1274
0.1424
0.1241
0.0980
0.0957
0.1156
0.1283
0.1087
0.0858
0.0868
0.1076
0.1177
0.1443
0.1354
0.1607
0.1812
0.1561
0.1206
0.1172
0.1436
0.1607
0.1343
0.1037
0.1047
0.1319
0.1455
0.1814
0.1690
0.2028
0.2307
0.1964
0.1485
0.1436
0.1784
0.2014
0.1660
0.1254
0.1264
0.1618
0.1799
0.2281
0.2108
0.2559
0.2938
0.2471
0.1829
0.1759
0.2216
0.2525
0.2051
0.1516
0.1525
0.1985
0.2224
0.2868
0.2630
0.3228
0.3740
0.3109
0.2252
0.2155
0.2753
0.3164
0.2535
0.1833
0.1840
0.2434
0.2750
0.3606
0.3281
0.4073
0.4761
0.3913
0.2772
0.2640
0.3420
0.3965
0.3133
0.2216
0.2219
0.2986
0.3400
0.4534
0.4093
0.5139
0.6061
0.4923
0.3413
0.3234
0.4249
0.4969
0.3872
0.2679
0.2678
0.3662
0.4203
0.5700
0.5106
0.6485
0.7717
0.6194
0.4202
0.3962
0.5278
0.6227
0.4785
0.3239
0.3231
0.4492
0.5196
0.7166
0.6371
0.8182
0.9824
0.7794
0.5174
0.4853
0.6557
0.7804
0.5913
0.3916
0.3898
0.5509
0.6424
0.9010
0.7948
1.0323
1.2507
0.9807
0.6370
0.5945
0.8146
0.9780
0.7308
0.4735
0.4703
0.6757
0.7942
1.1328
0.9915
1.3025
1.5923
1.2340
0.7843
0.7283
1.0119
1.2256
0.9031
0.5724
0.5674
0.8288
0.9819
1.4242
1.2370
1.6433
2.0271
1.5527
0.9656
0.8922
1.2571
1.5360
1.1161
0.6921
0.6846
1.0165
1.2139
1.7905
1.5433
2.0734
2.5808
1.9537
1.1889
1.0930
1.5617
1.9250
1.3793
0.8367
0.8260
1.2468
1.5008
2.2512
1.9253
2.6161
3.2855
2.4583
1.4638
1.3389
1.9401
2.4124
1.7046
1.0116
0.9965
1.5292
1.8555
2.8303
2.4020
3.3007
4.1828
3.0931
1.8022
1.6402
2.4102
3.0233
2.1066
1.2231
1.2023
1.8756
2.2939
3.5584
2.9967
4.1646
5.3251
3.8920
2.2189
2.0093
2.9942
3.7888
2.6034
1.4787
1.4506
2.3005
2.8360
4.4738
3.7386
5.2546
6.7794
4.8971
2.7320
2.4614
3.7196
4.7482
3.2174
1.7877
1.7502
2.8216
3.5062
5.6248
4.6642
6.6298
8.6308
6.1619
3.3637
3.0153
4.6209
5.9505
3.9762
2.1614
2.1116
3.4608
4.3347
7.0718
5.8189
8.3649
10.9879
7.7533
4.1414
3.6938
5.7405
7.4573
4.9138
2.6131
2.5477
4.2447
5.3590
8.8910
7.2595
10.5541
13.9887
9.7556
5.0990
4.5250
7.1313
9.3457
6.0727
3.1593
3.0738
5.2063
6.6254
11.1783
9.0567
13.3163
17.8089
12.2751
6.2779
5.5432
8.8592
11.7122
7.5048
3.8196
3.7086
6.3856
8.1910
14.0540
11.2989
16.8014
22.6725
15.4454
7.7295
6.7906
11.0057
14.6779
9.2746
4.6179
4.4744
7.8321
10.1266
17.6695
14.0963
21.1986
28.8643
19.4343
9.5166
8.3186
13.6723
18.3946
11.4618
5.5830
5.3984
9.6063
12.5196
22.2151
17.5861
26.7467
36.7470
24.4535
11.7170
10.1905
16.9850
23.0525
14.1648
6.7499
6.5132
11.7824
15.4781
27.9301
21.9400
33.7468
46.7825
30.7689
14.4262
12.4836
21.1003
28.8899
17.5053
8.1606
7.8582
14.4514
19.1357
35.1153
27.3717
42.5789
59.5587
38.7153
17.7617
15.2927
26.2127
36.2053
21.6335
9.8662
9.4810
17.7251
23.6576
44.1489
34.1483
53.7225
75.8239
48.7141
21.8685
18.7339