300
201
170
203
142
177
226
141
156
142
150
159
168
197
168
147
156
171
161
175
245
179
142
141
134
128
159
198
148
138
143
141
145
163
208
162
140
142
137
167
184
202
166
156
117
148
163
267
242
212
188
168
152
157
175
230
157
156
136
205
176
210
211
157
150
152
147
159
174
207
160
158
150
130
179
206
210
173
167
183
159
185
209
234
181
172
163
140
180
187
242
165
183
168
172
177
200
238
199
176
152
148
194
216
272
196
185
179
182
194
218
288
204
225
201
196
181
219
288
189
205
198
176
211
255
302
209
184
170
179
190
211
280
220
174
207
187
215
232
265
211
196
215
240
215
241
265
211
187
202
162
219
259
319
219
220
256
211
197
281
335
228
209
229
197
211
251
298
251
219
223
193
191
243
314
210
214
218
181
204
253
298
229
217
176
191
241
247
297
242
197
190
196
219
259
295
247
263
222
202
214
262
290
222
182
210
208
194
222
302
253
206
203
221
225
219
297
210
214
199
187
208
250
266
217
215
256
229
214
224
269
245
222
208
200
222
269
322
215
183
211
194
231
226
289
232
212
198
195
213
262
312
221
212
243
206
194
252
273
231
211
223
212
203
284
439
507
394
396
268
204
212
288
223
215
260
219
196
252
269
225
173
204
182
214
241
276
214
209
222
225
218
216
271
200
211
210
206
207
255
308
242
209
187
175
206
216
265
251
199
203
209
217
230
319
237
233
202
240
225
277
282
241
216
211
209
214
240
288
249
217
211
217
219
256
299
224
208
205
218
224
252
295
257
240
212
222
200
250
289
234
213
244
212
205
258
290
253
300
244
227
216
238
302
253
272
224
219
209
252
291
222
221
221
210
182
214
227
212
204
175
175
186
238
284
210
221
208
188
204
219
283
224
215
179
197
215
230
247
249
232
296
373
360
278
322
266
206
221
230
236
230
284
239
195
213
218
233
246
269
238
198
219
224
238
309
296
237
196
195
214
220
234
292
231
199
199
221
202
242
281
225
214
215
191
204
210
275
224
191
180
205
224
250
316
234
194
205
197
228
233
301
244
245
257
231
243
248
333
254
211
223
242
251
243
335
271
212
215
204
219
268
297
240
273
216
234
268
296
365
349
300
218
212
228
283
330
331
269
250
206
244
271
291
249
249
248
250
253
294
350
249
270
260
243
226
274
386
288
285
267
246
312
278
339
272
275
253
243
260
292
375
289
237
217
242
281
320
366
278
235
246
221
268
279
329
272
260
254
264
293
284
357
260
255
248
258
300
269
384
279
259
240
227
240
277
345
261
275
240
232
249
288
327
252
236
227
233
212
226
341
253
251
216
208
235
203
290
230
224
202
244
247
242
288
253
209
210
190
444
216
301
241
216
218
224
218
239
319
225
220
189
205
215
247
314
247
225
216
208
210
356
342
343
271
248
226
237
249
317
265
230
192
222
206
245
314
249
190
224
231
297
268
275
223
206
200
215
218
244
310
228
219
222
196
247
254
316
205
200
209
230
187
248
284
236
206
201
208
224
225
272
230
227
215
213
223
272
263
236
233
196
223
208
235
300
211
186
217
207
229
239
298
229
237
206
175
211
246
298
226
213
197
235
203
222
278
213
222
218
220
220
258
306
242
259
220
223
250
258
359
258
301
249
333
257
287
358
278
229
223
300
228
246
298
235
210
211
194
205
241
297
216
205
197
189
208
224
279
226
202
218
194
211
219
285
343
287
192
217
180
208
287
236
193
219
221
209
229
269
200
191
206
174
205
224
256
213
208
177
209
198
203
285
207
206
157
198
202
207
258
215
191
192
205
181
236
285
238
226
200
204
177
224
269
225
221
197
178
190
236
305
226
219
232
197
224
249
307
235
240