8780.295
8278.564
7944.077
8027.698
7400.534
 7191.48
6438.883
6606.127
7442.345
8278.564
8069.509
8278.564
8027.698
7400.534
7609.589
 7191.48
7358.724
7358.724
7902.266
7609.589
7066.047
7693.211
7944.077
7818.644
 8111.32
7902.266
7525.967
7484.156
7107.858
7024.236
7358.724
7149.669
6856.992
6564.316
6940.614
6773.371
6273.312
6522.505
7358.724
7234.127
7234.127
6606.127
6564.316
6271.639
5309.988
4682.824
4264.715
5268.177
5059.122
5811.719
5603.501
6104.396
5978.963
5477.232
5686.286
 5561.69
 5935.48
6188.018
6071.875
5896.243
5728.973
5478.069
5227.165
5018.079
5728.973
5728.973
5812.608
5603.521
5352.617
5101.714
5185.348
5436.252
5561.704
5678.793
5687.156
5979.877
6357.906
6690.772
 7025.31
7108.945
7276.214
7527.118
7903.474
7778.022
7527.118
7861.657
7736.205
7401.666
7568.936
 7192.58
6983.493
7359.849
 7652.57
7568.936
7861.657
7861.657
7945.292
 7819.84
 7819.84
7694.388
7234.397
7108.945
7443.484
7903.474
8238.013
7861.657
7568.936
7569.772
7276.214
7108.945
7150.762
6899.858
6933.312
6694.117
 6565.32
6816.224
6648.954
6607.137
6481.685
6690.772
6607.137
6690.772
6523.503
6523.503
 6773.57
6983.493
7292.941
7527.118
 7627.48
7527.118
7861.657
7694.388
7860.821
7736.205
7401.666
7150.762
7359.849
7231.888
7401.666
7359.849
7234.397
7276.214
7277.051
7276.214
7108.945
 7192.58
7443.484
7778.022
8112.561
7903.474
7736.205
7778.022
7443.484
7234.397
7318.032
7483.628
7359.849
7276.214
7527.118
7694.388
7945.292
7778.022
7903.474
8027.253
7669.297
7527.118
 7652.57
7778.022
7903.474
7962.018
7945.292
7861.657
 8028.09
8112.561
8405.282
8948.907
 9115.34
9283.446
9074.359
8906.254
8614.369
8530.734
8447.099
8321.647
 8279.83
 8279.83
8447.099
7945.292
8070.744
7945.292
8112.561
8112.561
7987.109
7861.657
7987.109
7903.474
 7819.84
8114.234
8028.926
7970.382
8070.744
7945.292
7736.205
7401.666
6899.858
 7025.31
6858.041
6942.512
6858.041
6941.676
6858.041
6816.224
7024.474
 7025.31
6689.935
6439.868
6523.503
6766.043
6732.589
 6565.32
6482.522
6439.868
6774.406
6648.954
6607.137
6314.416
6439.868
6858.041
7108.109
7067.128
6983.493
6899.858
 7025.31
6899.858
6941.676
7024.474
7033.674
6732.589
6690.772
6648.954
6605.464
6899.858
6858.041
7098.909
7067.128
7042.037
6940.839
6940.839
7108.945
7778.022
7903.474
8028.926
8112.561
8028.926
7903.474
8110.052
8447.099
8572.551
8406.118
8363.465
 8279.83
8363.465
 8279.83
8321.647
8154.378
8154.378
7945.292
7945.292
8363.465
8530.734
9032.542
9576.167
9408.898
9491.696
9291.809
9325.263
9283.446
9449.879
9408.898
 9282.61
9074.359
8865.273
8865.273
9157.994
9367.081
 9534.35
9533.513
9617.148
9157.994
9325.263
9576.167
9910.706
 9534.35
9283.446
9157.994
9197.302
9199.811
9367.081
 9534.35
9699.946
9704.128
 9534.35
9617.148
9617.148
9705.127
9831.472
9831.472
10039.82
10040.65
9873.308
 9956.98
  9747.8
9746.963
9536.946
9454.111
9413.111
9413.111
9580.456
9538.619
9622.292
 9704.29
9705.127
9831.472
9873.308
9789.636
9622.292
9664.128
9664.128
9664.128
9664.128
9789.636
  9747.8
9873.308
10165.32
10166.16
10500.85
10625.52
 10793.7
10710.03
 10752.7
 10875.7
10584.52
10835.54
10541.85
10542.68
10291.67
10292.51
10375.34
10457.34
10208.83
10249.83
10082.49
10166.16
10166.16
9998.816
10040.65
9915.144
 9956.98
10207.16
10124.32
10375.34
10500.85
10459.01
10375.34
10416.34
10751.86
10835.54
10626.36
10710.03
10709.19
 10333.5
10291.67
10751.86
11002.88
 11212.9
10961.05
10919.21
11085.72
 10793.7
10541.85
10417.18
 9956.98
9705.964
9789.636
9705.964
9873.308
9763.697
9622.292
9413.111
9538.619
9664.128
9413.111
9580.456
9496.783
9623.128
9998.816
10082.49
10249.83
 10333.5
10125.16
10207.16
10417.18
 10333.5
 10333.5
10459.01
10584.52
10499.18
10500.85
10500.85
10291.67
 9956.98
9538.619
9873.308
10040.65
10166.16
10166.16
9999.653
10040.65
10124.32
10039.82
10082.49
10290.83
 10374.5
10000.49
10081.65
10165.32
10291.67
   10208
10083.32
10166.16
10082.49
9957.817
10082.49
 9956.98
9831.472
9789.636
10039.82
10123.49
10290.83
 10374.5
10375.34
10249.83
   10208
9999.653
10123.49
10166.16
 10333.5
10710.03
11210.39
 11039.7
11379.41
11002.88
10877.37
10877.37
10709.19
10626.36
10874.86
 10793.7
11128.39
11253.06
11170.23
11002.88
10919.21
 10793.7
10500.85
 10793.7
 10793.7
10876.54
10877.37
11337.57
11212.06
11295.73
11630.42
 11880.6
11881.44
11755.93
11672.26
11714.09
11881.44
12006.95
12341.63
12341.63
12843.67
 12926.5
12843.67
   12760
12550.82
   12760
12676.32
13011.01
13011.01
13221.03
13220.19
13261.19
13303.86
13303.86
13680.39
13764.06
13847.73
13847.73
13722.22
14015.08
14643.45
15060.98
15144.65
14891.96
14935.47
14809.96
15688.52
15730.35
15604.85
16232.39
16316.06
16190.55
15730.35
16023.21
15730.35
15730.35
 15897.7
15814.03
16065.04
16818.09
17487.47
17320.12
 17403.8
 17403.8
18072.34
18700.71
18575.21
18574.37
18658.88
18909.89
18407.86
17988.66
17654.81
18115.01
18575.21
18073.17
17738.49
 17989.5
17738.49
 17989.5
18156.85
18240.52
18324.19
18407.86
18324.19
17738.49
17822.16
18115.01
17612.98
17529.31
17738.49
18491.53
18491.53
18163.56
18582.08
18247.26
17619.49
17577.64
17200.98
17075.42
17284.68
17535.79
 17786.9
18038.01
18079.86
 17576.8
17535.79
17493.94
17410.23
17075.42
17200.98
17619.49
 17954.3
18246.43
18330.97
18456.52
18707.63
18707.63
19126.15
19084.29
19042.44
19000.59
19000.59
18624.76
19000.59
19419.94
18916.89
 19335.4
 20171.6
20297.99
21176.87
 20549.1
20507.25
20256.14
20423.54
20423.54
20925.76
21427.98
20925.76
20674.65
20590.95
20842.06
21761.95
22181.31
22265.01
23436.01
 24776.1
25278.32
25780.54
25947.94
25864.24
 24859.8
24441.29
 24859.8
25947.94
26701.27
25947.94
25278.32
25028.05
25445.72
26115.35
25362.02
25864.24
26366.46
 27454.6
 27454.6
27203.49
26533.86
25613.13
23520.55
25947.94
24524.99
23687.96
23687.96
25696.83
26450.16
26366.46
26784.14
 27454.6
27621.17
28040.52
 27538.3
25947.94
25948.78
25110.91
25780.54
25529.43
25278.32
25361.18
25445.72
26115.35
26616.73
25195.45
24608.69
24273.88
23436.85
23939.91
23771.66
23855.37
24106.48
25278.32
24273.88
22265.01
21176.87
23521.39
 23772.5
24106.48
 24859.8
24943.51
25277.48
24190.18
23353.15
23856.35
23020.09
24107.47
24944.57
25112.82
25278.57
25447.66
 25195.7
25196.53
25029.12
25531.37
25447.66
26117.34
26453.01
27162.87
27204.72
26786.18
26285.59
26284.76
 26703.3
26620.43
26284.76
26786.18
 26703.3
 26116.5
26117.34
26787.01
27121.85
26954.43
25029.95
24191.18
19671.71
21346.74
21261.35
18500.62
17160.43
19671.71
20759.94
20507.97
19419.75
18416.07
19169.46
18750.91
16741.05
16993.01
17745.56
18918.33
18834.62
19002.04
 18667.2
19420.58
18082.07
18332.36
19002.04
20340.55
20341.39
20592.52
 22266.7
21931.87
21764.45
21931.03
   22183
21764.45
21094.77
19671.71
19922.84
20843.64
21178.48
20843.64
19922.84
18750.91
19336.88
19922.84
19922.84
20507.13
 21345.9
21848.16
21848.16
22475.98
22810.82
   22183
21513.32
20927.35
19420.58
19336.88
20090.26
20173.97
   19588
20299.53
21011.06
20173.97
19922.84
20090.26
19922.84
20090.26
20508.81
20759.94
20508.81
20090.26
19922.84
20132.11
19922.84
20090.26
20383.24
20676.23
20592.52
21261.35
21094.77
21094.77
20927.35
21262.19
20927.35
21262.19
21763.61
21680.74
21513.32
21429.61
21638.88
21571.92
21429.61
21513.32
21555.17
21680.74
22350.41
22434.12
22768.96
22936.38
23020.09
23187.51
23061.94
23061.94
23355.88
23272.17
23026.17
22523.78
22774.14
22942.44
22272.59
22691.25
22607.51
23193.63
22691.25
23277.37
23444.83
23947.22
24197.58
24699.96
 24700.8
24365.88
24282.14
24030.95
23612.29
23695.19
24198.41
23402.13
24114.68
24030.95
24282.14
23444.83
23444.83
22858.71
22105.12
22021.39
   21519
21100.35
20974.75
20932.88
21309.67
 19928.1
20137.43
19844.37
19676.91
19509.45
18839.59
17583.62
18002.28
19258.25
 18588.4
18839.59
20011.84
19844.37
20095.57
20345.92
20514.23
20011.84
19174.52
18253.47
17333.26
17416.16
18337.21
17499.89
18086.01
17667.35
18169.74
18086.01
17918.55
17583.62
17943.67
18002.28
18337.21
18420.94
19090.79
19760.64
20514.23
20932.88
20932.88
21016.61
21016.61
21686.47
 21770.2
22356.32
22523.78
23109.07
23277.37
23277.37
22272.59
21937.66
 21770.2
21853.93
21686.47
 21938.5
21351.54
20523.44
19844.37
19258.25
 18588.4
17415.32
16913.77
16662.57
16201.21
16578.84
16662.57
16202.05
16118.32
 15826.1
14987.94
14150.63
13397.05
13062.12
12141.07
10550.17
10466.44
10047.78
11052.56
11722.41
11136.29
10718.47
10132.35
9880.321
 8205.69
9461.663
 10633.9
12558.89
11303.76
9629.126
10005.92
9712.858
9964.052
11554.95
 10885.1
10298.98
 10591.2
10550.17
10214.41
  9294.2
9796.589
9336.066
9796.589
9629.126
9712.858
10381.87
 11010.7
10926.96
11554.95
11638.68
11889.88
12810.92
13983.17
14065.22
13145.85
12225.64
12057.34
 12224.8
11680.55
12559.73
13690.11
14233.52
15155.41
15404.93
15574.06
15239.14
14987.94
14234.36
14644.64
 15406.6
15908.15
16242.24
 15657.8
15424.19
15574.06
 15489.5
15908.99
 15406.6
   15281
14318.09
14611.15
14904.21
13564.51
13313.31
13899.43
13397.05
12810.92
12810.92
12308.54
11136.29
11554.95
11052.56
10968.83
11135.46
11764.28
12141.07
12308.54
12308.54
11680.55
11220.03
11471.22
11471.22
11136.29
11553.28
11931.74
11621.94
11210.81
10508.31
9964.052
 9001.14
7284.643
8790.974
9210.469
9377.932
9922.187
9712.858
  9294.2
  9294.2
9588.098
 9587.26
10884.26
11387.49
12643.46
13271.45
13062.12
12978.39
12434.13
13229.58
12936.52
12978.39
12852.79
12560.57
12727.19
12978.39
13480.78
14318.09
14150.63
13690.11
12978.39
13489.99
14318.09
14150.63
13917.02
14820.48
15071.68
15825.26
15783.39
16578.84
 16997.5
16914.61
18337.21
18337.21
18169.74
18337.21
18672.13
18002.28
17751.08
17205.99
18426.71
18384.83
18996.27
19851.43
19934.35
 21023.2
21942.86
22949.63
22874.25
21944.54
22195.81
21994.79
22112.05
 22028.3
22572.72
22195.81
   21148
21190.72
20939.45
 20436.9
20101.03
20311.26
19851.43
 22371.7
22447.09
21944.54
22276.22
22488.13
22949.63
22530.84
22447.09
22279.57
 23167.4
23033.39
 22371.7
21609.51
21106.96
21149.68
20604.41
19932.68
19004.64
 20436.9
20854.85
20520.66
21064.24
21106.96
20771.93
 21023.2
20521.49
20353.14
19691.45
20101.87
19934.35
20018.95
20110.24
21065.08
21441.99
21777.02
22715.95
23284.66
22991.51
22363.33
21777.02
22003.17
22196.65
23033.39
23326.54
23662.41
23452.18
23829.09
23870.97
23284.66
23284.66
23033.39
22865.87
23201.74
23033.39
23368.42
23368.42
23368.42
23242.78
23284.66
22279.57
21609.51
21860.78
21900.99
21359.07
21534.96
 21107.8
21776.19
21777.02
21567.63
20478.78
19892.47
19532.32
20361.52
19850.59
20277.76
19976.23
19808.72
19683.92
19976.23
21190.72
21190.72
21190.72
20981.32
20771.93
21190.72
21106.96
21525.75
22195.81
22781.28
23283.83
23075.27
23159.03
23451.34
23452.18
23787.21
23745.33
23619.69
23569.44
 24792.3
25336.73
25294.01
 25797.4
25546.12
25378.61
25378.61
 25244.6
25085.46
24038.48
23862.59
24457.27
24122.24
25144.92
25294.85
25336.73
24415.39
23870.97
24038.48
24038.48
23284.66
23745.33
24289.76
24541.03
25713.64
26048.67
25964.91
26291.57
26308.32
26006.79
 26383.7
28058.86
28896.44
29901.53
30655.35
31074.14
 31157.9
30965.25
30780.99
30864.74
30320.32
32246.75
33586.87
33586.87
33586.87
33084.32
32456.14
32669.72
 32330.5
 32539.9
32657.16
33168.08
33377.48
 33335.6
33503.11
33419.36
 33335.6
33754.39
33754.39
33419.36
32414.26
32833.05
33503.11
 34178.2
35555.18
35848.33
35552.67
35552.67
35345.78
35932.09
37272.21
38528.58
38528.58
39363.65
37020.94
36811.55
36685.91
36853.42
37608.08
36687.58
36015.85
35680.82
36183.36
35764.57
35932.09
35680.82
35262.03
34843.24
34591.96
34591.96
35010.75
   34927
34424.45
34173.18
34843.24
 35513.3
37020.94
37439.73
38026.03
38528.58
   37691
36853.42
34843.24
34759.48
35848.33
38109.79
   37691
37230.33
37186.78
37020.94
37273.05
38278.14
39283.24
38444.82
38528.58
39616.59
38444.82
40455.01
41418.22
42875.61
41627.62
40036.22
38947.37
39784.95
39701.19
 39282.4
38109.79
38863.61
38955.74
38778.18
   46500
   50000
   47900
   47701
   46600
   47200
   46801
   46550
   48500
   49200
   49600
   48400
   47201
   48200
   47198
   44590
   42900
   42603
   40700
   40800
   40000
   43600
   43000
   43000
   43010
   44100
   43900
   44000
   43900
   43950
   43990
   43200
   42162
   42450
   43200
   44600
   44151
   44300
   43300
   42050
   42330
   41800
   42500
   42010
   42400
   42530
   41900
   43901
   46503
   46499
   48150
   49998
   50207
   50200
   49900
   50100
   49300
   49100
   50499
   50400
   50900
   51500
   51510
   51600
   53200
   54500
   53200
   54500
   55750
   57200
   55800
   55810
   53650
   53850
   50710
   49820
   48450
   50000
   49290
   49000
   49400
   52010
   51700
   50500
   48450
   48860
   47990
   46650
   46820
   45360
   46310
   46640
   46000
   47540
   45800
   45140
   49900
   49900
   49700
   50400
   51400
   53220
   51800
   50950
   51500
   52690
   52500
   53500
   53010
   54250
   56400
   55100
   55250
   55160
   54810
   56900
   56500
   57700
   56650
   55190
   53990
   54300
   52900
   52620
   53510
   52510
   51790
   52000
   53210
   53150
   52900
   52700
   52360
   52600
   53000
   53240
   51800
   51700
   52850
   53000
   53640
   51900
   49500
   50000
   50900
   50000
   47950
   45980
   45800
   48900
   49370
   50710
   50610
   51180
   50100
   51190
   52200
   51310
   50000
   50310
   50800
   51000
   51800
   51900
   51610
   52200
   52100
   51000
   50510
   48760
   48400
   48380
   47500
   47200
   47100
   47790
   44600
   45190
   45200
   44950
   44800
   47000
   47500
   47290
   46680
   46320
   45410
   44700
   45000
   44700
   45200