96.03
77.87
89.99
101.29
100.33
100.93
112.08
112.72
104.7
112.51
100.19
91.35
95.7
90.16
93.04
89.22
97.99
99.93
107.43
105.25
101.94
107.38
107.82
103.73
99.17
88.89
103.11
92.44
99.53
99.92
106.74
105.81
106.5
108
112.13
104.53
96.95
87.13
99.95
91.34
99.31
102.42
107.87
121.35
115.68
114.17
116.8
112.32
109.09
98.53
118.25
100.28
107.92
104.52
113.43
120.46
117.54
127.95
130.12
125.18
125.79
109.31
114.23
110.96
117.18
107.31
126.17
128.15
124.97
133.43
127.39
123.41
120.05
100.77
109.12
115.78
108.92
114.47
127.97
132.92
139.46
142.92
129.09
123.92
115.74
104.87
118.48
109.77
107.48
115.01
131.47
132.63
131.54
132.66
126
120.87
109.5
99.64
120.22
113.17
115.72
118.98
127.28
140.42
139.51
137.92
134.02
130.08
114.75
113.62
118.37
109.86
117.23
114.89
121.85