68.95
52.48
45.18
117.34
156.02
126.13
94.91
67.18
76.27
38.63
48.52
61.86
50.54
64.60
107.89
21.64
39.89
92.62
56.83
48.30
43.79
43.88
53.49
32.02
60.87
54.07
40.28
45.66
47.13
52.38
45.14
48.23
56.62
55.04
78.50
122.40
121.45
181.80
146.55
138.30
105.98
81.56
132.24
77.82
50.03
50.96
45.56
60.87
34.80
66.73
55.55
61.90
92.66
147.91
68.03
154.49
169.63
98.22
42.17
54.29
82.98
98.59
71.67
46.97
34.60
51.68
127.15
103.66
108.85
138.32
96.20
97.26
136.61
53.13
69.74
47.02
44.16
76.75
90.30
106.92
76.27
142.31
152.88
68.63
54.65
71.00
64.71
59.51
56.72
39.01
26.51
41.48
40.29
41.70
53.63
46.70
50.70
34.88
49.04
78.54
84.27
68.23
115.64
123.84
118.09
105.82
37.68
34.14
47.12
29.48
56.65
67.25
51.31
63.52
57.15
99.18
101.40
56.35
47.72
60.55
93.17
75.08
187.63
46.49
69.56
100.46
79.68
115.25
143.13
117.81
98.69
56.65
51.26
39.28
35.52
56.32
70.85
68.84
65.97
49.90
54.72
28.04
36.57
23.02
28.88
41.98
56.16
17.45
34.38
32.76
35.62
39.74
54.01
32.72
29.50
11.67
19.89
35.96
40.48
103.91
79.70
42.73
30.14
44.01
11.77
20.41
27.49
17.26
58.70
37.26
16.25
28.34
33.60
41.34
41.79
51.09
52.03
30.20
18.51
24.91
26.22
22.22
38.10
37.65
31.89
35.87
57.00
67.00
71.67
75.18
55.27
53.58
50.83
61.73
46.42
55.68
39.57
32.14
33.95
50.40
39.15
14.33
39.91
40.87
34.32
61.03
96.51
95.44
75.69
65.95
46.70
56.83
62.28
85.14
44.68
26.10
20.10
48.69
46.99
24.70
31.59
37.99
78.60
83.18
110.30
91.38
72.17
73.99
74.45
56.04
61.26
52.23
31.05
94.11
27.79
23.68
43.22
69.29
102.34
81.24
126.48
143.26
112.11
86.70
86.96
79.44
73.70
47.17
45.51
71.52
74.54
85.96
35.56
24.08
60.02
60.67
63.62
19.89
37.50
123.97
37.08
78.94
36.17
39.94
35.60
39.02
78.78
59.98
18.47
28.93
64.84
42.10
44.70
30.79
41.34
28.71
88.86
65.04
34.52
25.93
21.36
98.17
114.32
64.92
138.98
146.14
93.43
70.11
18.60
28.48
32.00
71.61
26.16
13.81
21.77
39.25
56.41
73.34
53.28
66.83
77.31
72.32
57.04
85.56
64.09
62.25
90.18
26.54
37.79
58.17
69.45
96.83
104.50
130.22
108.82
81.46
70.61
48.83
28.94
71.33
63.78
25.78
27.85
54.38
48.27
68.82
60.20
56.59
38.12
29.69
31.10
32.32
46.95
69.56
36.70
22.50
50.40
31.47
179.75
69.09
45.73
48.20
134.11
81.61
86.06
65.00
34.16
34.67
27.24
84.33
30.14
46.35
39.98
44.22
52.75
45.62
50.73
153.12
93.54
68.31
49.81
43.91
69.40
62.88
128.69