1.71
1.61
1.90
1.68
2.01
2.46
3.23
3.97
3.72
4.53
3.77
3.44
3.94
3.83
3.70
4.09
2.41
1.79
2.02
3.16
3.38
3.94
3.31
3.50
3.10
2.54
3.86
3.55
4.05
4.14
2.86
2.55
2.31
2.64
3.31
2.95
3.20
2.79
1.95
2.08
2.59
4.03
2.58
3.09
3.93
4.22
2.68
3.29
3.48
4.16
4.05
3.23
2.62
3.14
2.65
2.85
2.46
2.62
2.46
1.76
1.55
3.36
3.03
3.38
3.53
3.92
2.79
2.07
2.83
2.86
4.28
3.86
2.97
2.72
2.30
1.97
2.14
2.39
2.64
2.51
2.11
2.15
3.65
2.14
2.27
1.92
1.61
1.14
1.71
3.12
4.32
4.48
4.37
4.50
2.91
1.70
2.23
2.29
2.18
2.49
4.07
5.18
2.57
4.02
3.27
3.44
4.93
4.66
4.07
4.05
2.49
2.59
2.70
3.32
5.42
3.58
1.76
4.39
4.33
4.46
4.03
4.31
3.92
1.74
2.71
2.81
2.90
3.08
3.42
2.27
1.94
4.37
4.53
2.14
2.56
3.14
2.82
2.56
5.63
5.67
4.99
4.76
3.09
2.57
2.16
3.16
4.08
4.63
3.54
2.24
1.74
1.82
2.93
4.74
4.56
5.30
3.87
3.44
2.62
3.28
5.05
5.90
5.90
6.91
5.59
2.80
3.41
5.22
4.66
4.49
6.69
5.90
4.93
4.42
5.44
6.31
5.89
4.41
3.44
3.47
2.57
3.00
5.25
6.27
6.04
3.08
5.51
5.82
2.71
5.08
7.17
7.62
2.68
4.78
6.78
7.73
8.41
7.52
3.17
5.57
7.52
3.77
3.51
3.05
2.13
2.29
1.98
4.60
7.78
8.40
7.92
6.74
8.03
9.45
3.68
3.63
2.03
2.38
5.21
4.50
1.61
1.67
3.43
4.60
4.05
3.79
8.19
10.14
11.44
6.84
6.95
7.11
3.98
3.89
3.81
3.75
2.08
2.48
3.68
4.46
4.44
4.06
4.82
5.35
6.82
5.64
7.19
4.92
3.85
2.69
8.34
9.56
5.90
1.79
4.18
4.34
3.74
2.53
1.82
2.97
2.50
2.46
2.74
2.82
2.56
2.87
4.20
3.99
2.66
2.42
2.96
3.65
2.83
4.89
3.69
1.98
2.63
3.00
3.44
2.07
2.63
3.86
5.50
4.78
2.78
3.22
2.41
3.79
3.52
2.10
1.67
1.44
2.89
5.20
5.27
2.09
3.88
3.90
2.51
2.21
4.67
5.06
2.57
3.16
3.60
3.23
3.84
2.07
2.30
3.86
3.83
2.81
2.15
3.44
5.29
5.34
4.17
4.07
1.85
2.34
4.31
4.49
2.48
2.61
3.95
3.56
2.77
3.81
2.32
2.87
3.68
3.34
2.14
1.60
4.26
4.21
3.74
4.60
3.95
3.22
2.38
3.01
2.70
2.39
2.32
3.21
3.82
3.30
3.30
3.27
1.87
2.91
3.57
3.58
3.20
3.94
3.82
3.42
1.56
2.21
2.16
1.89
2.90
3.11
2.66