42.53
57.02
61.84
78.51
82.01
135.51
159.43
182.90
131.71
113.14
82.89
76.06
95.60
118.45
155.68
131.31
68.77
77.40
63.39
98.62
129.28
106.22
98.33
94.42
79.66
71.80
94.39
85.48
92.61
110.46
100.27
55.56
57.87
135.90
191.48
125.24
120.79
158.18
77.22
104.63
135.39
110.40
154.86
147.32
149.18
125.59
84.27
133.05
103.46
108.26
100.14
93.35
104.45
148.14
82.59
181.97
149.86
122.94
72.15
58.24
64.45
147.98
155.13
128.43
125.73
150.69
145.35
83.28
120.46
146.69
160.62
186.34
146.88
102.89
66.51
75.40
82.07
109.06
124.60
139.40
81.49
96.25
197.16
81.96
78.79
82.48
46.02
54.98
70.51
115.22
90.48
97.82
97.34
99.31
74.56
57.78
94.26
79.67
82.16
111.65
179.79
117.71
108.83
223.33
150.70
167.84
109.70
108.54
104.89
55.33
57.47
111.52
96.77
164.33
127.41
98.23
88.05
112.90
137.22
192.03
123.46
171.57
207.49
57.43
105.89
125.84
123.89
141.29
184.34
103.69
80.57
169.80
95.36
79.58
91.07
120.59
100.14
86.82
142.26
173.61
128.42
85.51
75.62
69.65
63.65
126.51
123.16
93.36
50.40
76.02
65.31
63.24
108.94
263.74
99.03
116.14
83.92
73.20
65.81
165.10
197.75
198.01
98.64
233.89
70.73
50.13
84.95
95.67
122.53
159.14
105.24
82.79
73.21
140.36
109.96
165.48
129.22
117.91
103.21
91.47
97.22
80.29
128.74
102.67
103.89
68.96
93.51
203.18
127.88
124.96
197.51
169.21
114.83
112.82
158.79
256.61
154.90
268.76
97.19
104.83
103.38
87.12
110.23
83.38
76.89
89.53
103.27
175.63
218.02
241.66
261.51
162.87
244.42
240.34
125.11
114.76
70.47
114.28
138.95
70.85
63.09
61.35
192.36
239.19
174.80
179.50
212.59
170.46
181.20
155.75
167.91
152.73
155.17
191.70
108.38
71.91
95.76
131.63
167.59
164.23
219.08
215.90
159.34
383.57
399.56
252.74
300.63
191.61
90.86
110.71
191.12
188.53
118.91
72.39
133.57
125.29
80.16
84.33
74.68
180.44
77.16
120.11
137.54
78.44
74.47
104.32
148.68
144.08
75.15
62.04
99.78
189.30
114.68
137.08
91.30
69.59
111.99
99.53
88.19
64.24
69.01
138.10
199.20
113.35
94.92
202.02
111.34
152.23
93.89
59.60
51.22
57.31
66.31
95.50
64.80
69.93
122.69
125.35
75.08
101.19
175.94
163.92
105.78
136.29
99.57
89.94
134.37
65.30
68.14
156.46
143.66
77.99
78.03
167.34
224.10
146.04
117.79
88.13
58.68
83.64
183.09
95.07
66.38
85.47
111.02
88.16
77.74
102.70
72.88
67.48
75.42
80.65
54.36
57.72
93.34
71.34
91.71
112.36
202.10
87.69
79.78
81.82
141.91
116.33
108.25
129.45
85.00
54.39
66.27
110.12
55.46
92.12
102.80
72.95
69.31
117.15
85.69
148.45
55.44
84.23
63.95
53.82
101.21
96.36
102.86