11.33
16.28
17.21
16.00
21.30
26.73
31.95
29.95
27.49
32.57
21.86
20.78
23.30
24.15
27.84
25.39
22.70
19.03
14.42
18.82
15.21
13.06
11.24
12.95
8.06
11.89
17.21
15.04
17.37
28.40
19.77
12.60
6.71
15.44
21.12
25.62
26.18
31.57
19.31
17.69
19.07
25.57
26.06
29.04
26.99
19.13
13.21
20.83
23.43
25.80
23.83
19.57
22.73
18.96
17.57
20.55
25.72
22.17
23.95
20.41
12.42
22.18
27.97
26.79
27.66
48.92
34.62
29.66
27.06
40.72
48.25
40.70
29.32
17.43
13.00
16.48
22.20
23.52
27.28
27.76
24.23
19.52
30.92
23.89
20.82
20.71
12.32
12.56
17.65
24.95
31.11
29.70
31.38
32.31
18.50
15.55
19.43
17.79
16.70
26.62
35.95
32.15
22.22
39.69
47.10
39.90
30.91
35.38
30.73
16.01
8.38
23.47
23.26
35.31
56.94
19.21
21.48
38.27
31.99
38.89
35.07
37.95
34.48
13.24
18.08
26.08
29.38
29.54
32.76
20.39
16.79
32.28
29.89
18.07
24.29
34.63
25.94
21.97
36.34
41.87
35.85
20.52
21.07
12.63
9.77
30.84
28.80
27.91
13.36
14.38
15.90
19.05
28.82
43.67
38.13
29.66
28.81
19.48
12.85
37.41
43.74
51.71
33.67
40.54
19.68
10.12
21.74
39.19
34.89
34.07
29.61
30.16
25.42
31.17
33.78
45.91
35.27
35.08
16.01
10.95
16.77
14.24
24.31
22.93
25.62
13.65
14.26
18.81
17.44
17.13
30.43
16.80
9.04
9.34
27.81
37.26
29.21
26.66
13.71
15.52
17.13
13.44
18.50
15.45
14.82
16.29
11.06
15.47
34.96
31.74
28.72
27.26
31.55
25.47
18.87
17.51
6.33
12.90
19.86
4.88
3.35
8.27
16.04
20.83
16.60
20.65
29.85
32.84
28.01
24.14
22.64
16.43
11.33
16.46
7.10
5.38
12.25
13.86
21.50
31.82
30.51
21.47
14.70
25.40
35.97
39.94
28.40
18.84
9.38
8.10
26.36
30.81
7.36
10.33
18.49
15.47
6.39
6.44
14.00
18.77
13.11
13.31
6.02
4.23
4.08
12.94
16.07
11.97
8.80
8.57
9.77
10.45
10.85
7.12
10.64
13.27
11.78
11.79
7.25
9.68
12.80
15.69
23.27
10.37
10.46
12.11
9.85
14.83
9.70
8.51
9.52
7.25
5.91
12.08
6.96
5.50
13.36
16.57
5.87
8.46
15.22
19.60
6.79
7.64
7.31
5.75
8.82
10.90
10.02
12.30
9.42
6.54
10.51
20.82
20.33
12.11
14.04
10.57
7.15
5.74
7.37
6.47
9.97
12.77
14.04
8.29
5.85
9.91
8.45
8.56
12.40
9.71
11.21
8.50
10.70
6.92
15.79
10.59
18.50
16.56
9.79
10.24
13.52
16.04
14.89
14.38
6.65
5.80
7.34
11.53
9.48
10.88
11.85
10.57
6.05
8.28
9.11
7.33
5.31
5.30
5.53
4.02
6.75
6.78
4.71