36.84
33.63
35.32
29.74
43.34
43.79
51.86
53.46
41.77
54.35
33.29
35.84
39.79
53.63
54.67
43.89
36.53
39.02
31.41
39.82
43.21
43.25
40.88
42.23
34.80
30.97
42.83
46.90
56.24
58.77
40.90
31.63
28.42
42.49
61.36
68.11
73.78
79.42
64.55
48.67
58.01
70.04
69.54
58.01
54.69
45.95
30.48
39.60
41.73
48.33
45.82
44.98
55.55
55.66
50.61
53.90
58.55
48.41
39.66
36.59
37.52
49.67
50.58
52.92
55.34
61.20
55.06
51.70
49.88
68.64
78.97
84.01
67.74
48.78
37.09
35.88
40.90
49.06
59.91
57.02
48.17
56.92
77.74
51.94
46.00
48.74
39.83
39.62
48.09
52.97
54.86
52.23
46.97
53.79
48.84
45.58
44.42
38.73
38.48
52.69
81.09
83.68
65.32
87.10
83.19
92.52
64.57
55.98
50.36
34.51
25.52
43.59
43.61
66.26
86.66
54.77
56.45
59.22
80.28
94.72
77.62
99.10
94.35
47.82
49.20
67.93
75.64
82.64
86.52
66.24
61.25
83.83
86.79
52.83
58.89
75.81
72.28
68.51
89.02
97.53
83.66
57.40
46.02
40.83
27.58
57.06
62.07
56.92
26.07
30.14
40.35
36.70
55.65
94.48
76.79
50.12
49.44
40.00
39.09
70.49
93.60
100.32
62.30
98.21
51.82
26.65
39.22
66.67
78.97
73.34
61.89
61.95
52.48
66.56
68.87
104.53
84.06
68.88
48.42
37.82
36.31
48.63
73.09
76.18
77.47
49.07
60.57
88.02
75.88
90.04
123.75
102.71
69.53
64.48
105.81
147.41
141.66
129.64
66.74
74.96
97.18
59.06
57.24
56.50
46.96
51.33
53.97
82.36
132.24
145.89
121.80
103.95
147.26
148.15
106.49
59.16
26.88
49.60
72.23
30.16
26.22
32.48
55.69
91.81
86.09
84.43
111.23
121.73
123.31
99.50
97.83
102.02
95.11
92.10
52.44
29.45
40.44
52.88
77.11
95.22
107.66
110.96
90.65
108.55
120.77
132.79
152.98
97.19
45.95
59.14
103.65
150.49
50.48
34.41
70.96
113.72
49.66
31.07
49.36
57.11
50.92
58.82
49.92
26.59
31.23
51.68
65.75
63.89
30.82
31.64
43.71
50.60
42.95
50.02
38.52
31.63
53.43
60.81
47.04
33.33
36.52
64.08
91.94
63.48
73.38
74.88
60.33
74.83
51.41
39.62
33.38
39.52
35.56
48.20
40.56
34.54
53.41
73.36
43.22
53.00
69.32
81.59
51.60
61.69
63.13
42.50
51.66
37.53
47.74
67.96
63.31
43.65
50.56
99.13
98.23
72.94
79.69
48.87
26.88
37.92
50.93
37.67
32.05
43.32
54.37
47.94
46.67
40.37
38.90
42.87
45.47
37.08
43.87
39.69
52.26
40.95
53.83
61.69
65.24
64.92
46.22
48.57
58.28
51.66
59.87
67.47
47.41
32.59
35.63
49.99
35.43
44.78
45.59
41.56
37.01
52.24
50.73
54.31
40.71
46.51
38.00
32.87
37.89
52.08
40.81