-2.0000
-1.8040
-1.6056
-1.4051
-1.2027
-0.9985
-0.7928
-0.5856
-0.3771
-0.1674
0.0434
0.2552
0.4679
0.6814
0.8956
1.1104
1.3258
1.5415
1.7577
1.9741
2.1906
2.4072
2.6239
2.8404
3.0567
3.2728
3.4884
3.7037
3.9184
4.1324
4.3457
4.5583
4.7699
4.9805
5.1900
5.3984
5.6055
5.8112
6.0155
6.2183
6.4194
6.6188
6.8164
7.0122
7.2059
7.3976
7.5871
7.7744
7.9593
8.1418
8.3219
8.4993
8.6740
8.8460
9.0151
9.1813
9.3444
9.5044
9.6613
9.8148
9.9650
10.1118
10.2550
10.3946
10.5305
10.6626
10.7909
10.9152
11.0355
11.1517
11.2637
11.3714
11.4747
11.5736
11.6679
11.7577
11.8427
11.9229
11.9982
12.0685
12.1337
12.1938
12.2486
12.2980
12.3419
12.3802
12.4128
12.4396
12.4605
12.4752
12.4838
12.4861
12.4819
12.4712
12.4536
12.4292
12.3978
12.3592
12.3133
12.2598
12.1988
12.1299
12.0531
11.9683
11.8752
11.7739
11.6641
11.5458
11.4189
11.2835
11.1394
10.9868
10.8256
10.6560
10.4781
10.2921
10.0983
9.8969
9.6883
9.4728
9.2509
9.0230
8.7897
8.5516
8.3091
8.0629
7.8135
7.5617
7.3080
7.0528
6.7969
6.5407
6.2847
6.0294
5.7749
5.5218
5.2703
5.0205
4.7726
4.5267
4.2829
4.0411
3.8012
3.5633
3.3272
3.0927
2.8598
2.6282
2.3978
2.1684
1.9398
1.7120
1.4847
1.2577
1.0311
0.8046
0.5781
0.3517
0.1251
-0.1017
-0.3286
-0.5557
-0.7831
-1.0106
-1.2384
-1.4663
-1.6944
-1.9226
-2.1509
-2.3791
-2.6073
-2.8353
-3.0631
-3.2906
-3.5177
-3.7444
-3.9706
-4.1961
-4.4209
-4.6450
-4.8681
-5.0903
-5.3113
-5.5313
-5.7499
-5.9672
-6.1831
-6.3975
-6.6102
-6.8212
-7.0304
-7.2377
-7.4431
-7.6463
-7.8474
-8.0462
-8.2427
-8.4367
-8.6282
-8.8171
-9.0033
-9.1867
-9.3672
-9.5448
-9.7194
-9.8908
-10.0590
-10.2239
-10.3855
-10.5436
-10.6982
-10.8492
-10.9965
-11.1400
-11.2798
-11.4156
-11.5475
-11.6753
-11.7990
-11.9185
-12.0338
-12.1448
-12.2514
-12.3536
-12.4512
-12.5444
-12.6329
-12.7167
-12.7959
-12.8702
-12.9398
-13.0044
-13.0642
-13.1190
-13.1688
-13.2135
-13.2531
-13.2876
-13.3170
-13.3411
-13.3600
-13.3737
-13.3821
-13.3851
-13.3828
-13.3751
-13.3621
-13.3437
-13.3198
-13.2905
-13.2557
-13.2155
-13.1699
-13.1187
-13.0621
-13.0000
-12.9325
-12.8595
-12.7810
-12.6970
-12.6076
-12.5128
-12.4125
-12.3069
-12.1958
-12.0794
-11.9577
-11.8306
-11.6982
-11.5606
-11.4177
-11.2697
-11.1164
-10.9581
-10.7947
-10.6262
-10.4528
-10.2744
-10.0911
-9.9030
-9.7101
-9.5125
-9.3102
-9.1032
-8.8918
-8.6758
-8.4554
-8.2307
-8.0017
-7.7684
-7.5311
-7.2897
-7.0443
-6.7950
-6.5420
-6.2851
-6.0247
-5.7607
-5.4932
-5.2224
-4.9482
-4.6709
-4.3905
-4.1072
-3.8209
-3.5319
-3.2402
-2.9459
-2.6491
-2.3500
-2.0486
-1.7451
-1.4395
-1.1321
-0.8228
-0.5119
-0.1994
0.1146
0.4298
0.7463
1.0639
1.3824
1.7017
2.0218
2.3425
2.6636
2.9850
3.3067
3.6284
3.9501
4.2716
4.5928
4.9135
5.2336
5.5531
5.8717
6.1893
6.5058
6.8210
7.1349
7.4473
7.7580
8.0669
8.3739
8.6788
8.9816
9.2820
9.5799
9.8752
10.1678
10.4575
10.7441
11.0276
11.3077
11.5844
11.8575
12.1268
12.3923
12.6536
12.9107
13.1635
13.4117
13.6551
13.8937
14.1271
14.3552
14.5778
14.7947
15.0055
15.2101
15.4080
15.5991
15.7828
15.9588
16.1266
16.2857
16.4354
16.5751
16.7038
16.8207
16.9246
17.0143
17.0881
17.1445
17.1812
17.1959
17.1859
17.1480
17.0786
16.9734
16.8279
16.6368
16.3945
16.0951
15.7322
15.2999
14.7923
14.2048
13.5342
12.7797
11.9434
11.0313
10.0537
9.0252
7.9643
6.8928
5.8339
4.8107
3.8440
2.9504
2.1419
1.4248
0.8002
0.2651
-0.1868
-0.5636
-0.8746
-1.1290
-1.3355
-1.5021
-1.6359
-1.7428
-1.8279
-1.8953
-1.9484
-1.9900
-2.0223
-2.0471
-2.0657
-2.0794
-2.0889
-2.0949
-2.0981
-2.0989
-2.0975
-2.0943
-2.0895
-2.0831
-2.0755
-2.0666
-2.0565
-2.0453
-2.0331
-2.0199
-2.0057
-1.9905
-1.9744
-1.9574
-1.9395
-1.9207
-1.9011
-1.8805
-1.8591
-1.8369
-1.8138
-1.7898
-1.7651
-1.7395
-1.7131
-1.6859
-1.6579
-1.6291
-1.5995
-1.5692
-1.5381
-1.5062
-1.4736
-1.4403
-1.4063
-1.3715
-1.3360
-1.2999
-1.2630
-1.2255
-1.1873
-1.1485
-1.1091
-1.0690
-1.0284
-0.9871
-0.9453
-0.9029
-0.8600
-0.8165
-0.7725
-0.7280
-0.6831
-0.6376
-0.5917
-0.5454
-0.4986
-0.4514
-0.4039
-0.3559
-0.3077
-0.2591
-0.2101
-0.1609
-0.1114
-0.0616
-0.0116
0.0386
0.0891
0.1397
0.1905
0.2415
0.2925
0.3437
0.3950
0.4463
0.4977
0.5491
0.6005
0.6519
0.7033
0.7546
0.8058
0.8569
0.9079
0.9588
1.0095
1.0600
1.1103
1.1604
1.2103
1.2599
1.3092
1.3582
1.4069
1.4552
1.5031
1.5507
1.5978
1.6445
1.6908
1.7366
1.7818
1.8266
1.8709
1.9145
1.9576
2.0002
2.0420
2.0833
2.1239
2.1639
2.2031
2.2416
2.2795
2.3165
2.3528
2.3883
2.4231
2.4570
2.4900
2.5222
2.5536
2.5840
2.6136
2.6422
2.6699
2.6967
2.7225
2.7473
2.7712
2.7940
2.8158
2.8366
2.8563
2.8750
2.8926
2.9092
2.9246
2.9390
2.9522
2.9643
2.9753
2.9851
2.9938
3.0013
3.0077
3.0129
3.0169
3.0197
3.0213
3.0218
3.0210
3.0190
3.0158
3.0114
3.0057
2.9989
2.9908
2.9814
2.9709
2.9591
2.9461
2.9318
2.9163
2.8996
2.8816
2.8625
2.8421
2.8204
2.7976
2.7735
2.7483
2.7218
2.6941
2.6653
2.6352
2.6040
2.5715
2.5380
2.5032
2.4673
2.4303
2.3922
2.3529
2.3125
2.2710
2.2285
2.1848
2.1401
2.0944
2.0476
1.9998
1.9510
1.9012
1.8505
1.7988
1.7461
1.6925
1.6380
1.5827
1.5264
1.4693
1.4114
1.3527
1.2931
1.2328
1.1718
1.1100
1.0475
0.9843
0.9205
0.8560
0.7909
0.7252
0.6589
0.5920
0.5247
0.4568
0.3885
0.3197
0.2505
0.1809
0.1110
0.0407
-0.0300
-0.1009
-0.1721
-0.2435
-0.3152
-0.3870
-0.4590
-0.5311
-0.6033
-0.6756
-0.7479
-0.8202
-0.8925
-0.9648
-1.0370
-1.1091
-1.1811
-1.2529
-1.3245
-1.3959
-1.4671
-1.5379
-1.6085
-1.6787
-1.7486
-1.8180
-1.8871
-1.9556
-2.0237
-2.0913
-2.1584
-2.2248
-2.2907
-2.3559
-2.4205
-2.4844
-2.5475
-2.6100
-2.6716
-2.7325
-2.7925
-2.8516
-2.9099
-2.9673
-3.0237
-3.0792
-3.1337
-3.1871
-3.2395
-3.2909
-3.3411
-3.3903
-3.4383
-3.4851
-3.5307
-3.5752
-3.6183
-3.6603
-3.7009
-3.7402
-3.7783
-3.8149
-3.8502
-3.8841
-3.9166
-3.9477
-3.9774
-4.0055
-4.0322
-4.0574
-4.0811
-4.1032
-4.1238
-4.1429
-4.1604
-4.1762
-4.1905
-4.2032
-4.2142
-4.2236
-4.2313
-4.2374
-4.2418
-4.2446
-4.2456
-4.2450
-4.2426
-4.2386
-4.2328
-4.2253
-4.2161
-4.2051
-4.1925
-4.1781
-4.1619
-4.1440
-4.1244
-4.1031
-4.0800
-4.0551
-4.0286
-4.0003
-3.9703
-3.9385
-3.9051
-3.8699
-3.8331
-3.7945
-3.7543
-3.7123
-3.6688
-3.6235
-3.5766
-3.5281
-3.4779
-3.4261
-3.3727
-3.3178
-3.2612
-3.2032
-3.1435
-3.0824
-3.0198
-2.9556
-2.8900
-2.8230
-2.7546
-2.6847
-2.6135
-2.5409
-2.4669
-2.3917
-2.3151
-2.2374
-2.1583
-2.0781
-1.9967
-1.9141
-1.8304
-1.7456
-1.6597
-1.5728
-1.4848
-1.3959
-1.3061
-1.2153
-1.1236
-1.0311
-0.9378
-0.8437
-0.7488
-0.6533
-0.5570
-0.4601
-0.3626
-0.2645
-0.1659
-0.0668
0.0328
0.1328
0.2331
0.3339
0.4349
0.5362
0.6377
0.7394
0.8413
0.9433
1.0453
1.1474
1.2494
1.3514
1.4533
1.5551
1.6567
1.7580
1.8591
1.9599
2.0604
2.1605
2.2601
2.3593
2.4579
2.5560
2.6535
2.7504
2.8466
2.9421
3.0368
3.1307
3.2237
3.3159
3.4071
3.4974
3.5867
3.6749
3.7620
3.8480
3.9328
4.0165
4.0988
4.1799
4.2597
4.3381
4.4151
4.4907
4.5648
4.6374
4.7084
4.7779
4.8457
4.9119
4.9764
5.0392
5.1003
5.1596
5.2170
5.2726
5.3264
5.3782
5.4281
5.4760
5.5220
5.5659
5.6078
5.6476
5.6853
5.7210
5.7544
5.7857
5.8148
5.8417
5.8664
5.8889
5.9090
5.9269
5.9425
5.9558
5.9667
5.9753
5.9815
5.9854
5.9869
5.9860
5.9826
5.9769
5.9688
5.9582
5.9452
5.9297
5.9119
5.8915
5.8688
5.8435
5.8159
5.7858
5.7532
5.7182
5.6808
5.6409
5.5987
5.5540
5.5069
5.4574
5.4055
5.3512
5.2946
5.2356
5.1743
5.1106
5.0447
4.9764
4.9059
4.8331
4.7581
4.6809
4.6015
4.5199
4.4362
4.3503
4.2624
4.1724
4.0803
3.9863
3.8902
3.7922
3.6923
3.5905
3.4868
3.3813
3.2740
3.1649
3.0541
2.9416
2.8275
2.7118
2.5945
2.4757
2.3553
2.2336
2.1104
1.9858
1.8600
1.7328
1.6044
1.4749
1.3441
1.2123
1.0795
0.9456
0.8108
0.6751
0.5385
0.4012
0.2630
0.1242
-0.0152
-0.1553
-0.2959
-0.4370
-0.5785
-0.7204
-0.8627
-1.0052
-1.1479
-1.2908
-1.4337
-1.5768
-1.7198
-1.8627
-2.0055
-2.1482
-2.2906
-2.4327
-2.5744
-2.7158
-2.8566
-2.9970
-3.1367
-3.2758
-3.4142
-3.5519
-3.6887
-3.8246
-3.9596
-4.0936
-4.2265
-4.3584
-4.4891
-4.6185
-4.7467
-4.8735
-4.9989
-5.1229
-5.2453
-5.3662
-5.4855
-5.6031
-5.7190
-5.8331
-5.9454
-6.0558
-6.1642
-6.2706
-6.3750
-6.4774
-6.5775
-6.6755
-6.7712
-6.8647
-6.9558
-7.0445
-7.1308
-7.2146
-7.2959
-7.3746
-7.4507
-7.5242
-7.5950
-7.6630
-7.7283
-7.7908
-7.8505
-7.9072
-7.9611
-8.0120
-8.0599
-8.1048
-8.1466
-8.1854
-8.2211
-8.2536
-8.2830
-8.3092
-8.3322
-8.3519
-8.3684
-8.3816
-8.3915
-8.3981
-8.4014
-8.4014
-8.3979
-8.3911
-8.3809
-8.3673
-8.3503
-8.3299
-8.3061
-8.2788
-8.2481
-8.2140
-8.1764
-8.1354
-8.0909
-8.0431
-7.9918
-7.9370
-7.8789
-7.8174
-7.7524
-7.6841
-7.6124
-7.5373
-7.4589
-7.3771
-7.2921
-7.2037
-7.1121
-7.0173
-6.9192
-6.8179
-6.7134
-6.6058
-6.4951
-6.3813
-6.2645
-6.1446
-6.0217
-5.8959
-5.7672
-5.6356
-5.5012
-5.3640
-5.2240
-5.0814
-4.9360
-4.7881
-4.6376
-4.4846
-4.3291
-4.1712
-4.0109
-3.8484
-3.6836
-3.5166
-3.3474
-3.1762
-3.0029
-2.8277
-2.6506
-2.4716
-2.2909
-2.1085
-1.9244
-1.7388
-1.5516
-1.3630
-1.1730
-0.9818
-0.7893
-0.5956
-0.4009
-0.2051
-0.0084
0.1891
0.3875
0.5865
0.7862
0.9865
1.1872
1.3883
1.5898
1.7914
1.9933
2.1952
2.3972
2.5990
2.8007
3.0021
3.2033
3.4040
3.6042
3.8038
4.0028
4.2011
4.3985
4.5950
4.7905
4.9850
5.1783
5.3703
5.5610
5.7504
5.9382
6.1244
6.3090
6.4919
6.6729
6.8520
7.0292
7.2042
7.3772
7.5478
7.7162
7.8822
8.0457
8.2067
8.3650
8.5206
8.6735
8.8234
8.9704
9.1145
9.2554
9.3931
9.5276
9.6588
9.7866
9.9109
10.0317
10.1488
10.2623
10.3720
10.4779
10.5799
10.6779
10.7718
10.8617
10.9474
11.0288
11.1059
11.1786
11.2469
11.3106
11.3697
11.4241
11.4738
11.5187
11.5588
11.5938
11.6239
11.6488
11.6686
11.6832
11.6924
11.6963
11.6947
11.6876
11.6749
11.6566
11.6325
11.6026
11.5669
11.5252
11.4775
11.4238
11.3640
11.2981
11.2259
11.1476
11.0630
10.9721
10.8750
10.7716
10.6619
10.5460
10.4239
10.2957
10.1615
10.0213
9.8752
9.7234
9.5661
9.4033
9.2354
9.0624
8.8845
8.7021
8.5154
8.3245
8.1299
7.9316
7.7300
7.5254
7.3180
7.1081
6.8959
6.6817
6.4656
6.2480
6.0289
5.8086
5.5872
5.3648
5.1416
4.9177
4.6930
4.4677
4.2419
4.0155
3.7885
3.5610
3.3330
3.1043
2.8751
2.6453
2.4148
2.1836
1.9518
1.7192
1.4859
1.2519
1.0171
0.7816
0.5454
0.3084
0.0707
-0.1676
-0.4066
-0.6461
-0.8862
-1.1268
-1.3678
-1.6092
-1.8508
-2.0927
-2.3347
-2.5768
-2.8188
-3.0608
-3.3025
-3.5439
-3.7850
-4.0255
-4.2655
-4.5048
-4.7434
-4.9811
-5.2179
-5.4535
-5.6881
-5.9214
-6.1533
-6.3838
-6.6127
-6.8400
-7.0656
-7.2893
-7.5111
-7.7308
-7.9484
-8.1638
-8.3769
-8.5875
-8.7956
-9.0012
-9.2040
-9.4040
-9.6012
-9.7953
-9.9864
-10.1744
-10.3591
-10.5405
-10.7184
-10.8928
-11.0637
-11.2308
-11.3943
-11.5538
-11.7095
-11.8611
-12.0087
-12.1521
-12.2913
-12.4261
-12.5566
-12.6827
-12.8042
-12.9211
-13.0334
-13.1409
-13.2437
-13.3416
-13.4346
-13.5227
-13.6057
-13.6836
-13.7565
-13.8241
-13.8865
-13.9436
-13.9954
-14.0418
-14.0828
-14.1183
-14.1484
-14.1729
-14.1919
-14.2053
-14.2130
-14.2151
-14.2115
-14.2022
-14.1872
-14.1665
-14.1400
-14.1077
-14.0696
-14.0258
-13.9761
-13.9206
-13.8594
-13.7923
-13.7193
-13.6406
-13.5561
-13.4658
-13.3697
-13.2678
-13.1602
-13.0468
-12.9277
-12.8029
-12.6725
-12.5364
-12.3947
-12.2474
-12.0946
-11.9362
-11.7724
-11.6032
-11.4286
-11.2486
-11.0633
-10.8728
-10.6772
-10.4763
-10.2705
-10.0596
-9.8437
-9.6230
-9.3974
-9.1671
-8.9321
-8.6925
-8.4484
-8.1999
-7.9469
-7.6897
-7.4282
-7.1627
-6.8931
-6.6196
-6.3422
-6.0611
-5.7763
-5.4879
-5.1961
-4.9010
-4.6025
-4.3010
-3.9964
-3.6888
-3.3784
-3.0653
-2.7497
-2.4315
-2.1110
-1.7882
-1.4633
-1.1363
-0.8075
-0.4770
-0.1448
0.1889
0.5240
0.8604
1.1979
1.5363
1.8757
2.2157
2.5564
2.8975
3.2389
3.5806
3.9222
4.2638
4.6052
4.9462
5.2867
5.6266
5.9657
6.3038
6.6409
6.9768
7.3113
7.6443
7.9757
8.3053
8.6329
8.9585
9.2818
9.6028
9.9213
10.2371
10.5500
10.8600
11.1669
11.4705
11.7707
12.0673
12.3602
12.6491
12.9340
13.2146
13.4908
13.7624
14.0292
14.2910
14.5476
14.7987
15.0441
15.2836
15.5169
15.7436
15.9633
16.1758
16.3805
16.5769
16.7645
16.9425
17.1101
17.2665
17.4105
17.5409
17.6562
17.7545
17.8338
17.8916
17.9249
17.9303
17.9036
17.8403
17.7347
17.5807
17.3712
17.0983
16.7537
16.3285
15.8139
15.2018
14.4855
13.6609
12.7277
11.6907
10.5607
9.3557
8.0999
6.8235
5.5598
4.3420
3.2006
2.1596
1.2350
0.4340
-0.2439
-0.8055
-1.2620
-1.6263
-1.9122
-2.1328
-2.2998
-2.4234
-2.5124
-2.5737
-2.6130
-2.6349
-2.6430
-2.6401
-2.6284
-2.6096
-2.5852
-2.5560
-2.5229
-2.4866
-2.4475
-2.4059
-2.3622
-2.3167
-2.2694
-2.2205
-2.1702
-2.1185
-2.0656
-2.0114
-1.9560
-1.8995
-1.8419
-1.7833
-1.7236
-1.6630
-1.6014
-1.5388
-1.4754
-1.4111
-1.3459
-1.2798
-1.2130
-1.1454
-1.0770
-1.0079
-0.9381
-0.8676
-0.7964
-0.7246
-0.6522
-0.5792
-0.5057
-0.4316
-0.3571
-0.2820
-0.2066
-0.1307
-0.0544
0.0222
0.0991
0.1764
0.2539
0.3317
0.4096
0.4878
0.5660
0.6444
0.7229
0.8015
0.8800
0.9586
1.0371
1.1155
1.1939
1.2721
1.3501
1.4279
1.5055
1.5829
1.6599
1.7366
1.8130
1.8889
1.9645
2.0396
2.1142
2.1882
2.2617
2.3347
2.4070
2.4787
2.5496
2.6199
2.6895
2.7582
2.8262
2.8933
2.9596
3.0249
3.0893
3.1528
3.2153
3.2768
3.3372
3.3966
3.4548
3.5119
3.5679
3.6227
3.6763
3.7286
3.7797
3.8294
3.8779
3.9250
3.9707
4.0151
4.0580
4.0995
4.1396
4.1781
4.2152
4.2507
4.2847
4.3171
4.3479
4.3771
4.4047
4.4306
4.4549
4.4775
4.4984
4.5176
4.5351
4.5508
4.5648
4.5770
4.5874
4.5961
4.6029
4.6080
4.6112
4.6125
4.6121
4.6098
4.6056
4.5996
4.5917
4.5819
4.5703
4.5568
4.5414
4.5241
4.5050
4.4839
4.4610
4.4362
4.4096
4.3810
4.3506
4.3183
4.2841
4.2481
4.2103
4.1705
4.1290
4.0856
4.0405
3.9935
3.9447
3.8941
3.8418
3.7877
3.7318
3.6743
3.6150
3.5540
3.4914
3.4270
3.3611
3.2935
3.2243
3.1536
3.0813
3.0074
2.9320
2.8551
2.7768
2.6970
2.6158
2.5332
2.4493
2.3640
2.2774
2.1895
2.1004
2.0101
1.9185
1.8259
1.7320
1.6371
1.5412
1.4442
1.3462
1.2472
1.1473
1.0466
0.9450
0.8425
0.7393
0.6354
0.5308
0.4255
0.3195
0.2130
0.1060
-0.0016
-0.1096
-0.2181
-0.3269
-0.4361
-0.5455
-0.6553
-0.7652
-0.8753
-0.9855
-1.0958
-1.2062
-1.3165
-1.4268
-1.5370
-1.6471
-1.7570
-1.8667
-1.9761
-2.0851
-2.1939
-2.3022
-2.4100
-2.5174
-2.6242
-2.7305
-2.8361
-2.9410
-3.0452
-3.1487
-3.2513
-3.3531
-3.4540
-3.5540
-3.6529
-3.7508
-3.8477
-3.9434
-4.0380
-4.1314
-4.2235
-4.3144
-4.4039
-4.4920
-4.5788
-4.6640
-4.7478
-4.8301
-4.9108
-4.9898
-5.0672
-5.1430
-5.2170
-5.2892
-5.3596
-5.4282
-5.4949
-5.5597
-5.6226
-5.6835
-5.7424
-5.7993
-5.8540
-5.9067
-5.9573
-6.0056
-6.0518
-6.0958
-6.1375
-6.1770
-6.2141
-6.2489
-6.2814
-6.3115
-6.3392
-6.3645
-6.3874
-6.4078
-6.4257
-6.4411
-6.4541
-6.4645
-6.4723
-6.4776
-6.4804
-6.4805
-6.4781
-6.4730
-6.4654
-6.4551
-6.4422
-6.4267
-6.4085
-6.3876
-6.3642
-6.3381
-6.3093
-6.2779
-6.2438
-6.2071
-6.1677
-6.1257
-6.0810
-6.0338
-5.9839
-5.9314
-5.8763
-5.8185
-5.7583
-5.6954
-5.6300
-5.5620
-5.4916
-5.4186
-5.3431
-5.2652
-5.1848
-5.1020
-5.0168
-4.9292
-4.8392
-4.7469
-4.6523
-4.5555
-4.4563
-4.3550
-4.2515
-4.1458
-4.0380
-3.9281
-3.8162
-3.7022
-3.5863
-3.4684
-3.3486
-3.2270
-3.1035
-2.9782
-2.8512
-2.7225
-2.5922
-2.4602
-2.3267
-2.1916
-2.0551
-1.9172
-1.7779
-1.6373
-1.4954
-1.3523
-1.2080
-1.0626
-0.9162
-0.7687
-0.6203
-0.4710
-0.3208
-0.1699
-0.0182
0.1341
0.2871
0.4406
0.5946
0.7490
0.9038
1.0589
1.2143
1.3699
1.5255
1.6813
1.8371
1.9928
2.1484
2.3038
2.4590
2.6138
2.7683
2.9223
3.0759
3.2289
3.3812
3.5329
3.6838
3.8339
3.9831
4.1313
4.2785
4.4247
4.5697
4.7135
4.8561
4.9973
5.1371
5.2755
5.4123
5.5476
5.6812
5.8131
5.9433
6.0716
6.1980
6.3225
6.4450
6.5654
6.6837
6.7998
6.9137
7.0253
7.1345
7.2413
7.3457
7.4475
7.5468
7.6435
7.7374
7.8287
7.9172
8.0028
8.0856
8.1655
8.2424
8.3163
8.3871
8.4549
8.5195
8.5809
8.6391
8.6940
8.7456
8.7939
8.8388
8.8802
8.9183
8.9528
8.9839
9.0114
9.0353
9.0557
9.0724
9.0855
9.0949
9.1006
9.1026
9.1009
9.0954
9.0862
9.0732
9.0564
9.0359
9.0115
8.9833
8.9514
8.9156
8.8760
8.8326
8.7854
8.7344
8.6796
8.6211
8.5587
8.4927
8.4229
8.3494
8.2722
8.1913
8.1068
8.0187
7.9270
7.8318
7.7330
7.6307
7.5250
7.4159
7.3034
7.1876
7.0685
6.9462
6.8207
6.6920
6.5602
6.4253
6.2875
6.1466
6.0029
5.8563
5.7069
5.5547
5.3998
5.2422
5.0821
4.9194
4.7542
4.5865
4.4164
4.2440
4.0693
3.8924
3.7133
3.5321
3.3488
3.1635
2.9762
2.7871
2.5961
2.4034
2.2089
2.0128
1.8151
1.6160
1.4153
1.2133
1.0100
0.8054
0.5997
0.3928
0.1850
-0.0238
-0.2335
-0.4440
-0.6551
-0.8670
-1.0794
-1.2922
-1.5055
-1.7191
-1.9329
-2.1468
-2.3609
-2.5749
-2.7888
-3.0025
-3.2160
-3.4291
-3.6418
-3.8539
-4.0654
-4.2762
-4.4862
-4.6953
-4.9035
-5.1106
-5.3166
-5.5213
-5.7248
-5.9268
-6.1273
-6.3263
-6.5236
-6.7192
-6.9129
-7.1047
-7.2945
-7.4823
-7.6678
-7.8511
-8.0321
-8.2106
-8.3866
-8.5601
-8.7309
-8.8989
-9.0642
-9.2265
-9.3858
-9.5421
-9.6952
-9.8452
-9.9918
-10.1351
-10.2750
-10.4114
-10.5442
-10.6734
-10.7989
-10.9206
-11.0385
-11.1524
-11.2624
-11.3684
-11.4703
-11.5681
-11.6617
-11.7510
-11.8360
-11.9166
-11.9928
-12.0646
-12.1318
-12.1945
-12.2526
-12.3061
-12.3548
-12.3988
-12.4381
-12.4725
-12.5022
-12.5269
-12.5467
-12.5617
-12.5716
-12.5766
-12.5765
-12.5714
-12.5613
-12.5461
-12.5258
-12.5004
-12.4699
-12.4343
-12.3935
-12.3476
-12.2966
-12.2404
-12.1791
-12.1127
-12.0411
-11.9643
-11.8825
-11.7955
-11.7034
-11.6063
-11.5040
-11.3968
-11.2845
-11.1671
-11.0449
-10.9176
-10.7854
-10.6483
-10.5064
-10.3596
-10.2081
-10.0518
-9.8908
-9.7251
-9.5548
-9.3799
-9.2006
-9.0167
-8.8284
-8.6358
-8.4389
-8.2377
-8.0324
-7.8229
-7.6094
-7.3919
-7.1705
-6.9453
-6.7163
-6.4836
-6.2472
-6.0074
-5.7641
-5.5174
-5.2674
-5.0142
-4.7580
-4.4986
-4.2364
-3.9713
-3.7034
-3.4329
-3.1598
-2.8843
-2.6064
-2.3263
-2.0440
-1.7596
-1.4733
-1.1852
-0.8953
-0.6038
-0.3107
-0.0163
0.2794
0.5764
0.8743
1.1733
1.4730
1.7735
2.0746
2.3761
2.6781
2.9802
3.2825
3.5848
3.8870
4.1889
4.4905
4.7916
5.0920
5.3917
5.6906
5.9884
6.2852
6.5807
6.8748
7.1674
7.4584
7.7477
8.0351
8.3205
8.6037
8.8847
9.1633
9.4394
9.7128
9.9835
10.2512
10.5159
10.7774
11.0356
11.2904
11.5416
11.7891
12.0328
12.2725
12.5080
12.7392
12.9660
13.1882
13.4057
13.6182
13.8257
14.0278
14.2245
14.4155
14.6005
14.7794
14.9518
15.1175
15.2761
15.4273
15.5707
15.7057
15.8319
15.9488
16.0555
16.1514
16.2356
16.3071
16.3646
16.4070
16.4326
16.4397
16.4264
16.3904
16.3291
16.2398
16.1191
15.9638
15.7700
15.5337
15.2508
14.9173
14.5291
14.0829
13.5759
13.0066
12.3750
11.6830
10.9348
10.1373
9.2999
8.4346
7.5553
6.6770
5.8151
4.9842
4.1971
3.4641
2.7924
2.1858
1.6453
1.1694
0.7543
0.3953
0.0865
-0.1780
-0.4040
-0.5973
-0.7628
-0.9050
-1.0279
-1.1347
-1.2284
-1.3112
-1.3851
-1.4518
-1.5125
-1.5683
-1.6200
-1.6684
-1.7140
-1.7573
-1.7985
-1.8381
-1.8761
-1.9128
-1.9484
-1.9828
-2.0162
-2.0487
-2.0802
-2.1109
-2.1407
-2.1697
-2.1978
-2.2252
-2.2517
-2.2773
-2.3022
-2.3262
-2.3493
-2.3716
-2.3930
-2.4136
-2.4333
-2.4520
-2.4699
-2.4869
-2.5029
-2.5180
-2.5321
-2.5453
-2.5576
-2.5688
-2.5791
-2.5884
-2.5967
-2.6040
-2.6102
-2.6155
-2.6197
-2.6229
-2.6251
-2.6262
-2.6263
-2.6253
-2.6233
-2.6202
-2.6161
-2.6108
-2.6045
-2.5972
-2.5888
-2.5792
-2.5687
-2.5570
-2.5443
-2.5305
-2.5156
-2.4996
-2.4826
-2.4645
-2.4454
-2.4251
-2.4039
-2.3815
-2.3581
-2.3337
-2.3082
-2.2817
-2.2541
-2.2256
-2.1960
-2.1654
-2.1338
-2.1012
-2.0676
-2.0331
-1.9976
-1.9611
-1.9237
-1.8853
-1.8461
-1.8059
-1.7648
-1.7228
-1.6800
-1.6363
-1.5917
-1.5463
-1.5001
-1.4531
-1.4053
-1.3567
-1.3074
-1.2574
-1.2066
-1.1551
-1.1029
-1.0500
-0.9965
-0.9424
-0.8876
-0.8323
-0.7764
-0.7199
-0.6629
-0.6053
-0.5473
-0.4888
-0.4299
-0.3705
-0.3107
-0.2505
-0.1900
-0.1291
-0.0679
-0.0064
0.0554
0.1174
0.1796
0.2421
0.3047
0.3675
0.4304
0.4934
0.5565
0.6196
0.6828
0.7459
0.8091
0.8722
0.9352
0.9981
1.0609
1.1236
1.1861
1.2483
1.3104
1.3722
1.4337
1.4949
1.5558
1.6163
1.6765
1.7362
1.7955
1.8543
1.9127
1.9706
2.0279
2.0846
2.1408
2.1963
2.2512
2.3055
2.3591
2.4119
2.4640
2.5154
2.5660
2.6158
2.6647
2.7128
2.7600
2.8063
2.8517
2.8962
2.9397
2.9822
3.0237
3.0641
3.1035
3.1419
3.1791
3.2153
3.2503
3.2842
3.3169
3.3484
3.3787
3.4078
3.4357
3.4623
3.4876
3.5116
3.5344
3.5558
3.5759
3.5947
3.6121
3.6281
3.6428
3.6560
3.6679
3.6783
3.6874
3.6949
3.7011
3.7058
3.7090
3.7107
3.7110
3.7098
3.7071
3.7030
3.6973
3.6901
3.6814
3.6712
3.6595
3.6463
3.6315
3.6153
3.5975
3.5783
3.5575
3.5352
3.5114
3.4861
3.4592
3.4309
3.4011
3.3699
3.3371
3.3029
3.2671
3.2300
3.1914
3.1513
3.1098
3.0669
3.0226
2.9769
2.9298
2.8814
2.8316
2.7804
2.7279
2.6741
2.6190
2.5626
2.5050
2.4461
2.3859
2.3246
2.2621
2.1984
2.1335
2.0675
2.0005
1.9323
1.8630
1.7928
1.7215
1.6492
1.5759
1.5017
1.4266
1.3506
1.2737
1.1960
1.1175
1.0381
0.9581
0.8773
0.7958
0.7136
0.6308
0.5474
0.4634
0.3789
0.2938
0.2083
0.1223
0.0359
-0.0509
-0.1381
-0.2255
-0.3133
-0.4013
-0.4895
-0.5780
-0.6665
-0.7552
-0.8440
-0.9328
-1.0216
-1.1104
-1.1992
-1.2878
-1.3763
-1.4647
-1.5528
-1.6407
-1.7284
-1.8157
-1.9027
-1.9893
-2.0754
-2.1611
-2.2464
-2.3311
-2.4152
-2.4987
-2.5816
-2.6638
-2.7453
-2.8261
-2.9061
-2.9853
-3.0636
-3.1410
-3.2175
-3.2931
-3.3677
-3.4412
-3.5137
-3.5851
-3.6554
-3.7245
-3.7925
-3.8592
-3.9247
-3.9888
-4.0517
-4.1132
-4.1734
-4.2321
-4.2894
-4.3452
-4.3995
-4.4523
-4.5036
-4.5533
-4.6013
-4.6478
-4.6926
-4.7357
-4.7771
-4.8167
-4.8546
-4.8908
-4.9251
-4.9576
-4.9883
-5.0171
-5.0440
-5.0690
-5.0921
-5.1133
-5.1325
-5.1497
-5.1650
-5.1783
-5.1895
-5.1987
-5.2059
-5.2110
-5.2141
-5.2150
-5.2139
-5.2108
-5.2055
-5.1981
-5.1886
-5.1769
-5.1632
-5.1473
-5.1293
-5.1092
-5.0869
-5.0625
-5.0359
-5.0073
-4.9765
-4.9435
-4.9085
-4.8713
-4.8320
-4.7906
-4.7472
-4.7016
-4.6539
-4.6042
-4.5524
-4.4986
-4.4427
-4.3848
-4.3249
-4.2630
-4.1991
-4.1332
-4.0655
-3.9957
-3.9241
-3.8506
-3.7753
-3.6981
-3.6191
-3.5382
-3.4557
-3.3713
-3.2853
-3.1975
-3.1081
-3.0171
-2.9244
-2.8302
-2.7344
-2.6372
-2.5384
-2.4382
-2.3366
-2.2335
-2.1292
-2.0235
-1.9166
-1.8084
-1.6990
-1.5885
-1.4769
-1.3641
-1.2504
-1.1356
-1.0199
-0.9033
-0.7857
-0.6674
-0.5483
-0.4284
-0.3079
-0.1866
-0.0648
0.0575
0.1804
0.3038
0.4275
0.5517
0.6761
0.8009
0.9258
1.0510
1.1762
1.3016
1.4269
1.5522
1.6775
1.8026
1.9276
2.0523
2.1768
2.3009
2.4246
2.5480
2.6708
2.7931
2.9148
3.0359
3.1562
3.2759
3.3947
3.5127
3.6298
3.7460
3.8611
3.9753
4.0883
4.2001
4.3108
4.4202
4.5284
4.6351
4.7405
4.8445
4.9469
5.0478
5.1471
5.2448
5.3408
5.4351
5.5275
5.6182
5.7070
5.7939
5.8789
5.9618
6.0427
6.1216
6.1983
6.2728
6.3452
6.4153
6.4831
6.5487
6.6118
6.6726
6.7310
6.7869
6.8403
6.8912
6.9395
6.9852
7.0284
7.0688
7.1066
7.1418
7.1741
7.2038
7.2306
7.2547
7.2759
7.2943
7.3098
7.3225
7.3323
7.3391
7.3430
7.3440
7.3420
7.3371
7.3292
7.3183
7.3044
7.2875
7.2676
7.2447
7.2188
7.1899
7.1580
7.1230
7.0851
7.0441
7.0002
6.9533
6.9033
6.8504
6.7946
6.7358
6.6740
6.6093
6.5418
6.4713
6.3979
6.3217
6.2427
6.1608
6.0762
5.9888
5.8986
5.8057
5.7101
5.6119
5.5111
5.4076
5.3015
5.1930
5.0819
4.9683
4.8523
4.7339
4.6132
4.4901
4.3647
4.2371
4.1073
3.9753
3.8412
3.7050
3.5668
3.4266
3.2844
3.1404
2.9945
2.8468
2.6974
2.5462
2.3935
2.2391
2.0832
1.9258
1.7670
1.6068
1.4452
1.2824
1.1185
0.9533
0.7871
0.6199
0.4517
0.2826
0.1126
-0.0581
-0.2295
-0.4016
-0.5742
-0.7474
-0.9210
-1.0950
-1.2693
-1.4439
-1.6186
-1.7934
-1.9683
-2.1432
-2.3179
-2.4925
-2.6669
-2.8409
-3.0146
-3.1878
-3.3605
-3.5326
-3.7040
-3.8747
-4.0446
-4.2136
-4.3817
-4.5488
-4.7147
-4.8795
-5.0431
-5.2054
-5.3663
-5.5257
-5.6836
-5.8400
-5.9947
-6.1477
-6.2989
-6.4482
-6.5956
-6.7410
-6.8843
-7.0256
-7.1646
-7.3014
-7.4358
-7.5679
-7.6975
-7.8246
-7.9491
-8.0710
-8.1902
-8.3066
-8.4203
-8.5310
-8.6389
-8.7437
-8.8455
-8.9442
-9.0398
-9.1322