0.0100
0.0199
0.0298
0.0395
0.0490
0.0582
0.0672
0.0759
0.0841
0.0920
0.0993
0.1062
0.1125
0.1182
0.1233
0.1278
0.1316
0.1346
0.1369
0.1384
0.1391
0.1390
0.1381
0.1363
0.1337
0.1301
0.1257
0.1204
0.1142
0.1071
0.0991
0.0902
0.0804
0.0698
0.0583
0.0459
0.0328
0.0188
0.0041
-0.0114
-0.0276
-0.0444
-0.0620
-0.0801
-0.0988
-0.1181
-0.1378
-0.1580
-0.1786
-0.1995
-0.2207
-0.2422
-0.2639
-0.2857
-0.3076
-0.3295
-0.3514
-0.3732
-0.3949
-0.4164
-0.4376
-0.4584
-0.4789
-0.4990
-0.5186
-0.5376
-0.5560
-0.5737
-0.5908
-0.6070
-0.6224
-0.6370
-0.6506
-0.6632
-0.6748
-0.6854
-0.6948
-0.7031
-0.7102
-0.7161
-0.7208
-0.7242
-0.7262
-0.7270
-0.7263
-0.7244
-0.7210
-0.7162
-0.7100
-0.7025
-0.6935
-0.6830
-0.6712
-0.6580
-0.6434
-0.6274
-0.6100
-0.5913
-0.5713
-0.5500
-0.5275
-0.5037
-0.4787
-0.4525
-0.4253
-0.3969
-0.3676
-0.3373
-0.3060
-0.2739
-0.2410
-0.2073
-0.1729
-0.1379
-0.1024
-0.0663
-0.0298
0.0070
0.0442
0.0816
0.1191
0.1567
0.1943
0.2318
0.2692
0.3064
0.3433
0.3798
0.4159
0.4514
0.4864
0.5208
0.5544
0.5873
0.6193
0.6504
0.6805
0.7095
0.7375
0.7643
0.7899
0.8142
0.8372
0.8588
0.8791
0.8979
0.9151
0.9309
0.9451
0.9578
0.9688
0.9782
0.9859
0.9920
0.9963
0.9990
1.0000
0.9993
0.9969
0.9928
0.9870
0.9795
0.9704
0.9596
0.9473
0.9333
0.9178
0.9007
0.8822
0.8622
0.8407
0.8179
0.7938
0.7684
0.7418
0.7141
0.6852
0.6552
0.6243
0.5924
0.5597
0.5262
0.4920
0.4571
0.4216
0.3856
0.3491
0.3123
0.2751
0.2378
0.2003
0.1627
0.1251
0.0875
0.0501
0.0129
-0.0240
-0.0605
-0.0967
-0.1323
-0.1674
-0.2019
-0.2357
-0.2687
-0.3010
-0.3323
-0.3628
-0.3923
-0.4208
-0.4483
-0.4746
-0.4998
-0.5237
-0.5465
-0.5680
-0.5882
-0.6071
-0.6247
-0.6409
-0.6558
-0.6692
-0.6813
-0.6919
-0.7011
-0.7089
-0.7153
-0.7203
-0.7239
-0.7261
-0.7269
-0.7264
-0.7246
-0.7214
-0.7170
-0.7113
-0.7043
-0.6962
-0.6869
-0.6766
-0.6651
-0.6526
-0.6392
-0.6248
-0.6095
-0.5934
-0.5765
-0.5589
-0.5406
-0.5216
-0.5022
-0.4822
-0.4617
-0.4409
-0.4198
-0.3983
-0.3767
-0.3549
-0.3330
-0.3111
-0.2892
-0.2674
-0.2457
-0.2241
-0.2029
-0.1819
-0.1613
-0.1410
-0.1212
-0.1019
-0.0831
-0.0648
-0.0472
-0.0302
-0.0139
0.0017
0.0165
0.0306
0.0439
0.0564
0.0680
0.0788
0.0887
0.0977
0.1059
0.1131
0.1195
0.1249
0.1295
0.1332
0.1360
0.1379
0.1390
0.1392
0.1386
0.1372
0.1350
0.1321
0.1284
0.1241
0.1191
0.1135
0.1072
0.1005
0.0932
0.0854
0.0772
0.0686
0.0597
0.0505
0.0410
0.0313
0.0215
0.0116
0.0016
-0.0084
-0.0184
-0.0282
-0.0379
-0.0475
-0.0568
-0.0658
-0.0745
-0.0828
-0.0907
-0.0982
-0.1051
-0.1115
-0.1174
-0.1226
-0.1271
-0.1310
-0.1342
-0.1366
-0.1382
-0.1391
-0.1391
-0.1383
-0.1367
-0.1342
-0.1308
-0.1265
-0.1213
-0.1152
-0.1083
-0.1004
-0.0917
-0.0820
-0.0715
-0.0602
-0.0480
-0.0349
-0.0211
-0.0065
0.0089
0.0249
0.0417
0.0591
0.0772
0.0958
0.1150
0.1346
0.1548
0.1753
0.1962
0.2173
0.2388
0.2604
0.2822
0.3041
0.3260
0.3479
0.3698
0.3915
0.4130
0.4342
0.4551
0.4757
0.4958
0.5155
0.5346
0.5531
0.5710
0.5881
0.6045
0.6200
0.6347
0.6485
0.6613
0.6730
0.6838
0.6934
0.7019
0.7092
0.7153
0.7201
0.7237
0.7260
0.7269
0.7265
0.7248
0.7216
0.7171
0.7111
0.7038
0.6950
0.6848
0.6732
0.6602
0.6458
0.6300
0.6129
0.5944
0.5746
0.5535
0.5311
0.5075
0.4827
0.4568
0.4297
0.4015
0.3723
0.3422
0.3110
0.2791
0.2463
0.2127
0.1784
0.1435
0.1081
0.0721
0.0357
-0.0011
-0.0383
-0.0756
-0.1131
-0.1507
-0.1883
-0.2258
-0.2632
-0.3005
-0.3374
-0.3740
-0.4101
-0.4458
-0.4809
-0.5154
-0.5491
-0.5821
-0.6142
-0.6455
-0.6757
-0.7050
-0.7331
-0.7601
-0.7859
-0.8104
-0.8336
-0.8555
-0.8759
-0.8950
-0.9125
-0.9285
-0.9430
-0.9559
-0.9671
-0.9768
-0.9848
-0.9911
-0.9957
-0.9987
-1.0000
-0.9995
-0.9974
-0.9935
-0.9880
-0.9808
-0.9719
-0.9615
-0.9493
-0.9356
-0.9203
-0.9035
-0.8852
-0.8654
-0.8442
-0.8217
-0.7978
-0.7726
-0.7461
-0.7186
-0.6898
-0.6601
-0.6293
-0.5976
-0.5650
-0.5316
-0.4975
-0.4627
-0.4273
-0.3913
-0.3549
-0.3181
-0.2811
-0.2437
-0.2062
-0.1686
-0.1310
-0.0935
-0.0561
-0.0188
0.0181
0.0547
0.0909
0.1267
0.1618
0.1964
0.2303
0.2635
0.2959
0.3274
0.3580
0.3877
0.4164
0.4440
0.4705
0.4958
0.5200
0.5430
0.5647
0.5851
0.6042
0.6220
0.6384
0.6535
0.6672
0.6794
0.6903
0.6997
0.7078
0.7144
0.7196
0.7234
0.7259
0.7269
0.7266
0.7250
0.7220
0.7178
0.7122
0.7055
0.6976
0.6885
0.6783
0.6670
0.6547
0.6414
0.6271
0.6120
0.5960
0.5792
0.5617
0.5435
0.5247
0.5053
0.4854
0.4650
0.4443
0.4231
0.4018
0.3802
0.3584
0.3365
0.3146
0.2927
0.2708
0.2491
0.2276
0.2062
0.1852
0.1645
0.1442
0.1243
0.1049
0.0860
0.0677
0.0500
0.0329
0.0165
0.0007
-0.0142
-0.0284
-0.0418
-0.0544
-0.0662
-0.0771
-0.0872
-0.0963
-0.1046
-0.1120
-0.1185
-0.1241
-0.1288
-0.1326
-0.1356
-0.1376
-0.1388
-0.1392
-0.1387
-0.1375
-0.1354
-0.1326
-0.1291
-0.1248
-0.1199
-0.1144
-0.1083
-0.1016
-0.0944
-0.0867
-0.0785
-0.0700
-0.0611
-0.0520
-0.0425
-0.0329
-0.0231
-0.0132
-0.0032
0.0068
0.0168
0.0267
0.0364
0.0460
0.0553
0.0644
0.0731
0.0815
0.0895
0.0970
0.1041
0.1105
0.1165
0.1218
0.1264
0.1304
0.1337
0.1362
0.1380
0.1390
0.1392
0.1385
0.1370
0.1346
0.1314
0.1272
0.1222
0.1163
0.1094
0.1017
0.0931
0.0836
0.0733
0.0620
0.0500
0.0371
0.0234
0.0089
-0.0064
-0.0223
-0.0390
-0.0563
-0.0743
-0.0928
-0.1119
-0.1315
-0.1515
-0.1720
-0.1928
-0.2140
-0.2354
-0.2570
-0.2787
-0.3006
-0.3225
-0.3445
-0.3663
-0.3880
-0.4096
-0.4308
-0.4518
-0.4725
-0.4927
-0.5124
-0.5316
-0.5502
-0.5682
-0.5854
-0.6019
-0.6176
-0.6324
-0.6463
-0.6593
-0.6712
-0.6821
-0.6919
-0.7006
-0.7081
-0.7144
-0.7194
-0.7232
-0.7257
-0.7269
-0.7267
-0.7251
-0.7222
-0.7179
-0.7122
-0.7050
-0.6965
-0.6865
-0.6751
-0.6624
-0.6482
-0.6326
-0.6157
-0.5974
-0.5778
-0.5569
-0.5348
-0.5114
-0.4868
-0.4610
-0.4341
-0.4061
-0.3770
-0.3470
-0.3161
-0.2842
-0.2515
-0.2181
-0.1839
-0.1491
-0.1138
-0.0778
-0.0415
-0.0047
0.0323
0.0696
0.1071
0.1447
0.1823
0.2199
0.2573
0.2946
0.3315
0.3682
0.4044
0.4402
0.4754
0.5099
0.5438
0.5769
0.6092
0.6406
0.6710
0.7004
0.7287
0.7559
0.7819
0.8066
0.8300
0.8521
0.8728
0.8920
0.9098
0.9261
0.9408
0.9539
0.9654
0.9754
0.9836
0.9902
0.9951
0.9983
0.9999
0.9997
0.9978
0.9943
0.9890
0.9821
0.9735
0.9632
0.9514
0.9379
0.9229
0.9063
0.8882
0.8687
0.8477
0.8253
0.8016
0.7767
0.7504
0.7230
0.6945
0.6649
0.6343
0.6027
0.5702
0.5370
0.5029
0.4682
0.4329
0.3971
0.3608
0.3240
0.2870
0.2497
0.2122
0.1746
0.1370
0.0995
0.0620
0.0248
-0.0122
-0.0489
-0.0852
-0.1210
-0.1563
-0.1910
-0.2250
-0.2583
-0.2908
-0.3224
-0.3532
-0.3830
-0.4119
-0.4396
-0.4663
-0.4919
-0.5162
-0.5394
-0.5613
-0.5819
-0.6013
-0.6193
-0.6359
-0.6512
-0.6651
-0.6776
-0.6887
-0.6983
-0.7066
-0.7134
-0.7189
-0.7229
-0.7256
-0.7268
-0.7267
-0.7253
-0.7226
-0.7185
-0.7132
-0.7067
-0.6989
-0.6900
-0.6800
-0.6689
-0.6567
-0.6436
-0.6295
-0.6145
-0.5986
-0.5820
-0.5646
-0.5465
-0.5277
-0.5084
-0.4886
-0.4683
-0.4476
-0.4265
-0.4052
-0.3836
-0.3619
-0.3400
-0.3181
-0.2962
-0.2743
-0.2526
-0.2310
-0.2096
-0.1885
-0.1678
-0.1474
-0.1274
-0.1080
-0.0890
-0.0706
-0.0527
-0.0355
-0.0190
-0.0032
0.0119
0.0262
0.0398
0.0525
0.0644
0.0754
0.0856
0.0949
0.1034
0.1109
0.1175
0.1233
0.1281
0.1321
0.1352
0.1374
0.1387
0.1392
0.1389
0.1377
0.1358
0.1331
0.1297
0.1255
0.1207
0.1153
0.1093
0.1027
0.0955
0.0879
0.0799
0.0714
0.0626
0.0534
0.0440
0.0344
0.0247
0.0148
0.0048
-0.0052
-0.0152
-0.0251
-0.0349
-0.0445
-0.0539
-0.0630
-0.0718
-0.0802
-0.0883
-0.0959
-0.1030
-0.1096
-0.1156
-0.1210
-0.1257
-0.1298
-0.1332
-0.1359
-0.1378
-0.1389
-0.1392
-0.1387
-0.1373
-0.1351
-0.1319
-0.1279
-0.1231
-0.1173
-0.1106
-0.1030
-0.0945
-0.0852
-0.0750
-0.0639
-0.0519
-0.0392
-0.0256
-0.0112
0.0039
0.0197
0.0363
0.0535
0.0714
0.0898
0.1088
0.1283
0.1483
0.1687
0.1895
0.2106
0.2319
0.2535
0.2753
0.2971
0.3191
0.3410
0.3628
0.3846
0.4061
0.4275
0.4485
0.4692
0.4895
0.5093
0.5286
0.5473
0.5653
0.5827
0.5993
0.6152
0.6301
0.6442
0.6573
0.6694
0.6805
0.6904
0.6993
0.7070
0.7135
0.7187
0.7227
0.7254
0.7268
0.7268
0.7255
0.7228
0.7187
0.7132
0.7063
0.6979
0.6882
0.6770
0.6645
0.6505
0.6352
0.6185
0.6004
0.5811
0.5604
0.5384
0.5152
0.4908
0.4652
0.4384
0.4106
0.3817
0.3519
0.3211
0.2893
0.2568
0.2235
0.1894
0.1547
0.1194
0.0836
0.0473
0.0106
-0.0264
-0.0637
-0.1011
-0.1387
-0.1763
-0.2139
-0.2513
-0.2886
-0.3257
-0.3624
-0.3987
-0.4345
-0.4698
-0.5045
-0.5385
-0.5717
-0.6041
-0.6356
-0.6662
-0.6958
-0.7243
-0.7516
-0.7778
-0.8027
-0.8264
-0.8487
-0.8696
-0.8891
-0.9071
-0.9236
-0.9385
-0.9519
-0.9637
-0.9739
-0.9824
-0.9893
-0.9944
-0.9979
-0.9997
-0.9998
-0.9982
-0.9949
-0.9899
-0.9833
-0.9750
-0.9650
-0.9534
-0.9402
-0.9254
-0.9090
-0.8912
-0.8719
-0.8511
-0.8290
-0.8055
-0.7807
-0.7547
-0.7275
-0.6991
-0.6697
-0.6392
-0.6078
-0.5755
-0.5423
-0.5084
-0.4738
-0.4386
-0.4028
-0.3666
-0.3299
-0.2929
-0.2556
-0.2182
-0.1806
-0.1430
-0.1054
-0.0680
-0.0307
0.0064
0.0431
0.0794
0.1153
0.1507
0.1855
0.2196
0.2530
0.2856
0.3175
0.3484
0.3784
0.4073
0.4353
0.4621
0.4879
0.5124
0.5358
0.5579
0.5787
0.5983
0.6165
0.6334
0.6488
0.6630
0.6757
0.6870
0.6969
0.7054
0.7124
0.7181
0.7224
0.7252
0.7267
0.7268
0.7256
0.7231
0.7192
0.7141
0.7078
0.7002
0.6915
0.6817
0.6707
0.6587
0.6457
0.6318
0.6169
0.6012
0.5847
0.5674
0.5494
0.5308
0.5115
0.4918
0.4716
0.4509
0.4299
0.4086
0.3871
0.3653
0.3435
0.3216
0.2996
0.2778
0.2560
0.2344
0.2130
0.1919
0.1711
0.1506
0.1306
0.1110
0.0920
0.0735
0.0555
0.0382
0.0216
0.0057
-0.0095
-0.0240
-0.0377
-0.0505
-0.0626
-0.0737
-0.0841
-0.0935
-0.1021
-0.1098
-0.1166
-0.1224
-0.1274
-0.1315
-0.1347
-0.1371
-0.1385
-0.1392
-0.1390
-0.1380
-0.1361
-0.1336
-0.1303
-0.1263
-0.1216
-0.1162
-0.1103
-0.1038
-0.0967
-0.0892
-0.0812
-0.0728
-0.0640
-0.0549
-0.0456
-0.0360
-0.0262
-0.0163
-0.0064
0.0036
0.0136
0.0235
0.0333
0.0430
0.0524
0.0615
0.0704
0.0789
0.0870
0.0947
0.1019
0.1085
0.1146
0.1202
0.1250
0.1292
0.1327
0.1355
0.1375
0.1388
0.1392
0.1388
0.1376
0.1355
0.1325
0.1286
0.1239
0.1183
0.1117
0.1043
0.0960
0.0867
0.0767
0.0657
0.0539
0.0413
0.0278
0.0136
-0.0014
-0.0172
-0.0336
-0.0507
-0.0685
-0.0868
-0.1058
-0.1252
-0.1451
-0.1654
-0.1861
-0.2072
-0.2285
-0.2501
-0.2718
-0.2936
-0.3156
-0.3375
-0.3594
-0.3811
-0.4027
-0.4241
-0.4452
-0.4659
-0.4863
-0.5062
-0.5255
-0.5443
-0.5625
-0.5800
-0.5967
-0.6127
-0.6278
-0.6420
-0.6553
-0.6675
-0.6788
-0.6889
-0.6980
-0.7058
-0.7125
-0.7180
-0.7222
-0.7251
-0.7266
-0.7269
-0.7258
-0.7233
-0.7194
-0.7141
-0.7075
-0.6994
-0.6898
-0.6789
-0.6666
-0.6529
-0.6377
-0.6212
-0.6034
-0.5842
-0.5637
-0.5420
-0.5190
-0.4947
-0.4693
-0.4428
-0.4151
-0.3864
-0.3567
-0.3260
-0.2945
-0.2620
-0.2288
-0.1949
-0.1603
-0.1251
-0.0893
-0.0531
-0.0165
0.0205
0.0577
0.0952
0.1327
0.1703
0.2079
0.2454
0.2827
0.3198
0.3566
0.3929
0.4288
0.4642
0.4990
0.5331
0.5665
0.5990
0.6307
0.6614
0.6911
0.7198
0.7473
0.7737
0.7988
0.8227
0.8452
0.8663
0.8861
0.9043
0.9210
0.9363
0.9499
0.9620
0.9724
0.9812
0.9883
0.9937
0.9975
0.9996
0.9999
0.9986
0.9956
0.9909
0.9845
0.9764
0.9667
0.9553
0.9424
0.9278
0.9117
0.8941
0.8751
0.8545
0.8326
0.8093
0.7848
0.7589
0.7319
0.7037
0.6744
0.6441
0.6128
0.5807
0.5476
0.5139
0.4794
0.4442
0.4086
0.3724
0.3358
0.2988
0.2616
0.2242
0.1866
0.1490
0.1114
0.0739
0.0366
-0.0005
-0.0373
-0.0737
-0.1097
-0.1451
-0.1800
-0.2142
-0.2477
-0.2805
-0.3124
-0.3435
-0.3736
-0.4028
-0.4309
-0.4579
-0.4839
-0.5086
-0.5322
-0.5545
-0.5755
-0.5953
-0.6137
-0.6308
-0.6465
-0.6608
-0.6737
-0.6853
-0.6954
-0.7041
-0.7114
-0.7173
-0.7218
-0.7249
-0.7266
-0.7269
-0.7259
-0.7236
-0.7199
-0.7150
-0.7089
-0.7015
-0.6930
-0.6833
-0.6725
-0.6607
-0.6479
-0.6341
-0.6193
-0.6038
-0.5873
-0.5702
-0.5523
-0.5338
-0.5146
-0.4950
-0.4748
-0.4542
-0.4333
-0.4120
-0.3905
-0.3688
-0.3470
-0.3251
-0.3031
-0.2813
-0.2595
-0.2378
-0.2164
-0.1952
-0.1744
-0.1539
-0.1338
-0.1141
-0.0950
-0.0764
-0.0583
-0.0409
-0.0242
-0.0082
0.0072
0.0217
0.0355
0.0485
0.0607
0.0720
0.0825
0.0921
0.1008
0.1086
0.1155
0.1216
0.1267
0.1309
0.1343
0.1368
0.1384
0.1391
0.1391
0.1382
0.1365
0.1340
0.1308
0.1269
0.1223
0.1171
0.1113
0.1048
0.0979
0.0904
0.0825
0.0741
0.0654
0.0564
0.0471
0.0375
0.0278
0.0179
0.0080
-0.0020
-0.0120
-0.0219
-0.0318
-0.0414
-0.0509
-0.0601
-0.0690
-0.0776
-0.0857
-0.0935
-0.1008
-0.1075
-0.1137
-0.1193
-0.1243
-0.1286
-0.1322
-0.1351
-0.1373
-0.1386
-0.1392
-0.1389
-0.1378
-0.1359
-0.1330
-0.1293
-0.1247
-0.1192
-0.1128
-0.1055
-0.0973
-0.0883
-0.0783
-0.0675
-0.0558
-0.0433
-0.0300
-0.0159
-0.0010
0.0146
0.0309
0.0480
0.0656
0.0839
0.1027
0.1221
0.1419
0.1622
0.1828
0.2038
0.2251
0.2466
0.2683
0.2902
0.3121
0.3340
0.3559
0.3777
0.3993
0.4207
0.4418
0.4627
0.4831
0.5030
0.5225
0.5414
0.5597
0.5773
0.5941
0.6102
0.6254
0.6398
0.6532
0.6657
0.6771
0.6874
0.6966
0.7047
0.7115
0.7172
0.7216
0.7247
0.7265
0.7269
0.7260
0.7238
0.7201
0.7151
0.7086
0.7007
0.6915
0.6808
0.6686
0.6551
0.6402
0.6240
0.6063
0.5874
0.5671
0.5455
0.5227
0.4987
0.4734
0.4471
0.4196
0.3910
0.3615
0.3310
0.2995
0.2673
0.2342
0.2003
0.1658
0.1307
0.0951
0.0589
0.0223
-0.0146
-0.0518
-0.0892
-0.1267
-0.1643
-0.2019
-0.2394
-0.2768
-0.3139
-0.3507
-0.3872
-0.4232
-0.4586
-0.4935
-0.5277
-0.5612
-0.5939
-0.6257
-0.6566
-0.6865
-0.7153
-0.7430
-0.7696
-0.7949
-0.8190
-0.8417
-0.8631
-0.8830
-0.9015
-0.9185
-0.9339
-0.9478
-0.9601
-0.9708
-0.9799
-0.9873
-0.9930
-0.9970
-0.9993
-1.0000
-0.9989
-0.9962
-0.9917
-0.9856
-0.9778
-0.9683
-0.9572
-0.9445
-0.9303
-0.9144
-0.8970
-0.8782
-0.8579
-0.8362
-0.8131
-0.7888
-0.7631
-0.7363
-0.7083
-0.6792
-0.6490
-0.6179
-0.5858
-0.5530
-0.5193
-0.4849
-0.4499
-0.4143
-0.3782
-0.3416
-0.3047
-0.2675
-0.2301
-0.1926
-0.1550
-0.1174
-0.0799
-0.0425
-0.0054
0.0314
0.0679
0.1040
0.1395
0.1745
0.2088
0.2425
0.2753
0.3074
0.3386
0.3689
0.3982
0.4265
0.4537
0.4798
0.5047
0.5285
0.5510
0.5722
0.5922
0.6108
0.6281
0.6441
0.6586
0.6718
0.6835
0.6939
0.7028
0.7103
0.7165
0.7212
0.7245
0.7264
0.7269
0.7262
0.7240
0.7206
0.7159
0.7099
0.7028
0.6944
0.6849
0.6743
0.6627
0.6500
0.6363
0.6217
0.6063
0.5900
0.5730
0.5552
0.5368
0.5177
0.4981
0.4780
0.4575
0.4366
0.4154
0.3939
0.3723
0.3505
0.3286
0.3066
0.2847
0.2629
0.2413
0.2198
0.1986
0.1777
0.1571
0.1369
0.1172
0.0980
0.0793
0.0612
0.0437
0.0268
0.0107
-0.0048
-0.0195
-0.0334
-0.0465
-0.0588
-0.0703
-0.0809
-0.0906
-0.0995
-0.1074
-0.1145
-0.1207
-0.1259
-0.1303
-0.1338
-0.1364
-0.1382
-0.1391
-0.1391
-0.1384
-0.1368
-0.1345
-0.1314
-0.1276
-0.1231
-0.1180
-0.1122
-0.1059
-0.0990
-0.0916
-0.0838
-0.0755
-0.0668
-0.0578
-0.0486
-0.0391
-0.0293
-0.0195
-0.0095
0.0004
0.0104
0.0204
0.0302
0.0399
0.0494
0.0587
0.0676
0.0762
0.0845
0.0923
0.0996
0.1065
0.1128
0.1185
0.1235
0.1280
0.1317
0.1347
0.1370
0.1385
0.1392
0.1390
0.1381
0.1362
0.1335
0.1300
0.1255
0.1201
0.1139
0.1067
0.0987
0.0898
0.0800
0.0693
0.0578
0.0454
0.0322
0.0182
0.0034
-0.0121
-0.0283
-0.0452
-0.0628
-0.0809
-0.0997
-0.1189
-0.1387
-0.1589
-0.1795
-0.2004
-0.2217
-0.2432
-0.2649
-0.2867
-0.3086
-0.3305
-0.3524
-0.3742
-0.3959
-0.4173
-0.4385
-0.4594
-0.4798
-0.4999
-0.5194
-0.5384
-0.5568
-0.5745
-0.5915
-0.6077
-0.6231
-0.6376
-0.6511
-0.6637
-0.6753
-0.6858
-0.6952
-0.7035
-0.7105
-0.7164
-0.7210
-0.7243
-0.7263
-0.7270
-0.7263
-0.7242
-0.7208
-0.7160
-0.7097
-0.7021
-0.6930
-0.6825
-0.6707
-0.6574
-0.6427
-0.6267
-0.6092
-0.5905
-0.5704
-0.5490
-0.5264
-0.5026
-0.4775
-0.4513
-0.4240
-0.3957
-0.3663
-0.3359
-0.3046
-0.2725
-0.2395
-0.2058
-0.1714
-0.1364
-0.1008
-0.0647
-0.0282
0.0087
0.0458
0.0832
0.1207
0.1583
0.1959
0.2335
0.2708
0.3080
0.3449
0.3814
0.4175
0.4530
0.4880
0.5223
0.5559
0.5887
0.6207
0.6517
0.6818
0.7108
0.7387
0.7654
0.7910
0.8152
0.8382
0.8598
0.8799
0.8987
0.9159
0.9316
0.9457
0.9583
0.9692
0.9785
0.9862
0.9922
0.9965
0.9991
1.0000
0.9992
0.9967
0.9925
0.9867
0.9791
0.9699
0.9591
0.9467
0.9326
0.9170
0.8999
0.8813
0.8612
0.8397
0.8169
0.7927
0.7673
0.7406
0.7128
0.6839
0.6539
0.6229
0.5910
0.5583
0.5247
0.4904
0.4555
0.4200
0.3839
0.3475
0.3106
0.2735
0.2361
0.1986
0.1610
0.1234
0.0859
0.0485
0.0113
-0.0256
-0.0621
-0.0983
-0.1339
-0.1689
-0.2034
-0.2371
-0.2702
-0.3024
-0.3337
-0.3641
-0.3936
-0.4221
-0.4494
-0.4757
-0.5008
-0.5248
-0.5475
-0.5689
-0.5891
-0.6080
-0.6255
-0.6416
-0.6564
-0.6698
-0.6818
-0.6923
-0.7015
-0.7092
-0.7156
-0.7205
-0.7240
-0.7262
-0.7270
-0.7264
-0.7245
-0.7212
-0.7167
-0.7110
-0.7040
-0.6958
-0.6865
-0.6761
-0.6646
-0.6521
-0.6386
-0.6241
-0.6088
-0.5927
-0.5757
-0.5581
-0.5397
-0.5208
-0.5013
-0.4813
-0.4608
-0.4400
-0.4188
-0.3974
-0.3757
-0.3539
-0.3320
-0.3101
-0.2882
-0.2664
-0.2447
-0.2232
-0.2019
-0.1810
-0.1603
-0.1401
-0.1203
-0.1010
-0.0822
-0.0640
-0.0464
-0.0295
-0.0132
0.0024
0.0172
0.0312
0.0445
0.0569
0.0685
0.0792
0.0891
0.0981
0.1062
0.1134
0.1197
0.1252
0.1297
0.1333
0.1361
0.1380
0.1390
0.1392
0.1385
0.1371
0.1349
0.1319
0.1283
0.1239
0.1188
0.1132
0.1069
0.1001
0.0928
0.0850
0.0768
0.0682
0.0593
0.0501
0.0406
0.0309
0.0211
0.0111
0.0011
-0.0088