-0.9910
-0.9821
-0.9732
-0.9645
-0.9560
-0.9478
-0.9398
-0.9321
-0.9249
-0.9180
-0.9117
-0.9058
-0.9005
-0.8958
-0.8917
-0.8882
-0.8854
-0.8834
-0.8821
-0.8816
-0.8819
-0.8830
-0.8849
-0.8877
-0.8913
-0.8959
-0.9013
-0.9076
-0.9148
-0.9229
-0.9319
-0.9418
-0.9526
-0.9642
-0.9767
-0.9901
-1.0042
-1.0192
-1.0349
-1.0514
-1.0686
-1.0864
-1.1050
-1.1241
-1.1438
-1.1641
-1.1848
-1.2060
-1.2276
-1.2495
-1.2717
-1.2942
-1.3169
-1.3397
-1.3626
-1.3855
-1.4084
-1.4312
-1.4539
-1.4764
-1.4986
-1.5204
-1.5419
-1.5630
-1.5836
-1.6036
-1.6230
-1.6417
-1.6598
-1.6770
-1.6934
-1.7090
-1.7236
-1.7372
-1.7498
-1.7614
-1.7718
-1.7811
-1.7892
-1.7961
-1.8018
-1.8062
-1.8092
-1.8110
-1.8113
-1.8104
-1.8080
-1.8042
-1.7990
-1.7925
-1.7845
-1.7750
-1.7642
-1.7520
-1.7384
-1.7234
-1.7070
-1.6893
-1.6703
-1.6500
-1.6285
-1.6057
-1.5817
-1.5565
-1.5303
-1.5029
-1.4746
-1.4453
-1.4150
-1.3839
-1.3520
-1.3193
-1.2859
-1.2519
-1.2174
-1.1823
-1.1468
-1.1110
-1.0748
-1.0384
-1.0019
-0.9653
-0.9287
-0.8922
-0.8558
-0.8196
-0.7837
-0.7482
-0.7131
-0.6786
-0.6446
-0.6112
-0.5786
-0.5467
-0.5157
-0.4856
-0.4565
-0.4285
-0.4015
-0.3757
-0.3511
-0.3278
-0.3058
-0.2852
-0.2659
-0.2481
-0.2319
-0.2171
-0.2039
-0.1922
-0.1822
-0.1738
-0.1671
-0.1620
-0.1587
-0.1570
-0.1570
-0.1587
-0.1621
-0.1672
-0.1740
-0.1825
-0.1926
-0.2044
-0.2177
-0.2327
-0.2492
-0.2673
-0.2868
-0.3078
-0.3303
-0.3541
-0.3792
-0.4056
-0.4332
-0.4619
-0.4918
-0.5228
-0.5547
-0.5876
-0.6213
-0.6558
-0.6910
-0.7269
-0.7634
-0.8004
-0.8379
-0.8757
-0.9139
-0.9522
-0.9907
-1.0293
-1.0679
-1.1065
-1.1449
-1.1831
-1.2210
-1.2585
-1.2957
-1.3323
-1.3684
-1.4039
-1.4387
-1.4727
-1.5060
-1.5383
-1.5698
-1.6003
-1.6298
-1.6583
-1.6856
-1.7118
-1.7367
-1.7605
-1.7830
-1.8042
-1.8241
-1.8427
-1.8599
-1.8758
-1.8902
-1.9033
-1.9149
-1.9251
-1.9339
-1.9413
-1.9473
-1.9519
-1.9551
-1.9569
-1.9574
-1.9566
-1.9544
-1.9510
-1.9463
-1.9403
-1.9332
-1.9249
-1.9156
-1.9051
-1.8936
-1.8812
-1.8678
-1.8535
-1.8384
-1.8225
-1.8059
-1.7886
-1.7706
-1.7522
-1.7332
-1.7137
-1.6939
-1.6738
-1.6533
-1.6327
-1.6119
-1.5910
-1.5701
-1.5492
-1.5284
-1.5077
-1.4871
-1.4669
-1.4469
-1.4273
-1.4080
-1.3892
-1.3709
-1.3531
-1.3358
-1.3192
-1.3032
-1.2879
-1.2733
-1.2595
-1.2464
-1.2341
-1.2226
-1.2120
-1.2022
-1.1933
-1.1853
-1.1781
-1.1719
-1.1665
-1.1621
-1.1585
-1.1558
-1.1540
-1.1531
-1.1530
-1.1538
-1.1554
-1.1578
-1.1610
-1.1649
-1.1696
-1.1749
-1.1809
-1.1875
-1.1948
-1.2025
-1.2108
-1.2196
-1.2288
-1.2384
-1.2483
-1.2585
-1.2690
-1.2797
-1.2905
-1.3014
-1.3124
-1.3234
-1.3344
-1.3452
-1.3559
-1.3665
-1.3768
-1.3868
-1.3965
-1.4058
-1.4147
-1.4232
-1.4311
-1.4385
-1.4454
-1.4516
-1.4571
-1.4620
-1.4662
-1.4696
-1.4722
-1.4741
-1.4751
-1.4753
-1.4747
-1.4732
-1.4708
-1.4675
-1.4633
-1.4582
-1.4523
-1.4454
-1.4377
-1.4290
-1.4195
-1.4092
-1.3980
-1.3859
-1.3731
-1.3595
-1.3451
-1.3301
-1.3143
-1.2979
-1.2808
-1.2632
-1.2450
-1.2264
-1.2072
-1.1877
-1.1678
-1.1477
-1.1272
-1.1066
-1.0858
-1.0649
-1.0440
-1.0231
-1.0022
-0.9815
-0.9610
-0.9408
-0.9209
-0.9013
-0.8822
-0.8635
-0.8454
-0.8279
-0.8110
-0.7949
-0.7795
-0.7650
-0.7513
-0.7385
-0.7267
-0.7160
-0.7062
-0.6976
-0.6901
-0.6838
-0.6787
-0.6749
-0.6723
-0.6710
-0.6711
-0.6725
-0.6752
-0.6794
-0.6849
-0.6919
-0.7002
-0.7100
-0.7212
-0.7338
-0.7478
-0.7632
-0.7800
-0.7981
-0.8176
-0.8384
-0.8605
-0.8839
-0.9085
-0.9343
-0.9612
-0.9893
-1.0185
-1.0487
-1.0798
-1.1120
-1.1449
-1.1787
-1.2133
-1.2486
-1.2845
-1.3209
-1.3579
-1.3953
-1.4331
-1.4713
-1.5096
-1.5481
-1.5867
-1.6253
-1.6638
-1.7022
-1.7405
-1.7784
-1.8160
-1.8531
-1.8898
-1.9259
-1.9614
-1.9961
-2.0301
-2.0632
-2.0955
-2.1267
-2.1570
-2.1861
-2.2141
-2.2409
-2.2664
-2.2906
-2.3135
-2.3349
-2.3550
-2.3735
-2.3905
-2.4060
-2.4199
-2.4321
-2.4428
-2.4518
-2.4591
-2.4647
-2.4687
-2.4710
-2.4715
-2.4704
-2.4675
-2.4630
-2.4568
-2.4489
-2.4395
-2.4283
-2.4156
-2.4013
-2.3855
-2.3682
-2.3494
-2.3292
-2.3077
-2.2848
-2.2606
-2.2351
-2.2086
-2.1808
-2.1521
-2.1223
-2.0916
-2.0600
-2.0276
-1.9945
-1.9607
-1.9263
-1.8913
-1.8559
-1.8201
-1.7841
-1.7477
-1.7112
-1.6746
-1.6380
-1.6015
-1.5651
-1.5288
-1.4929
-1.4573
-1.4221
-1.3873
-1.3532
-1.3196
-1.2867
-1.2545
-1.2231
-1.1926
-1.1630
-1.1343
-1.1066
-1.0800
-1.0545
-1.0302
-1.0070
-0.9850
-0.9643
-0.9449
-0.9268
-0.9100
-0.8946
-0.8805
-0.8678
-0.8566
-0.8467
-0.8383
-0.8312
-0.8256
-0.8214
-0.8186
-0.8171
-0.8171
-0.8184
-0.8210
-0.8250
-0.8302
-0.8368
-0.8445
-0.8534
-0.8635
-0.8747
-0.8870
-0.9003
-0.9146
-0.9299
-0.9460
-0.9630
-0.9808
-0.9993
-1.0185
-1.0383
-1.0587
-1.0796
-1.1010
-1.1227
-1.1449
-1.1672
-1.1898
-1.2126
-1.2355
-1.2584
-1.2813
-1.3042
-1.3269
-1.3494
-1.3718
-1.3938
-1.4155
-1.4368
-1.4577
-1.4781
-1.4980
-1.5173
-1.5360
-1.5541
-1.5715
-1.5883
-1.6042
-1.6194
-1.6338
-1.6474
-1.6602
-1.6721
-1.6832
-1.6933
-1.7026
-1.7110
-1.7185
-1.7251
-1.7308
-1.7356
-1.7396
-1.7426
-1.7448
-1.7462
-1.7467
-1.7465
-1.7454
-1.7436
-1.7411
-1.7378
-1.7339
-1.7294
-1.7243
-1.7186
-1.7124
-1.7057
-1.6985
-1.6910
-1.6831
-1.6750
-1.6665
-1.6579
-1.6491
-1.6402
-1.6312
-1.6222
-1.6132
-1.6043
-1.5956
-1.5870
-1.5787
-1.5706
-1.5629
-1.5555
-1.5485
-1.5420
-1.5359
-1.5305
-1.5255
-1.5212
-1.5176
-1.5146
-1.5123
-1.5108
-1.5100
-1.5100
-1.5108
-1.5125
-1.5150
-1.5184
-1.5226
-1.5278
-1.5338
-1.5407
-1.5486
-1.5573
-1.5669
-1.5774
-1.5887
-1.6010
-1.6140
-1.6279
-1.6426
-1.6581
-1.6744
-1.6913
-1.7090
-1.7273
-1.7463
-1.7658
-1.7859
-1.8065
-1.8275
-1.8490
-1.8708
-1.8930
-1.9154
-1.9380
-1.9607
-1.9836
-2.0065
-2.0295
-2.0523
-2.0750
-2.0976
-2.1198
-2.1418
-2.1635
-2.1847
-2.2054
-2.2256
-2.2452
-2.2642
-2.2824
-2.2999
-2.3166
-2.3324
-2.3473
-2.3613
-2.3742
-2.3861
-2.3969
-2.4066
-2.4151
-2.4224
-2.4284
-2.4332
-2.4367
-2.4389
-2.4397
-2.4391
-2.4372
-2.4339
-2.4292
-2.4230
-2.4155
-2.4065
-2.3961
-2.3844
-2.3712
-2.3566
-2.3407
-2.3234
-2.3048
-2.2849
-2.2638
-2.2414
-2.2178
-2.1930
-2.1671
-2.1401
-2.1120
-2.0830
-2.0531
-2.0222
-1.9905
-1.9581
-1.9249
-1.8911
-1.8568
-1.8218
-1.7865
-1.7507
-1.7147
-1.6784
-1.6419
-1.6053
-1.5687
-1.5321
-1.4957
-1.4594
-1.4235
-1.3878
-1.3526
-1.3178
-1.2836
-1.2501
-1.2172
-1.1851
-1.1538
-1.1234
-1.0940
-1.0656
-1.0383
-1.0121
-0.9871
-0.9634
-0.9410
-0.9199
-0.9002
-0.8820
-0.8652
-0.8499
-0.8362
-0.8241
-0.8136
-0.8046
-0.7974
-0.7918
-0.7879
-0.7857
-0.7851
-0.7863
-0.7892
-0.7937
-0.8000
-0.8079
-0.8175
-0.8288
-0.8416
-0.8561
-0.8721
-0.8897
-0.9088
-0.9293
-0.9513
-0.9747
-0.9994
-1.0253
-1.0526
-1.0810
-1.1105
-1.1411
-1.1727
-1.2053
-1.2388
-1.2730
-1.3081
-1.3438
-1.3801
-1.4169
-1.4542
-1.4920
-1.5300
-1.5683
-1.6068
-1.6454
-1.6840
-1.7225
-1.7610
-1.7992
-1.8372
-1.8749
-1.9122
-1.9490
-1.9853
-2.0210
-2.0560
-2.0903
-2.1238
-2.1564
-2.1882
-2.2190
-2.2489
-2.2776
-2.3053
-2.3319
-2.3572
-2.3814
-2.4043
-2.4259
-2.4463
-2.4653
-2.4829
-2.4992
-2.5141
-2.5276
-2.5397
-2.5503
-2.5596
-2.5674
-2.5739
-2.5789
-2.5826
-2.5848
-2.5857
-2.5853
-2.5836
-2.5805
-2.5762
-2.5707
-2.5639
-2.5560
-2.5470
-2.5369
-2.5257
-2.5136
-2.5005
-2.4865
-2.4716
-2.4560
-2.4396
-2.4225
-2.4047
-2.3864
-2.3676
-2.3483
-2.3286
-2.3085
-2.2882
-2.2676
-2.2469
-2.2260
-2.2051
-2.1842
-2.1633
-2.1426
-2.1220
-2.1016
-2.0815
-2.0618
-2.0424
-2.0234
-2.0050
-1.9870
-1.9696
-1.9527
-1.9365
-1.9210
-1.9062
-1.8921
-1.8788
-1.8662
-1.8545
-1.8436
-1.8336
-1.8244
-1.8161
-1.8086
-1.8021
-1.7965
-1.7917
-1.7879
-1.7849
-1.7828
-1.7816
-1.7813
-1.7818
-1.7831
-1.7853
-1.7882
-1.7919
-1.7963
-1.8015
-1.8073
-1.8137
-1.8207
-1.8283
-1.8365
-1.8451
-1.8541
-1.8636
-1.8734
-1.8836
-1.8940
-1.9046
-1.9153
-1.9262
-1.9372
-1.9482
-1.9592
-1.9701
-1.9809
-1.9915
-2.0019
-2.0120
-2.0218
-2.0312
-2.0403
-2.0489
-2.0570
-2.0646
-2.0716
-2.0780
-2.0837
-2.0888
-2.0932
-2.0969
-2.0998
-2.1019
-2.1032
-2.1037
-2.1033
-2.1021
-2.0999
-2.0969
-2.0931
-2.0883
-2.0826
-2.0760
-2.0685
-2.0602
-2.0510
-2.0409
-2.0299
-2.0182
-2.0056
-1.9922
-1.9781
-1.9633
-1.9477
-1.9315
-1.9146
-1.8972
-1.8792
-1.8607
-1.8417
-1.8223
-1.8025
-1.7824
-1.7621
-1.7415
-1.7207
-1.6999
-1.6789
-1.6580
-1.6372
-1.6164
-1.5959
-1.5755
-1.5555
-1.5358
-1.5165
-1.4977
-1.4794
-1.4617
-1.4447
-1.4283
-1.4127
-1.3978
-1.3839
-1.3708
-1.3587
-1.3476
-1.3375
-1.3286
-1.3207
-1.3140
-1.3085
-1.3043
-1.3013
-1.2996
-1.2992
-1.3002
-1.3025
-1.3062
-1.3113
-1.3178
-1.3257
-1.3351
-1.3458
-1.3580
-1.3715
-1.3865
-1.4028
-1.4205
-1.4396
-1.4599
-1.4816
-1.5046
-1.5288
-1.5542
-1.5808
-1.6086
-1.6374
-1.6673
-1.6981
-1.7299
-1.7627
-1.7962
-1.8305
-1.8656
-1.9013
-1.9376
-1.9744
-2.0117
-2.0494
-2.0874
-2.1257
-2.1641
-2.2027
-2.2413
-2.2799
-2.3183
-2.3566
-2.3947
-2.4324
-2.4697
-2.5065
-2.5428
-2.5785
-2.6135
-2.6477
-2.6811
-2.7136
-2.7452
-2.7758
-2.8053
-2.8336
-2.8608
-2.8867
-2.9114
-2.9347
-2.9566
-2.9771
-2.9961
-3.0136
-3.0295
-3.0439
-3.0567
-3.0679
-3.0774
-3.0853
-3.0914
-3.0959
-3.0987
-3.0998
-3.0992
-3.0969
-3.0929
-3.0873
-3.0800
-3.0710
-3.0604
-3.0482
-3.0344
-3.0190
-3.0022
-2.9839
-2.9641
-2.9430
-2.9205
-2.8967
-2.8717
-2.8455
-2.8181
-2.7897
-2.7602
-2.7298
-2.6985
-2.6663
-2.6334
-2.5998
-2.5656
-2.5308
-2.4956
-2.4599
-2.4239
-2.3876
-2.3512
-2.3146
-2.2780
-2.2414
-2.2050
-2.1687
-2.1326
-2.0969
-2.0616
-2.0267
-1.9923
-1.9585
-1.9254
-1.8930
-1.8614
-1.8305
-1.8006
-1.7716
-1.7437
-1.7167
-1.6909
-1.6661
-1.6426
-1.6202
-1.5991
-1.5793
-1.5607
-1.5435
-1.5276
-1.5132
-1.5000
-1.4883
-1.4780
-1.4691
-1.4616
-1.4556
-1.4509
-1.4476
-1.4458
-1.4453
-1.4462
-1.4484
-1.4519
-1.4568
-1.4629
-1.4702
-1.4788
-1.4885
-1.4993
-1.5113
-1.5243
-1.5383
-1.5532
-1.5691
-1.5858
-1.6033
-1.6216
-1.6406
-1.6602
-1.6805
-1.7012
-1.7224
-1.7441
-1.7661
-1.7884
-1.8109
-1.8337
-1.8565
-1.8794
-1.9024
-1.9252
-1.9480
-1.9706
-1.9930
-2.0151
-2.0369
-2.0584
-2.0794
-2.1000
-2.1200
-2.1395
-2.1585
-2.1768
-2.1944
-2.2113
-2.2275
-2.2430
-2.2577
-2.2715
-2.2846
-2.2967
-2.3081
-2.3185
-2.3281
-2.3368
-2.3446
-2.3514
-2.3574
-2.3625
-2.3667
-2.3701
-2.3725
-2.3742
-2.3750
-2.3750
-2.3741
-2.3726
-2.3703
-2.3673
-2.3636
-2.3592
-2.3543
-2.3488
-2.3427
-2.3362
-2.3292
-2.3218
-2.3140
-2.3059
-2.2976
-2.2890
-2.2802
-2.2713
-2.2624
-2.2534
-2.2444
-2.2355
-2.2267
-2.2180
-2.2096
-2.2015
-2.1936
-2.1861
-2.1790
-2.1723
-2.1661
-2.1605
-2.1554
-2.1508
-2.1470
-2.1438
-2.1413
-2.1395
-2.1385
-2.1382
-2.1388
-2.1402
-2.1424
-2.1455
-2.1495
-2.1544
-2.1601
-2.1667
-2.1743
-2.1827
-2.1920
-2.2023
-2.2133
-2.2253
-2.2381
-2.2517
-2.2662
-2.2814
-2.2974
-2.3142
-2.3316
-2.3497
-2.3685
-2.3878
-2.4078
-2.4282
-2.4491
-2.4704
-2.4921
-2.5142
-2.5365
-2.5591
-2.5818
-2.6046
-2.6276
-2.6505
-2.6734
-2.6961
-2.7187
-2.7411
-2.7632
-2.7849
-2.8063
-2.8272
-2.8475
-2.8673
-2.8865
-2.9050
-2.9227
-2.9397
-2.9558
-2.9710
-2.9853
-2.9985
-3.0108
-3.0219
-3.0320
-3.0408
-3.0485
-3.0550
-3.0602
-3.0641
-3.0666
-3.0679
-3.0678
-3.0663
-3.0634
-3.0591
-3.0535
-3.0464
-3.0378
-3.0279
-3.0166
-3.0039
-2.9897
-2.9742
-2.9574
-2.9392
-2.9197
-2.8990
-2.8770
-2.8537
-2.8293
-2.8038
-2.7771
-2.7494
-2.7207
-2.6910
-2.6605
-2.6290
-2.5968
-2.5639
-2.5303
-2.4961
-2.4613
-2.4261
-2.3905
-2.3545
-2.3183
-2.2818
-2.2453
-2.2087
-2.1721
-2.1356
-2.0993
-2.0632
-2.0274
-1.9921
-1.9572
-1.9228
-1.8890
-1.8559
-1.8235
-1.7920
-1.7613
-1.7316
-1.7029
-1.6752
-1.6487
-1.6233
-1.5992
-1.5763
-1.5548
-1.5347
-1.5159
-1.4987
-1.4830
-1.4687
-1.4561
-1.4450
-1.4356
-1.4278
-1.4217
-1.4173
-1.4145
-1.4134
-1.4141
-1.4164
-1.4204
-1.4261
-1.4335
-1.4426
-1.4533
-1.4657
-1.4796
-1.4952
-1.5123
-1.5309
-1.5509
-1.5725
-1.5954
-1.6197
-1.6452
-1.6721
-1.7001
-1.7293
-1.7596
-1.7909
-1.8232
-1.8563
-1.8904
-1.9251
-1.9606
-1.9968
-2.0334
-2.0706
-2.1082
-2.1462
-2.1844
-2.2228
-2.2614
-2.3000
-2.3386
-2.3771
-2.4154
-2.4535
-2.4913
-2.5287
-2.5657
-2.6021
-2.6380
-2.6732
-2.7077
-2.7415
-2.7744
-2.8065
-2.8376
-2.8678
-2.8969
-2.9249
-2.9519
-2.9776
-3.0022
-3.0255
-3.0475
-3.0683
-3.0877
-3.1058
-3.1225
-3.1378
-3.1517
-3.1643
-3.1754
-3.1851
-3.1934
-3.2003
-3.2058
-3.2099
-3.2126
-3.2139
-3.2139
-3.2126
-3.2099
-3.2060
-3.2009
-3.1945
-3.1870
-3.1783
-3.1685
-3.1577
-3.1459
-3.1331
-3.1193
-3.1048
-3.0893
-3.0732
-3.0563
-3.0388
-3.0206
-3.0020
-2.9828
-2.9632
-2.9433
-2.9230
-2.9025
-2.8818
-2.8610
-2.8401
-2.8191
-2.7983
-2.7775
-2.7568
-2.7364
-2.7162
-2.6964
-2.6769
-2.6578
-2.6391
-2.6210
-2.6034
-2.5863
-2.5699
-2.5542
-2.5392
-2.5248
-2.5113
-2.4985
-2.4865
-2.4753
-2.4650
-2.4555
-2.4469
-2.4392
-2.4324
-2.4265
-2.4214
-2.4173
-2.4141
-2.4117
-2.4102
-2.4096
-2.4099
-2.4109
-2.4128
-2.4155
-2.4190
-2.4232
-2.4281
-2.4337
-2.4399
-2.4467
-2.4542
-2.4621
-2.4706
-2.4795
-2.4889
-2.4986
-2.5086
-2.5189
-2.5295
-2.5402
-2.5511
-2.5620
-2.5730
-2.5840
-2.5949
-2.6058
-2.6164
-2.6269
-2.6371
-2.6470
-2.6566
-2.6657
-2.6745
-2.6828
-2.6905
-2.6977
-2.7043
-2.7103
-2.7156
-2.7202
-2.7241
-2.7273
-2.7296
-2.7312
-2.7319
-2.7318
-2.7309
-2.7290
-2.7263
-2.7227
-2.7182
-2.7128
-2.7065
-2.6993
-2.6913
-2.6823
-2.6725
-2.6618
-2.6503
-2.6380
-2.6249
-2.6110
-2.5964
-2.5811
-2.5650
-2.5484
-2.5311
-2.5133
-2.4949
-2.4761
-2.4568
-2.4372
-2.4172
-2.3969
-2.3764
-2.3557
-2.3348
-2.3139
-2.2930
-2.2721
-2.2513
-2.2307
-2.2103
-2.1902
-2.1703
-2.1509
-2.1320
-2.1135
-2.0956
-2.0783
-2.0617
-2.0459
-2.0308
-2.0166
-2.0032
-1.9908
-1.9793
-1.9689
-1.9596
-1.9514
-1.9443
-1.9385
-1.9338
-1.9304
-1.9283
-1.9275
-1.9281
-1.9300
-1.9332
-1.9379
-1.9439
-1.9514
-1.9603
-1.9705
-1.9822
-1.9954
-2.0099
-2.0258
-2.0430
-2.0617
-2.0816
-2.1029
-2.1255
-2.1493
-2.1743
-2.2006
-2.2279
-2.2564
-2.2860
-2.3165
-2.3480
-2.3805
-2.4137
-2.4478
-2.4827
-2.5182
-2.5543
-2.5909
-2.6281
-2.6657
-2.7036
-2.7418
-2.7802
-2.8187
-2.8573
-2.8959
-2.9344
-2.9728
-3.0109
-3.0487
-3.0862
-3.1232
-3.1596
-3.1955
-3.2307
-3.2652
-3.2989
-3.3317
-3.3636
-3.3945
-3.4243
-3.4530
-3.4806
-3.5069
-3.5320
-3.5557
-3.5781
-3.5990
-3.6185
-3.6365
-3.6529
-3.6678
-3.6811
-3.6928
-3.7029
-3.7113
-3.7180
-3.7230
-3.7263
-3.7280
-3.7279
-3.7262
-3.7227
-3.7176
-3.7108
-3.7023
-3.6922
-3.6805
-3.6673
-3.6524
-3.6360
-3.6182
-3.5989
-3.5782
-3.5561
-3.5328
-3.5081
-3.4823
-3.4553
-3.4272
-3.3980
-3.3679
-3.3368
-3.3050
-3.2723
-3.2389
-3.2049
-3.1703
-3.1352
-3.0996
-3.0637
-3.0275
-2.9911
-2.9546
-2.9180
-2.8814
-2.8449
-2.8085
-2.7724
-2.7366
-2.7011
-2.6660
-2.6315
-2.5975
-2.5642
-2.5315
-2.4997
-2.4686
-2.4384
-2.4091
-2.3808
-2.3535
-2.3273
-2.3022
-2.2783
-2.2555
-2.2340
-2.2138
-2.1948
-2.1772
-2.1609
-2.1459
-2.1324
-2.1202
-2.1095
-2.1001
-2.0922
-2.0857
-2.0805
-2.0768
-2.0745
-2.0736
-2.0741
-2.0758
-2.0790
-2.0834
-2.0891
-2.0961
-2.1042
-2.1136
-2.1241
-2.1357
-2.1483
-2.1620
-2.1767
-2.1923
-2.2087
-2.2260
-2.2440
-2.2628
-2.2822
-2.3023
-2.3229
-2.3440
-2.3655
-2.3874
-2.4096
-2.4321
-2.4547
-2.4775
-2.5004
-2.5234
-2.5463
-2.5691
-2.5917
-2.6142
-2.6364
-2.6583
-2.6799
-2.7011
-2.7218
-2.7420
-2.7617
-2.7808
-2.7993
-2.8172
-2.8343
-2.8508
-2.8665
-2.8814
-2.8955
-2.9088
-2.9213
-2.9329
-2.9436
-2.9535
-2.9624
-2.9705
-2.9777
-2.9839
-2.9893
-2.9938
-2.9974
-3.0002
-3.0021
-3.0031
-3.0034
-3.0028
-3.0015
-2.9994
-2.9966
-2.9931
-2.9890
-2.9842
-2.9789
-2.9730
-2.9666
-2.9598
-2.9525
-2.9448
-2.9368
-2.9286
-2.9201
-2.9113
-2.9025
-2.8935
-2.8846
-2.8756
-2.8666
-2.8578
-2.8491
-2.8406
-2.8323
-2.8244
-2.8168
-2.8095
-2.8027
-2.7964
-2.7905
-2.7852
-2.7805
-2.7765
-2.7730
-2.7703
-2.7683
-2.7670
-2.7665
-2.7668
-2.7680
-2.7699
-2.7728
-2.7765
-2.7810
-2.7865
-2.7929
-2.8001
-2.8083
-2.8173
-2.8272
-2.8380
-2.8497
-2.8622
-2.8756
-2.8898
-2.9048
-2.9206
-2.9371
-2.9543
-2.9722
-2.9908
-3.0099
-3.0297
-3.0499
-3.0707
-3.0919
-3.1135
-3.1354
-3.1577
-3.1802
-3.2029
-3.2257
-3.2486
-3.2715
-3.2944
-3.3172
-3.3399
-3.3623
-3.3845
-3.4064
-3.4278
-3.4489
-3.4694
-3.4894
-3.5088
-3.5275
-3.5455
-3.5627
-3.5791
-3.5946
-3.6091
-3.6227
-3.6353
-3.6468
-3.6572
-3.6665
-3.6745
-3.6814
-3.6870
-3.6913
-3.6943
-3.6960
-3.6963
-3.6952
-3.6928
-3.6890
-3.6837
-3.6771
-3.6690
-3.6595
-3.6487
-3.6364
-3.6227
-3.6077
-3.5912
-3.5735
-3.5544
-3.5340
-3.5124
-3.4896
-3.4655
-3.4403
-3.4140
-3.3867
-3.3583
-3.3289
-3.2986
-3.2675
-3.2355
-3.2028
-3.1694
-3.1354
-3.1008
-3.0657
-3.0302
-2.9943
-2.9582
-2.9218
-2.8853
-2.8487
-2.8121
-2.7755
-2.7392
-2.7030
-2.6671
-2.6316
-2.5965
-2.5620
-2.5280
-2.4947
-2.4621
-2.4303
-2.3993
-2.3693
-2.3402
-2.3122
-2.2853
-2.2596
-2.2350
-2.2118
-2.1898
-2.1692
-2.1501
-2.1323
-2.1161
-2.1014
-2.0883
-2.0767
-2.0668
-2.0585
-2.0518
-2.0468
-2.0435
-2.0419
-2.0420
-2.0438
-2.0473
-2.0525
-2.0593
-2.0679
-2.0781
-2.0899
-2.1033
-2.1184
-2.1350
-2.1531
-2.1727
-2.1938
-2.2163
-2.2401
-2.2653
-2.2917
-2.3194
-2.3482
-2.3781
-2.4091
-2.4411
-2.4740
-2.5077
-2.5423
-2.5776
-2.6135
-2.6500
-2.6871
-2.7245
-2.7624
-2.8005
-2.8389
-2.8774
-2.9160
-2.9546
-2.9931
-3.0315
-3.0697
-3.1076
-3.1451
-3.1823
-3.2189
-3.2549
-3.2904
-3.3251
-3.3592
-3.3924
-3.4247
-3.4561
-3.4866
-3.5161
-3.5444
-3.5717
-3.5978
-3.6228
-3.6465
-3.6689
-3.6901
-3.7100
-3.7285
-3.7456
-3.7614
-3.7758
-3.7888
-3.8003
-3.8105
-3.8192
-3.8266
-3.8325
-3.8370
-3.8402
-3.8420
-3.8424
-3.8415
-3.8392
-3.8357
-3.8310
-3.8250
-3.8178
-3.8095
-3.8001
-3.7896
-3.7781
-3.7656
-3.7521
-3.7378
-3.7227
-3.7067
-3.6901
-3.6727
-3.6548
-3.6363
-3.6173
-3.5978
-3.5780
-3.5578
-3.5374
-3.5167
-3.4959
-3.4750
-3.4541
-3.4332
-3.4124
-3.3917
-3.3712
-3.3509
-3.3310
-3.3113
-3.2921
-3.2733
-3.2550
-3.2372
-3.2200
-3.2034
-3.1875
-3.1722
-3.1576
-3.1438
-3.1308
-3.1185
-3.1071
-3.0965
-3.0868
-3.0779
-3.0699
-3.0628
-3.0566
-3.0513
-3.0468
-3.0433
-3.0407
-3.0389
-3.0380
-3.0380
-3.0388
-3.0405
-3.0429
-3.0461
-3.0501
-3.0547
-3.0601
-3.0662
-3.0728
-3.0801
-3.0879
-3.0962
-3.1050
-3.1142
-3.1238
-3.1337
-3.1439
-3.1544
-3.1651
-3.1759
-3.1869
-3.1979
-3.2088