1.0110
1.0219
1.0328
1.0435
1.0540
1.0642
1.0742
1.0839
1.0931
1.1020
1.1103
1.1182
1.1255
1.1322
1.1383
1.1438
1.1486
1.1526
1.1559
1.1584
1.1601
1.1610
1.1611
1.1603
1.1587
1.1561
1.1527
1.1484
1.1432
1.1371
1.1301
1.1222
1.1134
1.1038
1.0933
1.0819
1.0698
1.0568
1.0431
1.0286
1.0134
0.9976
0.9810
0.9639
0.9462
0.9279
0.9092
0.8900
0.8704
0.8505
0.8303
0.8098
0.7891
0.7683
0.7474
0.7265
0.7056
0.6848
0.6641
0.6436
0.6234
0.6036
0.5841
0.5650
0.5464
0.5284
0.5110
0.4943
0.4782
0.4630
0.4486
0.4350
0.4224
0.4108
0.4002
0.3906
0.3822
0.3749
0.3688
0.3639
0.3602
0.3578
0.3568
0.3570
0.3587
0.3616
0.3660
0.3718
0.3790
0.3875
0.3975
0.4090
0.4218
0.4360
0.4516
0.4686
0.4870
0.5067
0.5277
0.5500
0.5735
0.5983
0.6243
0.6515
0.6797
0.7091
0.7394
0.7707
0.8030
0.8361
0.8700
0.9047
0.9401
0.9761
1.0126
1.0497
1.0872
1.1250
1.1632
1.2016
1.2401
1.2787
1.3173
1.3558
1.3942
1.4324
1.4703
1.5078
1.5449
1.5814
1.6174
1.6528
1.6874
1.7213
1.7543
1.7864
1.8175
1.8475
1.8765
1.9043
1.9309
1.9562
1.9802
2.0028
2.0241
2.0439
2.0621
2.0789
2.0941
2.1078
2.1198
2.1302
2.1389
2.1460
2.1513
2.1550
2.1570
2.1573
2.1559
2.1528
2.1480
2.1415
2.1334
2.1236
2.1123
2.0993
2.0848
2.0687
2.0512
2.0322
2.0117
1.9899
1.9668
1.9424
1.9168
1.8901
1.8622
1.8332
1.8033
1.7724
1.7407
1.7082
1.6750
1.6411
1.6066
1.5716
1.5361
1.5003
1.4641
1.4278
1.3913
1.3547
1.3181
1.2815
1.2451
1.2089
1.1730
1.1375
1.1023
1.0677
1.0336
1.0001
0.9673
0.9353
0.9040
0.8737
0.8442
0.8157
0.7882
0.7617
0.7364
0.7122
0.6893
0.6675
0.6470
0.6278
0.6099
0.5933
0.5781
0.5642
0.5518
0.5407
0.5311
0.5229
0.5161
0.5107
0.5067
0.5041
0.5029
0.5031
0.5046
0.5074
0.5116
0.5170
0.5237
0.5317
0.5408
0.5511
0.5624
0.5749
0.5884
0.6028
0.6182
0.6345
0.6516
0.6695
0.6881
0.7074
0.7274
0.7478
0.7688
0.7903
0.8121
0.8342
0.8567
0.8793
0.9021
0.9250
0.9479
0.9708
0.9936
1.0163
1.0389
1.0611
1.0831
1.1047
1.1260
1.1468
1.1671
1.1869
1.2062
1.2248
1.2428
1.2601
1.2767
1.2925
1.3076
1.3219
1.3354
1.3480
1.3598
1.3707
1.3807
1.3899
1.3981
1.4055
1.4119
1.4175
1.4222
1.4260
1.4289
1.4310
1.4322
1.4326
1.4322
1.4310
1.4291
1.4264
1.4231
1.4191
1.4145
1.4092
1.4035
1.3972
1.3904
1.3832
1.3756
1.3677
1.3595
1.3510
1.3423
1.3335
1.3246
1.3156
1.3066
1.2976
1.2888
1.2801
1.2715
1.2632
1.2552
1.2475
1.2402
1.2333
1.2268
1.2209
1.2155
1.2106
1.2064
1.2029
1.2000
1.1978
1.1964
1.1958
1.1959
1.1969
1.1987
1.2013
1.2048
1.2092
1.2145
1.2207
1.2278
1.2357
1.2446
1.2543
1.2650
1.2765
1.2888
1.3020
1.3161
1.3309
1.3465
1.3629
1.3799
1.3977
1.4161
1.4352
1.4548
1.4750
1.4956
1.5168
1.5383
1.5602
1.5823
1.6048
1.6274
1.6502
1.6731
1.6960
1.7189
1.7418
1.7645
1.7870
1.8092
1.8311
1.8527
1.8738
1.8945
1.9146
1.9341
1.9530
1.9711
1.9885
2.0050
2.0207
2.0355
2.0493
2.0620
2.0738
2.0844
2.0939
2.1022
2.1093
2.1151
2.1197
2.1230
2.1249
2.1255
2.1248
2.1226
2.1191
2.1141
2.1078
2.1000
2.0908
2.0802
2.0682
2.0548
2.0400
2.0239
2.0064
1.9876
1.9675
1.9461
1.9235
1.8997
1.8748
1.8487
1.8215
1.7933
1.7642
1.7340
1.7031
1.6713
1.6387
1.6054
1.5715
1.5371
1.5021
1.4667
1.4309
1.3947
1.3584
1.3219
1.2853
1.2487
1.2122
1.1758
1.1395
1.1036
1.0680
1.0329
0.9982
0.9641
0.9306
0.8979
0.8659
0.8348
0.8045
0.7753
0.7470
0.7199
0.6939
0.6691
0.6456
0.6234
0.6025
0.5831
0.5650
0.5485
0.5335
0.5200
0.5081
0.4979
0.4892
0.4822
0.4769
0.4733
0.4713
0.4710
0.4725
0.4756
0.4805
0.4870
0.4952
0.5051
0.5165
0.5297
0.5444
0.5607
0.5785
0.5978
0.6186
0.6408
0.6643
0.6892
0.7154
0.7429
0.7714
0.8012
0.8319
0.8637
0.8964
0.9300
0.9644
0.9995
1.0353
1.0717
1.1087
1.1461
1.1839
1.2219
1.2603
1.2988
1.3374
1.3760
1.4145
1.4529
1.4912
1.5291
1.5667
1.6039
1.6407
1.6768
1.7124
1.7473
1.7815
1.8149
1.8474
1.8790
1.9097
1.9394
1.9680
1.9955
2.0218
2.0470
2.0710
2.0937
2.1151
2.1352
2.1540
2.1714
2.1875
2.2022
2.2154
2.2273
2.2377
2.2468
2.2544
2.2606
2.2654
2.2689
2.2709
2.2716
2.2710
2.2690
2.2658
2.2612
2.2555
2.2486
2.2405
2.2313
2.2210
2.2097
2.1974
2.1841
2.1700
2.1550
2.1392
2.1227
2.1055
2.0877
2.0693
2.0504
2.0310
2.0113
1.9911
1.9708
1.9502
1.9294
1.9085
1.8876
1.8667
1.8458
1.8251
1.8046
1.7842
1.7642
1.7445
1.7252
1.7063
1.6879
1.6700
1.6527
1.6360
1.6199
1.6045
1.5897
1.5758
1.5626
1.5502
1.5386
1.5278
1.5179
1.5088
1.5007
1.4934
1.4870
1.4815
1.4769
1.4732
1.4704
1.4684
1.4674
1.4672
1.4678
1.4693
1.4715
1.4746
1.4784
1.4829
1.4882
1.4941
1.5006
1.5077
1.5154
1.5236
1.5323
1.5415
1.5510
1.5609
1.5710
1.5815
1.5921
1.6029
1.6138
1.6248
1.6358
1.6468
1.6577
1.6684
1.6790
1.6893
1.6994
1.7091
1.7185
1.7275
1.7360
1.7441
1.7515
1.7585
1.7648
1.7704
1.7754
1.7797
1.7832
1.7860
1.7880
1.7892
1.7895
1.7890
1.7876
1.7854
1.7822
1.7782
1.7733
1.7674
1.7607
1.7531
1.7446
1.7353
1.7250
1.7140
1.7021
1.6894
1.6759
1.6616
1.6467
1.6310
1.6147
1.5977
1.5802
1.5621
1.5435
1.5245
1.5050
1.4852
1.4650
1.4446
1.4240
1.4033
1.3824
1.3615
1.3405
1.3197
1.2990
1.2784
1.2582
1.2382
1.2185
1.1993
1.1806
1.1624
1.1448
1.1278
1.1116
1.0961
1.0814
1.0676
1.0547
1.0427
1.0318
1.0219
1.0131
1.0054
0.9989
0.9936
0.9896
0.9868
0.9853
0.9851
0.9863
0.9889
0.9928
0.9981
1.0048
1.0130
1.0225
1.0335
1.0459
1.0596
1.0748
1.0914
1.1093
1.1286
1.1492
1.1711
1.1942
1.2186
1.2442
1.2710
1.2989
1.3279
1.3580
1.3890
1.4209
1.4538
1.4875
1.5219
1.5571
1.5929
1.6292
1.6662
1.7035
1.7413
1.7793
1.8176
1.8561
1.8947
1.9333
1.9719
2.0103
2.0486
2.0865
2.1242
2.1614
2.1982
2.2344
2.2699
2.3048
2.3389
2.3722
2.4046
2.4360
2.4664
2.4957
2.5239
2.5509
2.5766
2.6010
2.6241
2.6458
2.6660
2.6848
2.7021
2.7178
2.7319
2.7444
2.7554
2.7646
2.7722
2.7781
2.7823
2.7849
2.7857
2.7848
2.7823
2.7780
2.7721
2.7645
2.7552
2.7444
2.7319
2.7179
2.7023
2.6852
2.6667
2.6467
2.6253
2.6026
2.5787
2.5534
2.5270
2.4995
2.4709
2.4413
2.4107
2.3792
2.3470
2.3139
2.2802
2.2459
2.2111
2.1758
2.1400
2.1040
2.0677
2.0312
1.9946
1.9580
1.9215
1.8850
1.8488
1.8128
1.7771
1.7418
1.7070
1.6727
1.6390
1.6060
1.5737
1.5422
1.5116
1.4818
1.4530
1.4251
1.3984
1.3727
1.3481
1.3248
1.3026
1.2817
1.2621
1.2437
1.2267
1.2111
1.1968
1.1839
1.1724
1.1623
1.1537
1.1464
1.1406
1.1361
1.1331
1.1314
1.1312
1.1323
1.1347
1.1384
1.1435
1.1498
1.1573
1.1661
1.1760
1.1870
1.1991
1.2123
1.2264
1.2415
1.2575
1.2744
1.2920
1.3104
1.3295
1.3493
1.3696
1.3904
1.4117
1.4334
1.4555
1.4778
1.5004
1.5231
1.5460
1.5689
1.5918
1.6147
1.6374
1.6600
1.6824
1.7045
1.7262
1.7476
1.7686
1.7890
1.8090
1.8284
1.8473
1.8655
1.8830
1.8998
1.9159
1.9312
1.9458
1.9595
1.9724
1.9844
1.9956
2.0059
2.0154
2.0239
2.0315
2.0383
2.0441
2.0491
2.0532
2.0564
2.0587
2.0602
2.0609
2.0607
2.0598
2.0581
2.0557
2.0525
2.0487
2.0443
2.0393
2.0337
2.0275
2.0209
2.0139
2.0064
1.9986
1.9904
1.9820
1.9734
1.9647
1.9558
1.9468
1.9378
1.9288
1.9199
1.9111
1.9025
1.8941
1.8860
1.8782
1.8708
1.8637
1.8571
1.8510
1.8454
1.8404
1.8360
1.8323
1.8292
1.8268
1.8251
1.8242
1.8241
1.8248
1.8263
1.8287
1.8319
1.8361
1.8411
1.8469
1.8537
1.8614
1.8700
1.8795
1.8898
1.9010
1.9131
1.9261
1.9398
1.9544
1.9698
1.9859
2.0027
2.0203
2.0385
2.0574
2.0768
2.0968
2.1173
2.1383
2.1597
2.1815
2.2036
2.2259
2.2485
2.2713
2.2941
2.3171
2.3400
2.3628
2.3856
2.4081
2.4305
2.4525
2.4742
2.4955
2.5163
2.5366
2.5563
2.5753
2.5937
2.6113
2.6282
2.6441
2.6592
2.6733
2.6864
2.6985
2.7094
2.7193
2.7280
2.7355
2.7417
2.7467
2.7504
2.7528
2.7538
2.7535
2.7518
2.7487
2.7442
2.7383
2.7309
2.7222
2.7120
2.7005
2.6875
2.6732
2.6575
2.6404
2.6221
2.6024
2.5814
2.5592
2.5358
2.5112
2.4854
2.4586
2.4307
2.4019
2.3721
2.3413
2.3098
2.2775
2.2444
2.2107
2.1764
2.1416
2.1063
2.0706
2.0346
1.9983
1.9619
1.9253
1.8887
1.8521
1.8157
1.7794
1.7433
1.7076
1.6723
1.6375
1.6032
1.5695
1.5365
1.5043
1.4729
1.4424
1.4128
1.3842
1.3567
1.3304
1.3052
1.2813
1.2586
1.2373
1.2174
1.1989
1.1819
1.1664
1.1525
1.1401
1.1293
1.1201
1.1126
1.1067
1.1026
1.1001
1.0993
1.1002
1.1028
1.1071
1.1131
1.1207
1.1300
1.1410
1.1536
1.1678
1.1836
1.2010
1.2198
1.2401
1.2619
1.2850
1.3095
1.3353
1.3623
1.3905
1.4199
1.4503
1.4818
1.5142
1.5475
1.5817
1.6166
1.6522
1.6884
1.7252
1.7624
1.8001
1.8381
1.8764
1.9148
1.9534
1.9920
2.0306
2.0690
2.1073
2.1454
2.1831
2.2204
2.2573
2.2937
2.3295
2.3646
2.3990
2.4326
2.4655
2.4974
2.5284
2.5583
2.5873
2.6151
2.6419
2.6674
2.6918
2.7149
2.7367
2.7573
2.7765
2.7944
2.8108
2.8260
2.8397
2.8520
2.8629
2.8724
2.8804
2.8871
2.8924
2.8962
2.8987
2.8998
2.8996
2.8981
2.8952
2.8911
2.8858
2.8792
2.8715
2.8627
2.8527
2.8417
2.8297
2.8168
2.8029
2.7882
2.7727
2.7564
2.7394
2.7218
2.7035
2.6848
2.6656
2.6459
2.6259
2.6056
2.5851
2.5643
2.5435
2.5226
2.5016
2.4808
2.4600
2.4394
2.4190
2.3989
2.3791
2.3596
2.3406
2.3220
2.3040
2.2865
2.2695
2.2532
2.2376
2.2227
2.2085
2.1950
2.1823
2.1705
2.1594
2.1493
2.1399
2.1315
2.1239
2.1172
2.1114
2.1066
2.1026
2.0995
2.0973
2.0959
2.0955
2.0958
2.0970
2.0990
2.1019
2.1054
2.1097
2.1147
2.1204
2.1268
2.1337
2.1412
2.1493
2.1578
2.1668
2.1762
2.1860
2.1961
2.2064
2.2170
2.2278
2.2387
2.2496
2.2606
2.2716
2.2825
2.2933
2.3040
2.3144
2.3245
2.3344
2.3439
2.3530
2.3617
2.3699
2.3775
2.3846
2.3912
2.3970
2.4022
2.4067
2.4105
2.4135
2.4158
2.4172
2.4178
2.4176
2.4165
2.4145
2.4116
2.4079
2.4033
2.3977
2.3913
2.3840
2.3757
2.3667
2.3567
2.3459
2.3343
2.3218
2.3086
2.2946
2.2798
2.2644
2.2483
2.2315
2.2142
2.1962
2.1778
2.1589
2.1396
2.1199
2.0998
2.0795
2.0589
2.0382
2.0174
1.9964
1.9755
1.9546
1.9339
1.9133
1.8929
1.8728
1.8531
1.8337
1.8148
1.7965
1.7787
1.7615
1.7450
1.7293
1.7143
1.7002
1.6870
1.6747
1.6635
1.6532
1.6441
1.6360
1.6292
1.6235
1.6190
1.6158
1.6139
1.6134
1.6141
1.6162
1.6197
1.6246
1.6309
1.6385
1.6476
1.6582
1.6701
1.6834
1.6981
1.7143
1.7318
1.7506
1.7708
1.7923
1.8150
1.8390
1.8643
1.8907
1.9182
1.9469
1.9766
2.0073
2.0390
2.0715
2.1050
2.1392
2.1741
2.2097
2.2459
2.2827
2.3199
2.3575
2.3955
2.4337
2.4722
2.5107
2.5493
2.5879
2.6264
2.6647
2.7028
2.7406
2.7779
2.8148
2.8512
2.8870
2.9221
2.9565
2.9900
3.0227
3.0544
3.0851
3.1148
3.1433
3.1707
3.1968
3.2217
3.2452
3.2673
3.2881
3.3073
3.3250
3.3413
3.3559
3.3690
3.3804
3.3902
3.3983
3.4047
3.4095
3.4126
3.4139
3.4136
3.4116
3.4079
3.4025
3.3954
3.3867
3.3763
3.3644
3.3508
3.3357
3.3191
3.3011
3.2815
3.2606
3.2383
3.2148
3.1899
3.1639
3.1367
3.1084
3.0791
3.0488
3.0177
2.9856
2.9529
2.9194
2.8852
2.8506
2.8154
2.7798
2.7438
2.7076
2.6712
2.6346
2.5980
2.5614
2.5249
2.4886
2.4525
2.4167
2.3813
2.3463
2.3119
2.2780
2.2448
2.2123
2.1805
2.1496
2.1195
2.0904
2.0622
2.0351
2.0091
1.9841
1.9604
1.9378
1.9165
1.8965
1.8777
1.8603
1.8442
1.8295
1.8162
1.8043
1.7937
1.7846
1.7769
1.7706
1.7657
1.7622
1.7601
1.7594
1.7601
1.7621
1.7654
1.7701
1.7760
1.7831
1.7915
1.8010
1.8117
1.8235
1.8363
1.8501
1.8649
1.8807
1.8972
1.9147
1.9328
1.9517
1.9712
1.9914
2.0120
2.0332
2.0548
2.0767
2.0990
2.1215
2.1442
2.1670
2.1899
2.2129
2.2357
2.2585
2.2812
2.3036
2.3258
2.3476
2.3691
2.3902
2.4109
2.4310
2.4506
2.4697
2.4881
2.5058
2.5228
2.5392
2.5547
2.5695
2.5835
2.5967
2.6090
2.6205
2.6311
2.6408
2.6496
2.6575
2.6646
2.6707
2.6759
2.6803
2.6838
2.6864
2.6881
2.6891
2.6892
2.6885
2.6870
2.6848
2.6819
2.6783
2.6741
2.6693
2.6638
2.6579
2.6514
2.6445
2.6371
2.6294
2.6214
2.6131
2.6045
2.5958
2.5869
2.5780
2.5690
2.5600
2.5511
2.5422
2.5336
2.5251
2.5169
2.5090
2.5014
2.4943
2.4875
2.4812
2.4755
2.4703
2.4657
2.4617
2.4584
2.4558
2.4539
2.4527
2.4524
2.4528
2.4541
2.4562
2.4591
2.4630
2.4677
2.4733
2.4798
2.4872
2.4955
2.5047
2.5147
2.5257
2.5375
2.5502
2.5637
2.5780
2.5931
2.6090
2.6256
2.6429
2.6610
2.6796
2.6989
2.7187
2.7391
2.7599
2.7812
2.8028
2.8248
2.8471
2.8696
2.8923
2.9152
2.9381
2.9610
2.9839
3.0067
3.0293
3.0517
3.0738
3.0957
3.1171
3.1380
3.1585
3.1784
3.1977
3.2163
3.2341
3.2512
3.2674
3.2828
3.2972
3.3107
3.3231
3.3344
3.3446
3.3537
3.3615
3.3682
3.3736
3.3777
3.3805
3.3819
3.3820
3.3808
3.3781
3.3741
3.3686
3.3617
3.3535
3.3438
3.3326
3.3201
3.3062
3.2910
3.2743
3.2564
3.2371
3.2165
3.1947
3.1717
3.1474
3.1221
3.0956
3.0680
3.0395
3.0100
2.9795
2.9483
2.9162
2.8833
2.8498
2.8157
2.7811
2.7459
2.7103
2.6744
2.6382
2.6018
2.5653
2.5287
2.4921
2.4556
2.4192
2.3831
2.3473
2.3118
2.2768
2.2424
2.2085
2.1753
2.1428
2.1111
2.0803
2.0504
2.0215
1.9937
1.9670
1.9414
1.9171
1.8940
1.8723
1.8519
1.8330
1.8155
1.7995
1.7851
1.7722
1.7609
1.7512
1.7431
1.7367
1.7320
1.7290
1.7277
1.7280
1.7301
1.7338
1.7393
1.7464
1.7552
1.7657
1.7778
1.7915
1.8067
1.8236
1.8420
1.8618
1.8831
1.9058
1.9299
1.9552
1.9819
2.0097
2.0387
2.0688
2.1000
2.1321
2.1652
2.1990
2.2337
2.2691
2.3051
2.3417
2.3788
2.4164
2.4543
2.4925
2.5309
2.5694
2.6080
2.6466
2.6851
2.7235
2.7616
2.7994
2.8369
2.8740
2.9105
2.9465
2.9818
3.0165
3.0503
3.0834
3.1156
3.1469
3.1772
3.2065
3.2347
3.2618
3.2877
3.3125
3.3360
3.3582
3.3792
3.3988
3.4171
3.4341
3.4496
3.4638
3.4765
3.4879
3.4978
3.5063
3.5135
3.5192
3.5235
3.5264
3.5279
3.5282
3.5270
3.5246
3.5209
3.5159
3.5098
3.5024
3.4939
3.4843
3.4737
3.4620
3.4493
3.4357
3.4213
3.4060
3.3900
3.3732
3.3558
3.3377
3.3191
3.3000
3.2805
3.2606
3.2404
3.2199
3.1993
3.1785
3.1576
3.1366
3.1157
3.0949
3.0743
3.0538
3.0336
3.0137
2.9941
2.9749
2.9562
2.9380
2.9203
2.9032
2.8867
2.8708
2.8557
2.8412
2.8275
2.8146
2.8025
2.7912
2.7807
2.7711
2.7624
2.7545
2.7476
2.7415
2.7363
2.7321
2.7287
2.7262
2.7246
2.7238
2.7239
2.7249
2.7266
2.7292
2.7325
2.7366
2.7414
2.7469
2.7530
2.7598
2.7671
2.7750
2.7834
2.7922
2.8015
2.8112
2.8212
2.8314
2.8419
2.8527
2.8635
2.8745
2.8854
2.8964
2.9074
2.9182
2.9289
2.9394
2.9497
2.9596
2.9692
2.9785
2.9873
2.9956
3.0035
3.0108
3.0175
3.0235
3.0290
3.0337
3.0377
3.0410
3.0435
3.0452
3.0460
3.0461
3.0452
3.0435
3.0410
3.0375
3.0331
3.0279
3.0217
3.0147
3.0068
2.9980
2.9883
2.9778
2.9664
2.9542
2.9412
2.9274
2.9129
2.8977
2.8818
2.8652
2.8481
2.8303
2.8121
2.7933
2.7741
2.7545
2.7346
2.7143
2.6938
2.6731
2.6523
2.6314
2.6105
2.5896
2.5688
2.5481
2.5277
2.5075
2.4876
2.4682
2.4491
2.4306
2.4126
2.3952
2.3785
2.3625
2.3473
2.3329
2.3194
2.3069
2.2953
2.2847
2.2752
2.2668
2.2595
2.2535
2.2486
2.2450
2.2427
2.2417
2.2420
2.2437
2.2468
2.2512
2.2570
2.2643
2.2729
2.2830
2.2945
2.3073
2.3216
2.3373
2.3543
2.3728
2.3925
2.4136
2.4360
2.4596
2.4844
2.5105
2.5377
2.5660
2.5953
2.6257
2.6571
2.6894
2.7225
2.7565
2.7912
2.8266
2.8626
2.8992
2.9363
2.9738
3.0117
3.0498
3.0882
3.1267
3.1653
3.2039
3.2425
3.2808
3.3190
3.3569
3.3944
3.4315
3.4680
3.5040
3.5393
3.5739
3.6077
3.6407
3.6727
3.7038
3.7338
3.7627
3.7904
3.8170
3.8422
3.8662
3.8888
3.9099
3.9297
3.9479
3.9646
3.9797
3.9933
4.0052
4.0155
4.0242
4.0312
4.0365
4.0401
4.0420
4.0422
4.0407
4.0375
4.0327
4.0261
4.0179
4.0081
3.9967
3.9836
3.9690
3.9529
3.9353
3.9162
3.8957
3.8739
3.8507
3.8263
3.8006
3.7738
3.7459
3.7169
3.6869
3.6560
3.6243
3.5917
3.5584
3.5245
3.4900
3.4549
3.4195
3.3836
3.3475
3.3111
3.2746
3.2380
3.2014
3.1649
3.1285
3.0923
3.0564
3.0209
2.9857
2.9511
2.9171
2.8836
2.8509
2.8188
2.7876
2.7573
2.7279
2.6994
2.6719
2.6456
2.6203
2.5962
2.5732
2.5515
2.5311
2.5119
2.4940
2.4775
2.4624
2.4486
2.4362
2.4252
2.4157
2.4075
2.4008
2.3954
2.3915
2.3890
2.3878
2.3880
2.3896
2.3925
2.3968
2.4023
2.4090
2.4170
2.4262
2.4365
2.4479
2.4604
2.4739
2.4884
2.5039
2.5202
2.5373
2.5553
2.5739
2.5933
2.6132
2.6337
2.6547
2.6762
2.6980
2.7202
2.7426
2.7653
2.7881
2.8110
2.8339
2.8568
2.8796
2.9023
2.9248
2.9471
2.9690
2.9907
3.0119
3.0327
3.0530
3.0728
3.0920
3.1106
3.1285
3.1458
3.1624
3.1782
3.1932
3.2075
3.2209
3.2335
3.2452
3.2561
3.2661
3.2752
3.2834
3.2907
3.2972
3.3027
3.3073
3.3111
3.3140
3.3160
3.3172
3.3175
3.3171
3.3159
3.3139
3.3113
3.3079
3.3038
3.2992
3.2939
3.2881
3.2818
3.2750
3.2678
3.2602
3.2523
3.2441
3.2356
3.2269
3.2181
3.2091
3.2001
3.1912