-1.0271
-1.0363
-0.8274
-0.8991
-0.9821
-1.0682
-0.8694
-0.8910
-1.0527
-1.0319
-0.7672
-0.9068
-1.0438
-1.0296
-0.9994
-0.7702
-0.8957
-0.8651
-0.8838
-1.0113
-0.7626
-0.9464
-0.9542
-0.8594
-0.8986
-0.9354
-0.8546
-0.7761
-0.8787
-0.9881
-1.0204
-0.9601
-1.0944
-0.8514
-0.9437
-1.0790
-0.9982
-1.1530
-0.9262
-1.0685
-1.0542
-1.0664
-1.0508
-1.1627
-1.2704
-1.1772
-1.3205
-1.1345
-1.3662
-1.1132
-1.1990
-1.1630
-1.3129
-1.4174
-1.4346
-1.3078
-1.2604
-1.4742
-1.3780
-1.5933
-1.4695
-1.5413
-1.4727
-1.6347
-1.7051
-1.6183
-1.5810
-1.7521
-1.6739
-1.6313
-1.5953
-1.7665
-1.7529
-1.6219
-1.6896
-1.8388
-1.6939
-1.8438
-1.8560
-1.9443
-1.8394
-1.8251
-1.8679
-1.8737
-1.8886
-1.6793
-1.6999
-1.8350
-1.8052
-1.7730
-1.7876
-1.8441
-1.6173
-1.8469
-1.6299
-1.8636
-1.7574
-1.6147
-1.6270
-1.7493
-1.4928
-1.5927
-1.6562
-1.5330
-1.4056
-1.3843
-1.4798
-1.4624
-1.4715
-1.5173
-1.2758
-1.4297
-1.3292
-1.2832
-1.1017
-1.3259
-1.0436
-1.1745
-1.1497
-1.0419
-0.9332
-1.0545
-1.0138
-0.7493
-0.8278
-0.8783
-0.6434
-0.6294
-0.8061
-0.8280
-0.5810
-0.5009
-0.6931
-0.6850
-0.4863
-0.4543
-0.4516
-0.5762
-0.3448
-0.2419
-0.2391
-0.4438
-0.3494
-0.3626
-0.2478
-0.2143
-0.2916
-0.1276
-0.1152
-0.1079
-0.2269
-0.3075
-0.1045
-0.0142
-0.2599
-0.2729
-0.0331
-0.1642
-0.0566
-0.0743
-0.2680
-0.2583
-0.3264
-0.1717
-0.1346
-0.2294
-0.3909
-0.1202
-0.2866
-0.3582
-0.4281
-0.3164
-0.3566
-0.3303
-0.5371
-0.5049
-0.5986
-0.4176
-0.6033
-0.6550
-0.7695
-0.5652
-0.6918
-0.7156
-0.6522
-0.7336
-0.7875
-0.9721
-0.8987
-0.8143
-0.9619
-0.9368
-0.9226
-0.9907
-1.2307
-1.3227
-1.2356
-1.4044
-1.3035
-1.1969
-1.4437
-1.4379
-1.4592
-1.3734
-1.4086
-1.5524
-1.6056
-1.4726
-1.5576
-1.5870
-1.5515
-1.7087
-1.6492
-1.7749
-1.6783
-1.8371
-1.7526
-1.6998
-1.8529
-1.8968
-1.9781
-1.9562
-2.0316
-1.9626
-1.9850
-1.9887
-1.8522
-1.9424
-1.9488
-1.8747
-2.0713
-1.9189
-2.0004
-2.0006
-1.9239
-1.8311
-2.0236
-1.8732
-1.7950
-1.9954
-1.9542
-1.8822
-1.7508
-1.8531
-1.9053
-1.8123
-1.7836
-1.8147
-1.9162
-1.6913
-1.7311
-1.7494
-1.8244
-1.7162
-1.7331
-1.7216
-1.5178
-1.6230
-1.7040
-1.5867
-1.4459
-1.6081
-1.3635
-1.5211
-1.4980
-1.5160
-1.3278
-1.5182
-1.2358
-1.4556
-1.3999
-1.2631
-1.4109
-1.2843
-1.2069
-1.1308
-1.1768
-1.1591
-1.2504
-1.2901
-1.1960
-1.2776
-1.0826
-1.1293
-1.0770
-1.0784
-1.1713
-1.2156
-1.0996
-1.0080
-1.0721
-1.0542
-1.0920
-1.1268
-1.0820
-1.1620
-1.0554
-1.2992
-1.0343
-1.3013
-1.1735
-1.2239
-1.3204
-1.1436
-1.1855
-1.1439
-1.2184
-1.1549
-1.2355
-1.1358
-1.1682
-1.2882
-1.2148
-1.3205
-1.2248
-1.3876
-1.2024
-1.4225
-1.4946
-1.3014
-1.2875
-1.2698
-1.4577
-1.3235
-1.4117
-1.4421
-1.3423
-1.3098
-1.5787
-1.3945
-1.5415
-1.4965
-1.5391
-1.3725
-1.3255
-1.4302
-1.4141
-1.3450
-1.4169
-1.4503
-1.5032
-1.4229
-1.4993
-1.4800
-1.4848
-1.4471
-1.4280
-1.2964
-1.4972
-1.4464
-1.3637
-1.3770
-1.4308
-1.3213
-1.2166
-1.4460
-1.3156
-1.4055
-1.2442
-1.2332
-1.1459
-1.2873
-1.1615
-1.1802
-1.0394
-1.0790
-1.1504
-1.1316
-1.1388
-0.9082
-1.0836
-1.1047
-1.0231
-0.8885
-0.8790
-0.8606
-1.0494
-0.9199
-0.7431
-0.8999
-0.7988
-0.8717
-0.9074
-0.8130
-0.6697
-0.6070
-0.6299
-0.8516
-0.7646
-0.7854
-0.7523
-0.5448
-0.6693
-0.6039
-0.5723
-0.7722
-0.5501
-0.7895
-0.5989
-0.6064
-0.6141
-0.7949
-0.7081
-0.6976
-0.7009
-0.6133
-0.6805
-0.6560
-0.7538
-0.6432
-0.9281
-0.8051
-0.9039
-0.8662
-0.8284
-0.9960
-0.9018
-1.0134
-0.8751
-1.1285
-1.1680
-0.9421
-1.2161
-1.2492
-1.2821
-1.3364
-1.2622
-1.2338
-1.2215
-1.2708
-1.3315
-1.4414
-1.4087
-1.3722
-1.5464
-1.6452
-1.5383
-1.7429
-1.7820
-1.7511
-1.7426
-1.7814
-1.9664
-2.0027
-1.9906
-1.8907
-2.0227
-1.9314
-1.9327
-2.1258
-2.2611
-2.1356
-2.1118
-2.2680
-2.2430
-2.3499
-2.1588
-2.3188
-2.3229
-2.4386
-2.4947
-2.5225
-2.3101
-2.3384
-2.5234
-2.3242
-2.3965
-2.4120
-2.3176
-2.6086
-2.4937
-2.4745
-2.4453
-2.5925
-2.4150
-2.5911
-2.4319
-2.3758
-2.4320
-2.3803
-2.4872
-2.3418
-2.4040
-2.4683
-2.3660
-2.3788
-2.3624
-2.2237
-2.2283
-2.2346
-2.2655
-2.0445
-2.0140
-2.1564
-2.0254
-1.9437
-1.8580
-1.8348
-1.9608
-1.9925
-1.7669
-1.9360
-1.8864
-1.7910
-1.6069
-1.6498
-1.6122
-1.4737
-1.5425
-1.6758
-1.4001
-1.4246
-1.4281
-1.4568
-1.4257
-1.3253
-1.3685
-1.3899
-1.3224
-1.2651
-1.2536
-1.1026
-1.0095
-0.9869
-0.9639
-0.9677
-0.8992
-0.9007
-1.0532
-0.7969
-1.0487
-0.8648
-0.9800
-0.9573
-0.9159
-0.9472
-0.8447
-0.7030
-0.8628
-0.8003
-0.7894
-0.7542
-0.8467
-0.7095
-0.6923
-0.7458
-0.8893
-0.7412
-0.9439
-0.8431
-0.8202
-0.8024
-0.9097
-0.8184
-0.7841
-1.0479
-1.0384
-0.8371
-0.9865
-1.0074
-0.8615
-0.9434
-0.8940
-1.1386
-1.2007
-1.1356
-1.1227
-1.1238
-1.0242
-1.1920
-1.2424
-1.0870
-1.3301
-1.2317
-1.1649
-1.2755
-1.4097
-1.3624
-1.5433
-1.3004
-1.4655
-1.5173
-1.3429
-1.5098
-1.5810
-1.6607
-1.5295
-1.6756
-1.7163
-1.5801
-1.6833
-1.6753
-1.5800
-1.5527
-1.7177
-1.5446
-1.5573
-1.7908
-1.6306
-1.6839
-1.5994
-1.7001
-1.6750
-1.6665
-1.7771
-1.8194
-1.8852
-1.7551
-1.7029
-1.8117
-1.7382
-1.8174
-1.7986
-1.6888
-1.6120
-1.6159
-1.8056
-1.7426
-1.5893
-1.7716
-1.5510
-1.6474
-1.7754
-1.5687
-1.6112
-1.6351
-1.7148
-1.7691
-1.7022
-1.6549
-1.5643
-1.4498
-1.6749
-1.5016
-1.4547
-1.5712
-1.6578
-1.4552
-1.5490
-1.6511
-1.4177
-1.4850
-1.6420
-1.3950
-1.6541
-1.6504
-1.3642
-1.4541
-1.5470
-1.5095
-1.4334
-1.6503
-1.4506
-1.4622
-1.5401
-1.5091
-1.5890
-1.6474
-1.5875
-1.4409
-1.6596
-1.6304
-1.6536
-1.7390
-1.6241
-1.5428
-1.5367
-1.6073
-1.7264
-1.7696
-1.6698
-1.6321
-1.6384
-1.9115
-1.8117
-1.9390
-1.9231
-1.7556
-1.9841
-2.0289
-1.9249
-2.0164
-2.0190
-1.9191
-1.9277
-1.9982
-2.0999
-2.0547
-2.2056
-2.1067
-2.1109
-2.1544
-2.2515
-2.2663
-2.3438
-2.1756
-2.2846
-2.3435
-2.2341
-2.4114
-2.2439
-2.2663
-2.2704
-2.4251
-2.4320
-2.2982
-2.4259
-2.4012
-2.3698
-2.2949
-2.4228
-2.3979
-2.4184
-2.3110
-2.3281
-2.5329
-2.5255
-2.5000
-2.3399
-2.4968
-2.2513
-2.3215
-2.4686
-2.2491
-2.2179
-2.1849
-2.2837
-2.2661
-2.3608
-2.2373
-2.2032
-2.2934
-2.1689
-2.1295
-2.2024
-2.0461
-2.1952
-2.0766
-1.9806
-2.0101
-1.8943
-1.9326
-1.9663
-1.6977
-1.7443
-1.7031
-1.6621
-1.6050
-1.5392
-1.6003
-1.6731
-1.5679
-1.3994
-1.5580
-1.4745
-1.2479
-1.2607
-1.4012
-1.1337
-1.3809
-1.2396
-1.2138
-1.1837
-1.2399
-1.1167
-1.0316
-0.8919
-1.0962
-1.0309
-1.0335
-1.0035
-1.0134
-1.0434
-0.8972
-0.9421
-0.7393
-0.8276
-0.6998
-0.6714
-0.7790
-0.9117
-0.6638
-0.7598
-0.6706
-0.8078
-0.7541
-0.9180
-0.6663
-0.7574
-0.9266
-0.7575
-0.8600
-0.9662
-0.9417
-0.9475
-0.9717
-0.8479
-0.8531
-0.9371
-0.9586
-0.9602
-0.8797
-1.0123
-1.0508
-0.9878
-1.1199
-1.2221
-1.0682
-1.2568
-1.2426
-1.2420
-1.2901
-1.4662
-1.5424
-1.5219
-1.3817
-1.5122
-1.5789
-1.6277
-1.5632
-1.6378
-1.6752
-1.8627
-1.8195
-1.8357
-1.9123
-1.9181
-1.9963
-1.9021
-2.0558
-1.9925
-2.0960
-2.0550
-2.0252
-2.1830
-2.0981
-2.3334
-2.1657
-2.4305
-2.3422
-2.5007
-2.2889
-2.5005
-2.5263
-2.5418
-2.4078
-2.5688
-2.5598
-2.4336
-2.5272
-2.4168
-2.6830
-2.5786
-2.5458
-2.5544
-2.4818
-2.6947
-2.6448
-2.7351
-2.4500
-2.5037
-2.5051
-2.6845
-2.6159
-2.6685
-2.5570
-2.4544
-2.4970
-2.4692
-2.4717
-2.4317
-2.3785
-2.4335
-2.5518
-2.4176
-2.5234
-2.2829
-2.5132
-2.4160
-2.3241
-2.3360
-2.2169
-2.2790
-2.3494
-2.1840
-2.3314
-2.1576
-2.1440
-2.2445
-2.2379
-2.2221
-2.2067
-2.1707
-1.9253
-2.1876
-1.8862
-2.1473
-1.8456
-2.0303
-1.9452
-1.8278
-1.8021
-1.9995
-1.8439
-1.7464
-1.7235
-1.9721
-1.9399
-1.7596
-1.9595
-1.9447
-1.8119
-1.6971
-1.6473
-1.9404
-1.7751
-1.6765
-1.6601
-1.6780
-1.6676
-1.7079
-1.8979
-1.7826
-1.8876
-1.6926
-1.6679
-1.9006
-1.6921
-1.8473
-1.8560
-1.8969
-1.7261
-1.7726
-1.8698
-1.8007
-1.7401
-1.9813
-1.9706
-1.8623
-1.8228
-1.8202
-1.9678
-2.0636
-2.0851
-2.0120
-1.8822
-2.0771
-1.9145
-1.9656
-2.1639
-1.9455
-1.9135
-2.0512
-1.9568
-2.1751
-1.9936
-1.9503
-1.9839
-2.1610
-2.1793
-2.0902
-2.1306
-2.1082
-1.9550
-2.0723
-1.9698
-2.1049
-2.1186
-2.0151
-2.0198
-2.1054
-2.2167
-2.1997
-1.9792
-2.0135
-2.1913
-2.0238
-1.9640
-2.1351
-2.0906
-1.8989
-2.0865
-1.8487
-1.8206
-2.0777
-1.9515
-1.9968
-1.8671
-1.9802
-1.9799
-1.6923
-1.6611
-1.8242
-1.7188
-1.8711
-1.8084
-1.8380
-1.6881
-1.7630
-1.4898
-1.6383
-1.4593
-1.5083
-1.5312
-1.5237
-1.4549
-1.6462
-1.3947
-1.3337
-1.5922
-1.3309
-1.3325
-1.2487
-1.4656
-1.2450
-1.3161
-1.4660
-1.4071
-1.2494
-1.2291
-1.4327
-1.3176
-1.3886
-1.1745
-1.3535
-1.1920
-1.3722
-1.1891
-1.3998
-1.2336
-1.4583
-1.2830
-1.3150
-1.3829
-1.4442
-1.2839
-1.4928
-1.4061
-1.5666
-1.5336
-1.4644
-1.3802
-1.6123
-1.4592
-1.4969
-1.7205
-1.6119
-1.4960
-1.7835
-1.6252
-1.6884
-1.7344
-1.7966
-1.8102
-1.8876
-2.0284
-2.0004
-1.9560
-1.9717
-1.9202
-1.9441
-2.2476
-2.1156
-2.1719
-2.2492
-2.3230
-2.3257
-2.3053
-2.2568
-2.5556
-2.3804
-2.4793
-2.4191
-2.6981
-2.6755
-2.7822
-2.6799
-2.6331
-2.8103
-2.8582
-2.8559
-2.8476
-2.7896
-2.8838
-2.9466
-2.8130
-2.8170
-2.9386
-3.1065
-2.9781
-3.0646
-2.8966
-3.1207
-3.0060
-3.0668
-3.1773
-3.0346
-3.2308
-3.1934
-3.2361
-2.9837
-2.9950
-3.2075
-3.1142
-3.1939
-3.0493
-2.9255
-3.1212
-2.8874
-3.0641
-3.0896
-2.9341
-2.8221
-2.9062
-3.0514
-2.9347
-2.9718
-2.9261
-2.9524
-2.6691
-2.6722
-2.7679
-2.5988
-2.5902
-2.5969
-2.6316
-2.6078
-2.6542
-2.5431
-2.4453
-2.4357
-2.3440
-2.3471
-2.2203
-2.3989
-2.2523
-2.1780
-2.2625
-2.0992
-2.2313
-2.0388
-1.9240
-1.9924
-1.9768
-2.0307
-2.0345
-1.7843
-1.7417
-1.8626
-1.8871
-1.7811
-1.6180
-1.5883
-1.6166
-1.5045
-1.4873
-1.7153
-1.5348
-1.5665
-1.6736
-1.4083
-1.5140
-1.4186
-1.6202
-1.5493
-1.4238
-1.5715
-1.4140
-1.4854
-1.3679
-1.3999
-1.4808
-1.5062
-1.4963
-1.3262
-1.4699
-1.4801
-1.4840
-1.3452
-1.5727
-1.3846
-1.6553
-1.5717
-1.4585
-1.6004
-1.5334
-1.5999
-1.7503
-1.5919
-1.6101
-1.6154
-1.7276
-1.7032
-1.6619
-1.6278
-1.8996
-1.9089
-1.7660
-1.7544
-1.7101
-1.9918
-1.9430
-1.8724
-1.9853
-1.8616
-2.0554
-2.1251
-1.9851
-2.1476
-1.9689
-2.0246
-2.1442
-2.2895
-2.2636
-2.2446
-2.0827
-2.1810
-2.2812
-2.3077
-2.2771
-2.1504
-2.1570
-2.2952
-2.2698
-2.2527
-2.4709
-2.3143
-2.4806
-2.3747
-2.3671
-2.5057
-2.4972
-2.2429
-2.3623
-2.4141
-2.4158
-2.4795
-2.4793
-2.4173
-2.4195
-2.2820
-2.3675
-2.3698
-2.4649
-2.2328
-2.2903
-2.2356
-2.2822
-2.1766
-2.1701
-2.3809
-2.2602
-2.2205
-2.2808
-2.1664
-2.3551
-2.3661
-2.3936
-2.3396
-2.2164
-2.2149
-2.2441
-2.2583
-2.3425
-2.0915
-2.1375
-2.1878
-2.2429
-2.0694
-2.0582
-2.0452
-2.1568
-2.0026
-2.0389
-2.2659
-2.2172
-2.0430
-2.1671
-2.1503
-2.0070
-2.0060
-2.0699
-2.1320
-2.0353
-2.1681
-2.2745
-2.2349
-2.2531
-2.1848
-2.3431
-2.3546
-2.3381
-2.1175
-2.1729
-2.2183
-2.1564
-2.1646
-2.1854
-2.4547
-2.2309
-2.3787
-2.5355
-2.4846
-2.3305
-2.3700
-2.6414
-2.4721
-2.4456
-2.6355
-2.7126
-2.6757
-2.7467
-2.6554
-2.6977
-2.7317
-2.6027
-2.7649
-2.8280
-2.9205
-2.8905
-2.9054
-2.9888
-2.8067
-3.0342
-2.8717
-2.9503
-3.0150
-2.9101
-3.0249
-3.1042
-2.9879
-3.1113
-2.9069
-2.9820
-2.9365
-2.9697
-2.9629
-3.0203
-3.0009
-3.0100
-3.1216
-3.0583
-2.9543
-3.1970
-3.0590
-3.0736
-2.9251
-2.9988
-2.8830
-2.9910
-2.9017
-2.9991
-2.9607
-3.0537
-2.8989
-2.7809
-2.8888
-2.8831
-2.7656
-2.9515
-2.6895
-2.9259
-2.7459
-2.6671
-2.6713
-2.6669
-2.6829
-2.5664
-2.4400
-2.4755
-2.3621
-2.5816
-2.4228
-2.5074
-2.3409
-2.2616
-2.3876
-2.1620
-2.2390
-2.0526
-2.1935
-2.2310
-2.1474
-2.1526
-1.8570
-2.1023
-2.0384
-2.0353
-1.9410
-1.9701
-1.7493
-1.7562
-1.8079
-1.7947
-1.7979
-1.6881
-1.7710
-1.5683
-1.5827
-1.6124
-1.4613
-1.4141
-1.5700
-1.4787
-1.4847
-1.5037
-1.3433
-1.2909
-1.3899
-1.5173
-1.5304
-1.3905
-1.4649
-1.4836
-1.4013
-1.5163
-1.3726
-1.5668
-1.5824
-1.5174
-1.5925
-1.3595
-1.3912
-1.5435
-1.6301
-1.5718
-1.5976
-1.5268
-1.6477
-1.5097
-1.5485
-1.5647
-1.7755
-1.8225
-1.6749
-1.9102
-1.9671
-1.8842
-1.8035
-1.9899
-2.0820
-2.1598
-1.9407
-2.0774
-2.1829
-2.1349
-2.1352
-2.3113
-2.2422
-2.4274
-2.2395
-2.3519
-2.5534
-2.5084
-2.4888
-2.4367
-2.5933
-2.6000
-2.6190
-2.5808
-2.8457
-2.8027
-2.8628
-2.7795
-2.7506
-2.8997
-2.8332
-3.0039
-2.9626
-3.0355
-2.9064
-2.9947
-2.9697
-3.2047
-3.1720
-3.0422
-3.2230
-3.2915
-3.1833
-3.0443
-3.2565
-3.1725
-3.2424
-3.3477
-3.2097
-3.1145
-3.2862
-3.3501
-3.2886
-3.1617
-3.2572
-3.1530
-3.3406
-3.1216
-3.2110
-3.3085
-3.1859
-3.0810
-3.0067
-2.9741
-2.9597
-2.9705
-2.9635
-2.9660
-3.0223
-3.0450
-3.1138
-2.9364
-2.8540
-3.0109
-2.8210
-3.0313
-2.9182
-2.9305
-2.9442
-2.7798
-2.8533
-2.6397
-2.7572
-2.6648
-2.8624
-2.6648
-2.6539
-2.5655
-2.5926
-2.5075
-2.4827
-2.6907
-2.6622
-2.4669
-2.6709
-2.5579
-2.5713
-2.4282
-2.6052
-2.3875
-2.3802
-2.4458
-2.5209
-2.5679
-2.3947
-2.5691
-2.5528
-2.5284
-2.4289
-2.3600
-2.3034
-2.4101
-2.5452
-2.4668
-2.3703
-2.3296
-2.4822
-2.4238
-2.3325
-2.4051
-2.4290
-2.4975
-2.4807
-2.3739
-2.5176
-2.4908
-2.5285
-2.4447
-2.4883
-2.4734
-2.5321
-2.5707
-2.5578
-2.6921
-2.5997
-2.4433
-2.5107
-2.5371
-2.5367
-2.5499
-2.5341
-2.5660
-2.5130
-2.7823
-2.7057
-2.6851
-2.7631
-2.8366
-2.5620
-2.6424
-2.8212
-2.8259
-2.6627
-2.7630
-2.8567
-2.7579
-2.8390
-2.6421
-2.6018
-2.8776
-2.6813
-2.6691
-2.7921
-2.6099
-2.7683
-2.8413
-2.8133
-2.5930
-2.6091
-2.5768
-2.6132
-2.5404
-2.7644
-2.6394
-2.6715
-2.5868
-2.4508
-2.6142
-2.5014
-2.6554
-2.5984
-2.3759
-2.5484
-2.3382
-2.4658
-2.3456
-2.5107
-2.2854
-2.3350
-2.1809
-2.3561
-2.3092
-2.3672
-2.0913
-2.2305
-2.3148
-2.1053
-2.1489
-2.1835
-2.0374
-1.9948
-2.1522
-2.0514
-2.0653
-2.1335
-1.9864
-1.8720
-2.1085
-1.8594
-1.9538
-1.9814
-2.0557
-2.0201
-1.9543
-1.9240
-1.9740
-1.8464
-1.8130
-1.8578
-1.9580
-1.9020
-1.8955
-2.0557
-1.9525
-2.0171
-1.9470
-1.8492
-2.0173
-2.1499
-1.8969
-1.9155
-2.1042
-2.1536
-2.0169
-2.1220
-2.1305
-2.1189
-2.3228
-2.1162
-2.1235
-2.4070
-2.2128
-2.2252
-2.5271
-2.4066
-2.4027
-2.5171
-2.4734
-2.4754
-2.5682
-2.5885
-2.7322
-2.6016
-2.7637
-2.7407
-2.7187
-2.9263
-2.9257
-2.9182
-2.9896
-3.1338
-2.9754
-3.2264
-3.1442
-3.2984
-3.0528
-3.2240
-3.1423
-3.3339
-3.2164
-3.4371
-3.2718
-3.3059
-3.4835
-3.4431
-3.4866
-3.4136
-3.6415
-3.7269
-3.4848
-3.6980
-3.7130
-3.6107
-3.7265
-3.5835
-3.5777
-3.5693
-3.7440
-3.6276
-3.8259
-3.6888
-3.6683
-3.8522
-3.7168
-3.6061
-3.7885
-3.7903
-3.6004
-3.6936
-3.7848
-3.7480
-3.6050
-3.6172
-3.6807
-3.5622
-3.5134
-3.6219
-3.5591
-3.5495
-3.3978
-3.5646
-3.3065
-3.4611
-3.3680
-3.2518
-3.2518
-3.3773
-3.1799
-3.3162
-3.0365
-3.0192
-3.0951
-3.0099
-2.8845
-3.1035
-2.8789
-2.8199
-2.7970
-2.9376
-2.8299
-2.9181
-2.7890
-2.8107
-2.6809
-2.6098
-2.5099
-2.5883
-2.5218
-2.3719
-2.3489
-2.4249
-2.2888
-2.5152
-2.2609
-2.3768
-2.3836
-2.1815
-2.3010
-2.3344
-2.3553
-2.0582
-2.1231
-2.0527
-2.0142
-2.0783
-1.9950
-2.1825
-1.9844
-1.9662
-2.1456
-2.2085
-1.9966
-2.1990
-2.0050
-2.0897
-2.0305
-2.1781
-2.0740
-2.0490
-2.2418
-2.1131
-1.9977
-2.2399
-2.1529
-2.1005
-2.2236
-2.0416
-2.1340
-2.2967
-2.2096
-2.1303
-2.2455
-2.2065
-2.1838
-2.2203
-2.4547
-2.4587
-2.4913
-2.5509
-2.5793
-2.4258
-2.4448
-2.3748
-2.4533
-2.6059
-2.5704
-2.6643
-2.5444
-2.7514
-2.5845
-2.5870
-2.6275
-2.7706
-2.7167
-2.7710
-2.9046
-2.7007
-2.7614
-2.9041
-2.7099
-2.9613
-2.9414
-2.9222
-2.9879
-3.0128
-2.8713
-3.0394
-2.9468
-3.0236
-2.9817
-2.8501
-3.0692
-3.1390
-2.8718
-2.9434
-2.9957
-2.9954
-3.1222
-2.8543
-3.0451
-2.9639
-3.0314
-3.1443
-2.9795
-2.9863
-3.0602
-3.1153
-2.8705
-3.1021
-3.0149
-2.8675
-2.8031
-2.9109
-2.8452
-2.8517
-2.8660
-2.8531
-2.7619
-2.8740
-2.9060
-2.8155
-2.8756
-2.9592
-2.8588
-2.8181
-2.8558
-2.8473
-2.7341
-2.7960
-2.7992
-2.9139
-2.8600
-2.7963
-2.7351
-2.7102
-2.6225
-2.6386
-2.8894
-2.6305
-2.8680
-2.6268
-2.7408
-2.8507
-2.9054
-2.8410
-2.6924
-2.9198
-2.8438
-2.9186
-2.9198
-2.9586
-2.7775
-2.9738
-2.8272
-2.9735
-2.8444
-2.9052
-2.9852
-2.8379
-2.8588
-2.8408
-3.1407
-2.9678
-3.1775
-3.1680
-3.1887
-3.1318
-3.1916
-3.1816
-3.2328
-3.2141
-3.2265
-3.1837
-3.1623
-3.3405
-3.1912
-3.2451
-3.2420
-3.4577
-3.5149
-3.3733
-3.3674
-3.5654
-3.5907
-3.4601
-3.4151
-3.4331
-3.6687
-3.4933
-3.4579
-3.6089
-3.7379
-3.7004
-3.5657
-3.7847
-3.6799
-3.6544
-3.5384
-3.7687
-3.8021
-3.6474
-3.8118
-3.5509
-3.7718
-3.6633
-3.5978
-3.5900
-3.6870
-3.5989
-3.5445
-3.5393
-3.7344
-3.6223
-3.5373
-3.6993
-3.5172
-3.5808
-3.5294
-3.6059
-3.6370
-3.5501
-3.3404
-3.4492
-3.4832
-3.3078
-3.2766
-3.4725
-3.1846
-3.1780
-3.2882
-3.1521
-3.2305
-3.0064
-3.1662
-3.1650
-2.9566
-3.0012
-2.9121
-2.7818
-2.9414
-2.9757
-2.7246
-2.8159
-2.7136
-2.7980
-2.7940
-2.7355
-2.4985
-2.6217
-2.5628
-2.4495
-2.3669
-2.3504
-2.4371
-2.4623
-2.2963
-2.4611
-2.3504
-2.2180
-2.2074
-2.2642
-2.0431
-2.2823
-2.0793
-2.2354
-2.1357
-2.0017
-2.1303
-2.2038
-2.0497
-2.1263
-2.1622
-1.9869
-2.0477
-2.1371
-2.1616
-2.1333
-2.1569
-2.1053
-1.9242
-2.0582
-2.1538
-2.1087
-2.0526
-2.1041
-2.1022
-2.0441
-2.2085
-2.1191
-2.3192
-2.3727
-2.3134
-2.1966
-2.3561
-2.2064
-2.3465
-2.4577
-2.3127
-2.3545
-2.4025
-2.6153
-2.6419
-2.5295
-2.5896
-2.6893
-2.5842
-2.7695
-2.6521
-2.8417
-2.8764
-2.8354
-2.9882
-3.0072
-3.1417
-2.9922
-3.0880
-3.1005
-3.0928
-3.3027
-3.1476
-3.1690
-3.3875
-3.2914
-3.4405
-3.4929
-3.5551
-3.4374
-3.5053
-3.4457
-3.6415
-3.6950
-3.6434
-3.6538
-3.5834
-3.8009
-3.8446
-3.6902
-3.8869
-3.8705
-3.7174
-3.7841
-3.7876
-3.7179
-3.7311
-3.8260
-3.8995
-3.9511
-3.7242
-3.7009
-3.7096
-3.8000
-3.9621
-3.9633
-3.9262
-3.9655
-3.7503
-3.9163
-3.7593
-3.7026
-3.7582
-3.8023
-3.6557
-3.7963
-3.7768
-3.6212
-3.6889
-3.7444
-3.5850
-3.7374
-3.4910
-3.6812
-3.7029
-3.6857
-3.4565
-3.4214
-3.4238
-3.3976
-3.3158
-3.4433
-3.3263
-3.4149
-3.2381
-3.5005
-3.1866
-3.2903
-3.3382
-3.2561
-3.3151
-3.3395
-3.1704
-3.1482
-3.0997
-3.2176
-3.2326
-3.1903
-3.1822
-2.9903
-3.0303
-3.1600
-3.0549
-2.9981
-2.9660
-2.9422
-3.0279
-3.1807
-3.1314
-2.9325
-3.0664
-2.9906
-2.9530
-3.1137
-3.0225
-3.1216
-3.1908
-2.9661
-3.1935
-3.0868
-3.1344
-3.1549
-3.0241
-2.9556
-3.2358
-3.0222
-3.0151
-2.9918
-2.9814
-3.2477
-3.1382
-3.0578
-3.1240
-3.0398
-3.0528
-3.0579
-3.3386