-0.0261
-0.0343
0.1756
0.1049
0.0229
-0.0622
0.1376
0.1170
-0.0437
-0.0219
0.2438
0.1052
-0.0308
-0.0156
0.0156
0.2458
0.1213
0.1529
0.1352
0.0087
0.2584
0.0756
0.0688
0.1646
0.1264
0.0906
0.1724
0.2519
0.1503
0.0419
0.0106
0.0719
-0.0614
0.1826
0.0913
-0.0430
0.0388
-0.1150
0.1128
-0.0285
-0.0132
-0.0244
-0.0078
-0.1187
-0.2254
-0.1312
-0.2735
-0.0865
-0.3172
-0.0632
-0.1480
-0.1110
-0.2599
-0.3634
-0.3796
-0.2518
-0.2034
-0.4162
-0.3190
-0.5333
-0.4085
-0.4793
-0.4097
-0.5707
-0.6401
-0.5523
-0.5140
-0.6841
-0.6049
-0.5613
-0.5243
-0.6945
-0.6799
-0.5479
-0.6146
-0.7628
-0.6169
-0.7658
-0.7770
-0.8643
-0.7584
-0.7431
-0.7849
-0.7897
-0.8036
-0.5933
-0.6129
-0.7470
-0.7162
-0.6830
-0.6966
-0.7521
-0.5243
-0.7529
-0.5349
-0.7676
-0.6604
-0.5167
-0.5280
-0.6493
-0.3918
-0.4907
-0.5532
-0.4290
-0.3006
-0.2783
-0.3728
-0.3544
-0.3625
-0.4073
-0.1648
-0.3177
-0.2162
-0.1692
0.0133
-0.2099
0.0734
-0.0565
-0.0307
0.0781
0.1878
0.0675
0.1092
0.3747
0.2972
0.2477
0.4836
0.4986
0.3229
0.3020
0.5500
0.6311
0.4399
0.4490
0.6487
0.6817
0.6854
0.5618
0.7942
0.8981
0.9019
0.6982
0.7936
0.7814
0.8972
0.9317
0.8554
1.0204
1.0338
1.0421
0.9241
0.8445
1.0485
1.1398
0.8951
0.8831
1.1239
0.9938
1.1024
1.0857
0.8930
0.9037
0.8366
0.9923
1.0304
0.9366
0.7761
1.0478
0.8824
0.8118
0.7429
0.8556
0.8164
0.8437
0.6379
0.6711
0.5784
0.7604
0.5757
0.5250
0.4115
0.6168
0.4912
0.4684
0.5328
0.4524
0.3995
0.2159
0.2903
0.3757
0.2291
0.2552
0.2704
0.2033
-0.0357
-0.1267
-0.0386
-0.2064
-0.1045
0.0031
-0.2427
-0.2359
-0.2562
-0.1694
-0.2036
-0.3464
-0.3986
-0.2646
-0.3486
-0.3770
-0.3405
-0.4967
-0.4362
-0.5609
-0.4633
-0.6211
-0.5356
-0.4818
-0.6339
-0.6768
-0.7571
-0.7342
-0.8086
-0.7386
-0.7600
-0.7627
-0.6252
-0.7144
-0.7198
-0.6447
-0.8403
-0.6869
-0.7674
-0.7666
-0.6889
-0.5951
-0.7866
-0.6352
-0.5560
-0.7554
-0.7132
-0.6402
-0.5078
-0.6091
-0.6603
-0.5663
-0.5366
-0.5667
-0.6672
-0.4413
-0.4801
-0.4974
-0.5714
-0.4622
-0.4781
-0.4656
-0.2608
-0.3650
-0.4450
-0.3267
-0.1849
-0.3461
-0.1005
-0.2571
-0.2330
-0.2500
-0.0608
-0.2502
0.0332
-0.1856
-0.1289
0.0089
-0.1379
-0.0103
0.0681
0.1452
0.1002
0.1189
0.0286
-0.0101
0.0850
0.0044
0.2004
0.1547
0.2080
0.2076
0.1157
0.0724
0.1894
0.2820
0.2189
0.2378
0.2010
0.1672
0.2130
0.1340
0.2416
-0.0012
0.2647
-0.0013
0.1275
0.0781
-0.0174
0.1604
0.1195
0.1621
0.0886
0.1531
0.0735
0.1742
0.1428
0.0238
0.0982
-0.0065
0.0902
-0.0716
0.1146
-0.1045
-0.1756
0.0186
0.0335
0.0522
-0.1347
0.0005
-0.0867
-0.1161
-0.0153
0.0182
-0.2497
-0.0645
-0.2105
-0.1645
-0.2061
-0.0385
0.0095
-0.0942
-0.0771
-0.0070
-0.0779
-0.1103
-0.1622
-0.0809
-0.1563
-0.1360
-0.1398
-0.1011
-0.0810
0.0516
-0.1482
-0.0964
-0.0127
-0.0250
-0.0778
0.0327
0.1384
-0.0900
0.0414
-0.0475
0.1148
0.1268
0.2151
0.0747
0.2015
0.1838
0.3256
0.2870
0.2166
0.2364
0.2302
0.4618
0.2874
0.2673
0.3499
0.4855
0.4960
0.5154
0.3276
0.4581
0.6359
0.4801
0.5822
0.5103
0.4756
0.5710
0.7153
0.7790
0.7571
0.5364
0.6244
0.6046
0.6387
0.8472
0.7237
0.7901
0.8227
0.6238
0.8469
0.6085
0.8001
0.7936
0.7869
0.6071
0.6949
0.7064
0.7041
0.7927
0.7265
0.7520
0.6552
0.7668
0.4829
0.6069
0.5091
0.5478
0.5866
0.4200
0.5152
0.4046
0.5439
0.2915
0.2530
0.4799
0.2069
0.1748
0.1429
0.0896
0.1648
0.1942
0.2075
0.1592
0.0995
-0.0094
0.0243
0.0618
-0.1114
-0.2092
-0.1013
-0.3049
-0.3430
-0.3111
-0.3016
-0.3394
-0.5234
-0.5587
-0.5456
-0.4447
-0.5757
-0.4834
-0.4837
-0.6758
-0.8101
-0.6836
-0.6588
-0.8140
-0.7880
-0.8939
-0.7018
-0.8608
-0.8639
-0.9786
-1.0337
-1.0605
-0.8471
-0.8744
-1.0584
-0.8582
-0.9295
-0.9440
-0.8486
-1.1386
-1.0227
-1.0025
-0.9723
-1.1185
-0.9400
-1.1151
-0.9549
-0.8978
-0.9530
-0.9003
-1.0062
-0.8598
-0.9210
-0.9843
-0.8810
-0.8928
-0.8754
-0.7357
-0.7393
-0.7446
-0.7745
-0.5525
-0.5210
-0.6624
-0.5304
-0.4477
-0.3610
-0.3368
-0.4618
-0.4925
-0.2659
-0.4340
-0.3834
-0.2870
-0.1019
-0.1438
-0.1052
0.0343
-0.0335
-0.1658
0.1109
0.0874
0.0849
0.0572
0.0893
0.1907
0.1485
0.1281
0.1966
0.2549
0.2674
0.4194
0.5135
0.5371
0.5611
0.5583
0.6278
0.6273
0.4758
0.7331
0.4823
0.6672
0.5530
0.5767
0.6191
0.5888
0.6923
0.8350
0.6762
0.7397
0.7516
0.7878
0.6963
0.8345
0.8527
0.8002
0.6577
0.8068
0.6051
0.7069
0.7308
0.7496
0.6433
0.7356
0.7709
0.5081
0.5186
0.7209
0.5725
0.5526
0.6995
0.6186
0.6690
0.4254
0.3643
0.4304
0.4443
0.4442
0.5448
0.3780
0.3286
0.4850
0.2429
0.3423
0.4101
0.3005
0.1673
0.2156
0.0357
0.2796
0.1155
0.0647
0.2401
0.0742
0.0040
-0.0747
0.0575
-0.0876
-0.1273
0.0099
-0.0923
-0.0833
0.0130
0.0413
-0.1227
0.0514
0.0397
-0.1928
-0.0316
-0.0839
0.0016
-0.0981
-0.0720
-0.0625
-0.1721
-0.2134
-0.2782
-0.1471
-0.0939
-0.2017
-0.1272
-0.2054
-0.1856
-0.0748
0.0030
0.0001
-0.1886
-0.1246
0.0297
-0.1516
0.0700
-0.0254
-0.1524
0.0553
0.0138
-0.0091
-0.0878
-0.1411
-0.0732
-0.0249
0.0667
0.1822
-0.0419
0.1324
0.1803
0.0648
-0.0208
0.1828
0.0900
-0.0111
0.2233
0.1570
0.0010
0.2490
-0.0091
-0.0044
0.2828
0.1939
0.1020
0.1405
0.2176
0.0017
0.2024
0.1918
0.1149
0.1469
0.0680
0.0106
0.0715
0.2191
0.0014
0.0316
0.0094
-0.0750
0.0409
0.1232
0.1303
0.0607
-0.0574
-0.0996
0.0012
0.0399
0.0346
-0.2375
-0.1367
-0.2630
-0.2461
-0.0776
-0.3051
-0.3489
-0.2439
-0.3344
-0.3360
-0.2351
-0.2427
-0.3122
-0.4129
-0.3667
-0.5166
-0.4167
-0.4199
-0.4624
-0.5585
-0.5723
-0.6488
-0.4796
-0.5876
-0.6455
-0.5351
-0.7114
-0.5429
-0.5643
-0.5674
-0.7211
-0.7270
-0.5922
-0.7189
-0.6932
-0.6608
-0.5849
-0.7118
-0.6859
-0.7054
-0.5970
-0.6131
-0.8169
-0.8085
-0.7820
-0.6209
-0.7768
-0.5303
-0.5995
-0.7456
-0.5251
-0.4929
-0.4589
-0.5567
-0.5381
-0.6318
-0.5073
-0.4722
-0.5614
-0.4359
-0.3955
-0.4674
-0.3101
-0.4582
-0.3386
-0.2416
-0.2701
-0.1533
-0.1906
-0.2233
0.0463
0.0007
0.0429
0.0849
0.1430
0.2098
0.1497
0.0779
0.1841
0.3536
0.1960
0.2805
0.5081
0.4963
0.3568
0.6253
0.3791
0.5214
0.5482
0.5793
0.5241
0.6483
0.7344
0.8751
0.6718
0.7381
0.7365
0.7675
0.7586
0.7296
0.8768
0.8329
1.0367
0.9494
1.0782
1.1076
1.0010
0.8693
1.1182
1.0232
1.1134
0.9772
1.0319
0.8690
1.1217
1.0316
0.8634
1.0335
0.9320
0.8268
0.8523
0.8475
0.8243
0.9491
0.9449
0.8619
0.8414
0.8408
0.9223
0.7907
0.7532
0.8172
0.6861
0.5849
0.7398
0.5522
0.5674
0.5690
0.5219
0.3468
0.2716
0.2931
0.4343
0.3048
0.2391
0.1913
0.2568
0.1832
0.1468
-0.0397
0.0045
-0.0107
-0.0863
-0.0911
-0.1683
-0.0731
-0.2258
-0.1615
-0.2640
-0.2220
-0.1912
-0.3480
-0.2621
-0.4964
-0.3277
-0.5915
-0.5022
-0.6597
-0.4469
-0.6575
-0.6823
-0.6968
-0.5618
-0.7218
-0.7118
-0.5846
-0.6772
-0.5658
-0.8310
-0.7256
-0.6918
-0.6994
-0.6258
-0.8377
-0.7868
-0.8761
-0.5900
-0.6427
-0.6431
-0.8215
-0.7519
-0.8035
-0.6910
-0.5874
-0.6290
-0.6002
-0.6017
-0.5607
-0.5065
-0.5605
-0.6778
-0.5426
-0.6474
-0.4059
-0.6352
-0.5370
-0.4441
-0.4550
-0.3349
-0.3960
-0.4654
-0.2990
-0.4454
-0.2706
-0.2560
-0.3555
-0.3479
-0.3311
-0.3147
-0.2777
-0.0313
-0.2926
0.0098
-0.2503
0.0524
-0.1313
-0.0452
0.0732
0.0999
-0.0965
0.0601
0.1586
0.1825
-0.0651
-0.0319
0.1494
-0.0495
-0.0337
0.1001
0.2159
0.2667
-0.0254
0.1409
0.2405
0.2579
0.2410
0.2524
0.2131
0.0241
0.1404
0.0364
0.2324
0.2581
0.0264
0.2359
0.0817
0.0740
0.0341
0.2059
0.1604
0.0642
0.1343
0.1959
-0.0443
-0.0326
0.0767
0.1172
0.1208
-0.0258
-0.1206
-0.1411
-0.0670
0.0638
-0.1301
0.0335
-0.0166
-0.2139
0.0055
0.0385
-0.0982
-0.0028
-0.2201
-0.0376
0.0067
-0.0259
-0.2020
-0.2193
-0.1292
-0.1686
-0.1452
0.0090
-0.1073
-0.0038
-0.1379
-0.1506
-0.0461
-0.0498
-0.1344
-0.2447
-0.2267
-0.0052
-0.0385
-0.2153
-0.0468
0.0140
-0.1561
-0.1106
0.0821
-0.1045
0.1343
0.1634
-0.0927
0.0345
-0.0098
0.1209
0.0088
0.0101
0.2987
0.3309
0.1688
0.2752
0.1239
0.1876
0.1590
0.3099
0.2360
0.5102
0.3627
0.5427
0.4947
0.4728
0.4813
0.5511
0.3608
0.6133
0.6753
0.4178
0.6801
0.6795
0.7643
0.5484
0.7700
0.6999
0.5510
0.6109
0.7696
0.7909
0.5883
0.7044
0.6344
0.8495
0.6715
0.8340
0.6548
0.8389
0.6292
0.7964
0.5727
0.7490
0.7180
0.6511
0.5908
0.7521
0.5442
0.6319
0.4724
0.5064
0.5766
0.6618
0.4307
0.5848
0.5481
0.3255
0.4351
0.5520
0.2655
0.4248
0.3626
0.3176
0.2564
0.2438
0.1674
0.0276
0.0566
0.1020
0.0873
0.1398
0.1169
-0.1856
-0.0526
-0.1079
-0.1842
-0.2570
-0.2587
-0.2373
-0.1878
-0.4856
-0.3094
-0.4073
-0.3461
-0.6241
-0.6005
-0.7062
-0.6029
-0.5551
-0.7313
-0.7782
-0.7749
-0.7656
-0.7066
-0.7998
-0.8616
-0.7270
-0.7300
-0.8506
-1.0175
-0.8881
-0.9736
-0.8046
-1.0277
-0.9120
-0.9718
-1.0813
-0.9376
-1.1328
-1.0944
-1.1361
-0.8827
-0.8930
-1.1045
-1.0102
-1.0889
-0.9433
-0.8185
-1.0132
-0.7784
-0.9541
-0.9786
-0.8221
-0.7091
-0.7922
-0.9364
-0.8187
-0.8548
-0.8081
-0.8334
-0.5491
-0.5512
-0.6459
-0.4758
-0.4662
-0.4719
-0.5056
-0.4808
-0.5262
-0.4141
-0.3153
-0.3047
-0.2120
-0.2141
-0.0863
-0.2639
-0.1163
-0.0410
-0.1245
0.0398
-0.0913
0.1022
0.2180
0.1506
0.1672
0.1143
0.1115
0.3627
0.4063
0.2864
0.2629
0.3699
0.5340
0.5647
0.5374
0.6505
0.6687
0.4417
0.6232
0.5925
0.4864
0.7527
0.6480
0.7444
0.5438
0.6157
0.7422
0.5955
0.7540
0.6836
0.8021
0.7711
0.6912
0.6668
0.6777
0.8488
0.7061
0.6969
0.6940
0.8338
0.6073
0.7964
0.5267
0.6113
0.7255
0.5846
0.6526
0.5871
0.4377
0.5971
0.5799
0.5756
0.4644
0.4898
0.5321
0.5672
0.2964
0.2881
0.4320
0.4446
0.4899
0.2092
0.2590
0.3306
0.2187
0.3434
0.1506
0.0819
0.2229
0.0614
0.2411
0.1864
0.0678
-0.0765
-0.0496
-0.0296
0.1333
0.0360
-0.0632
-0.0887
-0.0571
0.0706
0.0650
-0.0722
-0.0458
-0.0277
-0.2449
-0.0873
-0.2526
-0.1457
-0.1371
-0.2747
-0.2652
-0.0099
-0.1283
-0.1791
-0.1798
-0.2425
-0.2413
-0.1783
-0.1795
-0.0410
-0.1255
-0.1268
-0.2209
0.0122
-0.0443
0.0114
-0.0342
0.0724
0.0799
-0.1299
-0.0082
0.0325
-0.0268
0.0886
-0.0991
-0.1091
-0.1356
-0.0806
0.0436
0.0461
0.0179
0.0047
-0.0785
0.1735
0.1285
0.0792
0.0251
0.1996
0.2118
0.2258
0.1152
0.2704
0.2351
0.0091
0.0588
0.2340
0.1109
0.1287
0.2730
0.2750
0.2121
0.1510
0.2487
0.1169
0.0115
0.0521
0.0349
0.1042
-0.0531
-0.0636
-0.0461
0.1755
0.1211
0.0767
0.1396
0.1324
0.1126
-0.1557
0.0691
-0.0777
-0.2335
-0.1816
-0.0265
-0.0650
-0.3354
-0.1651
-0.1376
-0.3265
-0.4026
-0.3647
-0.4347
-0.3424
-0.3837
-0.4167
-0.2867
-0.4479
-0.5100
-0.6015
-0.5705
-0.5844
-0.6668
-0.4837
-0.7102
-0.5467
-0.6243
-0.6880
-0.5821
-0.6959
-0.7742
-0.6569
-0.7793
-0.5739
-0.6480
-0.6015
-0.6337
-0.6259
-0.6823
-0.6619
-0.6700
-0.7806
-0.7163
-0.6113
-0.8530
-0.7140
-0.7276
-0.5781
-0.6508
-0.5340
-0.6410
-0.5507
-0.6471
-0.6077
-0.6997
-0.5439
-0.4249
-0.5318
-0.5251
-0.4066
-0.5915
-0.3285
-0.5639
-0.3829
-0.3031
-0.3063
-0.3009
-0.3159
-0.1984
-0.0710
-0.1055
0.0089
-0.2096
-0.0498
-0.1334
0.0341
0.1144
-0.0106
0.2160
0.1400
0.3274
0.1875
0.1510
0.2356
0.2314
0.5280
0.2837
0.3486
0.3527
0.4480
0.4199
0.6417
0.6358
0.5851
0.5993
0.5971
0.7079
0.6260
0.8297
0.8163
0.7876
0.9397
0.9879
0.8330
0.9253
0.9203
0.9023
1.0637
1.1171
1.0191
0.8927
0.8806
1.0215
0.9481
0.9304
1.0137
0.8997
1.0444
0.8512
0.8366
0.9026
0.8285
1.0625
1.0318
0.8805
0.7949
0.8542
0.8294
0.9012
0.7813
0.9203
0.8825
0.8673
0.6575
0.6115
0.7601
0.5258
0.4699
0.5538
0.6355
0.4501
0.3590
0.2822
0.5023
0.3666
0.2621
0.3111
0.3118
0.1367
0.2068
0.0226
0.2115
0.1001
-0.1004
-0.0544
-0.0338
0.0193
-0.1363
-0.1420
-0.1600
-0.1208
-0.3847
-0.3407
-0.3998
-0.3155
-0.2856
-0.4337
-0.3662
-0.5359
-0.4936
-0.5655
-0.4354
-0.5227
-0.4967
-0.7307
-0.6970
-0.5662
-0.7460
-0.8135
-0.7043
-0.5643
-0.7755
-0.6905
-0.7594
-0.8637
-0.7247
-0.6285
-0.7992
-0.8621
-0.7996
-0.6717
-0.7662
-0.6610
-0.8476
-0.6276
-0.7160
-0.8125
-0.6889
-0.5830
-0.5077
-0.4741
-0.4587
-0.4685
-0.4605
-0.4620
-0.5173
-0.5390
-0.6068
-0.4284
-0.3450
-0.5009
-0.3100
-0.5193
-0.4052
-0.4165
-0.4292
-0.2638
-0.3363
-0.1217
-0.2382
-0.1448
-0.3414
-0.1428
-0.1309
-0.0415
-0.0676
0.0185
0.0443
-0.1627
-0.1332
0.0631
-0.1399
-0.0259
-0.0383
0.1058
-0.0702
0.1485
0.1568
0.0922
0.0181
-0.0279
0.1463
-0.0271
-0.0098
0.0156
0.1161
0.1860
0.2436
0.1379
0.0038
0.0832
0.1807
0.2224
0.0708
0.1302
0.2225
0.1509
0.1280
0.0605
0.0783
0.1861
0.0434
0.0712
0.0345
0.1193
0.0767
0.0926
0.0349
-0.0027
0.0112
-0.1221
-0.0287
0.1287
0.0623
0.0369
0.0383
0.0261
0.0429
0.0120
0.0660
-0.2023
-0.1247
-0.1031
-0.1801
-0.2526
0.0230
-0.0564
-0.2342
-0.2379
-0.0737
-0.1730
-0.2657
-0.1659
-0.2460
-0.0481
-0.0068
-0.2816
-0.0843
-0.0711
-0.1931
-0.0099
-0.1673
-0.2393
-0.2103
0.0110
-0.0041
0.0292
-0.0062
0.0676
-0.1554
-0.0294
-0.0605
0.0252
0.1622
-0.0002
0.1136
-0.0394
0.0186
0.2421
0.0706
0.2818
0.1552
0.2764
0.1123
0.3386
0.2900
0.4451
0.2709
0.3188
0.2618
0.5387
0.4005
0.3172
0.5277
0.4851
0.4515
0.5986
0.6422
0.4858
0.5876
0.5747
0.5075
0.6556
0.7710
0.5355
0.7856
0.6922
0.6656
0.5923
0.6289
0.6957
0.7270
0.6780
0.8066
0.8410
0.7972
0.6980
0.7550
0.7625
0.6033
0.7075
0.6439
0.7150
0.8138
0.6467
0.5151
0.7691
0.7515
0.5638
0.5154
0.6531
0.5490
0.5415
0.5541
0.3512
0.5588
0.5525
0.2700
0.4652
0.4538
0.1529
0.2744
0.2793
0.1659
0.2106
0.2096
0.1178
0.0985
-0.0442
0.0874
-0.0737
-0.0497
-0.0267
-0.2333
-0.2317
-0.2232
-0.2936
-0.4368
-0.2774
-0.5274
-0.4442
-0.5974
-0.3508
-0.5210
-0.4383
-0.6289
-0.5104
-0.7301
-0.5638
-0.5969
-0.7735
-0.7321
-0.7746
-0.7006
-0.9275
-1.0119
-0.7688
-0.9810
-0.9950
-0.8917
-1.0065
-0.8625
-0.8557
-0.8463
-1.0200
-0.9026
-1.0999
-0.9618
-0.9403
-1.1232
-0.9868
-0.8751
-1.0565
-1.0573
-0.8664
-0.9586
-1.0488
-1.0110
-0.8670
-0.8782
-0.9407
-0.8212
-0.7714
-0.8789
-0.8151
-0.8045
-0.6518
-0.8176
-0.5585
-0.7121
-0.6180
-0.5008
-0.4998
-0.6243
-0.4259
-0.5612
-0.2805
-0.2622
-0.3371
-0.2509
-0.1245
-0.3425
-0.1169
-0.0569
-0.0330
-0.1726
-0.0639
-0.1511
-0.0210
-0.0417
0.0891
0.1612
0.2621
0.1847
0.2522
0.4031
0.4271
0.3521
0.4892
0.2638
0.5191
0.4042
0.3984
0.6015
0.4830
0.4506
0.4307
0.7288
0.6649
0.7363
0.7758
0.7127
0.7970
0.6105
0.8096
0.8288
0.6504
0.5885
0.8014
0.6000
0.7950
0.7113
0.7715
0.6249
0.7300
0.7560
0.5642
0.6939
0.8103
0.5691
0.6571
0.7105
0.5884
0.7714
0.6800
0.5183
0.6064
0.6867
0.5725
0.6125
0.6362
0.6007
0.3673
0.3643
0.3327
0.2741
0.2467
0.4012
0.3832
0.4542
0.3767
0.2251
0.2616
0.1687
0.2896
0.0836
0.2515
0.2500
0.2105
0.0684
0.1233
0.0700
-0.0626
0.1423
0.0826
-0.0591
0.1361
-0.1143
-0.0934
-0.0732
-0.1379
-0.1618
-0.0193
-0.1864
-0.0928
-0.1686
-0.1257
0.0069
-0.2112
-0.2800
-0.0118
-0.0824
-0.1337
-0.1324
-0.2582
0.0107
-0.1791
-0.0969
-0.1634
-0.2753
-0.1095
-0.1153
-0.1882
-0.2423
0.0035
-0.2271
-0.1389
0.0095
0.0749
-0.0319
0.0348
0.0293
0.0160
0.0299
0.1221
0.0110
-0.0200
0.0715
0.0124
-0.0702
0.0312
0.0729
0.0362
0.0457
0.1599
0.0990
0.0968
-0.0169
0.0380
0.1027
0.1649
0.1908
0.2795
0.2644
0.0146
0.2745
0.0380
0.2802
0.1672
0.0583
0.0046
0.0700
0.2196
-0.0068
0.0702
-0.0036
-0.0038
-0.0416
0.1405
-0.0548
0.0928
-0.0525
0.0776
0.0178
-0.0612
0.0871
0.0672
0.0862
-0.2127
-0.0388
-0.2475
-0.2370
-0.2567
-0.1988
-0.2576
-0.2466
-0.2968
-0.2771
-0.2885
-0.2447
-0.2223
-0.3995
-0.2492
-0.3021
-0.2980
-0.5127
-0.5689
-0.4263
-0.4194
-0.6164
-0.6407
-0.5091
-0.4631
-0.4801
-0.7147
-0.5383
-0.5019
-0.6519
-0.7799
-0.7414
-0.6057
-0.8237
-0.7179
-0.6914
-0.5744
-0.8037
-0.8361
-0.6804
-0.8438
-0.5819
-0.8018
-0.6923
-0.6258
-0.6170
-0.7130
-0.6239
-0.5685
-0.5623
-0.7564
-0.6433
-0.5573
-0.7183
-0.5352
-0.5978
-0.5454
-0.6209
-0.6510
-0.5631
-0.3524
-0.4602
-0.4932
-0.3168
-0.2846
-0.4795
-0.1906
-0.1830
-0.2922
-0.1551
-0.2325
-0.0074
-0.1662
-0.1640
0.0454
0.0018
0.0919
0.2232
0.0646
0.0313
0.2834
0.1931
0.2964
0.2130
0.2180
0.2775
0.5155
0.3933
0.4532
0.5675
0.6511
0.6686
0.5829
0.5587
0.7257
0.5619
0.6736
0.8070
0.8186
0.7628
0.9849
0.7467
0.9507
0.7956
0.8963
1.0313
0.9037
0.8312
0.9863
0.9107
0.8758
1.0521
0.9923
0.9039
0.8804
0.9097
0.8871
0.9397
1.1218
0.9888
0.8942
0.9403
0.9974
0.9469
0.9498
1.0089
0.8455
0.9359
0.7368
0.6843
0.7446
0.8624
0.7039
0.8546
0.7155
0.6053
0.7513
0.7105
0.6635
0.4517
0.4261
0.5395
0.4804
0.3817
0.4878
0.3035
0.4219
0.2333
0.1996
0.2416
0.0898
0.0718
-0.0617
0.0888
-0.0060
-0.0175
-0.0088
-0.2177
-0.0616
-0.0820
-0.2995
-0.2024
-0.3505
-0.4019
-0.4631
-0.3444
-0.4113
-0.3507
-0.5455
-0.5980
-0.5454
-0.5548
-0.4834
-0.6999
-0.7426
-0.5872
-0.7829
-0.7655
-0.6114
-0.6771
-0.6796
-0.6089
-0.6211
-0.7150
-0.7875
-0.8381
-0.6102
-0.5859
-0.5936
-0.6830
-0.8441
-0.8443
-0.8062
-0.8445
-0.6283
-0.7933
-0.6353
-0.5776
-0.6322
-0.6753
-0.5277
-0.6673
-0.6468
-0.4902
-0.5569
-0.6114
-0.4510
-0.6024
-0.3550
-0.5442
-0.5649
-0.5467
-0.3165
-0.2804
-0.2818
-0.2546
-0.1718
-0.2983
-0.1803
-0.2679
-0.0901
-0.3515
-0.0366
-0.1393
-0.1862
-0.1031
-0.1611
-0.1845
-0.0144
0.0088
0.0583
-0.0586
-0.0726
-0.0293
-0.0202
0.1727
0.1337
0.0050
0.1111
0.1689
0.2020
0.2268
0.1421
-0.0097
0.0406
0.2405
0.1076
0.1844
0.2230
0.0633
0.1555
0.0574
-0.0108
0.2149
-0.0115
0.0962
0.0496
0.0301
0.1619
0.2314
-0.0478
0.1668
0.1749
0.1992
0.2106
-0.0547
0.0558
0.1372
0.0720
0.1572
0.1452
0.1411
-0.1386