0.9749
0.9677
1.1786
1.1089
1.0279
0.9438
1.1446
1.1250
0.9653
0.9881
1.2548
1.1172
0.9822
0.9984
1.0306
1.2618
1.1383
1.1709
1.1542
1.0287
1.2794
1.0976
1.0918
1.1886
1.1514
1.1166
1.1994
1.2799
1.1793
1.0719
1.0416
1.1039
0.9716
1.2166
1.1263
0.9930
1.0758
0.9230
1.1518
1.0115
1.0278
1.0176
1.0352
0.9253
0.8196
0.9148
0.7735
0.9615
0.7318
0.9868
0.9030
0.9410
0.7931
0.6906
0.6754
0.8042
0.8536
0.6418
0.7400
0.5267
0.6525
0.5827
0.6533
0.4933
0.4249
0.5137
0.5530
0.3839
0.4641
0.5087
0.5467
0.3775
0.3931
0.5261
0.4604
0.3132
0.4601
0.3122
0.3020
0.2157
0.3226
0.3389
0.2981
0.2943
0.2814
0.4927
0.4741
0.3410
0.3728
0.4070
0.3944
0.3399
0.5687
0.3411
0.5601
0.3284
0.4366
0.5813
0.5710
0.4507
0.7092
0.6113
0.5498
0.6750
0.8044
0.8277
0.7342
0.7536
0.7465
0.7027
0.9462
0.7943
0.8968
0.9448
1.1283
0.9061
1.1904
1.0615
1.0883
1.1981
1.3088
1.1895
1.2322
1.4987
1.4222
1.3737
1.6106
1.6266
1.4519
1.4320
1.6810
1.7631
1.5729
1.5830
1.7837
1.8177
1.8224
1.6998
1.9332
2.0381
2.0429
1.8402
1.9366
1.9254
2.0422
2.0777
2.0024
2.1684
2.1828
2.1921
2.0751
1.9965
2.2015
2.2938
2.0501
2.0391
2.2809
2.1518
2.2614
2.2457
2.0540
2.0657
1.9996
2.1563
2.1954
2.1026
1.9431
2.2158
2.0514
1.9818
1.9139
2.0276
1.9894
2.0177
1.8129
1.8471
1.7554
1.9384
1.7547
1.7050
1.5925
1.7988
1.6742
1.6524
1.7178
1.6384
1.5865
1.4039
1.4793
1.5657
1.4201
1.4472
1.4634
1.3973
1.1593
1.0693
1.1584
0.9916
1.0945
1.2031
0.9583
0.9661
0.9468
1.0346
1.0014
0.8596
0.8084
0.9434
0.8604
0.8330
0.8705
0.7153
0.7768
0.6531
0.7517
0.5949
0.6814
0.7362
0.5851
0.5432
0.4639
0.4878
0.4144
0.4854
0.4650
0.4633
0.6018
0.5136
0.5092
0.5853
0.3907
0.5451
0.4656
0.4674
0.5461
0.6409
0.4504
0.6028
0.6830
0.4846
0.5278
0.6018
0.7352
0.6349
0.5847
0.6797
0.7104
0.6813
0.5818
0.8087
0.7709
0.7546
0.6816
0.7918
0.7769
0.7904
0.9962
0.8930
0.8140
0.9333
1.0761
0.9159
1.1625
1.0069
1.0320
1.0160
1.2062
1.0178
1.3022
1.0844
1.1421
1.2809
1.1351
1.2637
1.3431
1.4212
1.3772
1.3969
1.3076
1.2699
1.3660
1.2864
1.4834
1.4387
1.4930
1.4936
1.4027
1.3604
1.4784
1.5720
1.5099
1.5298
1.4940
1.4612
1.5080
1.4300
1.5386
1.2968
1.5637
1.2987
1.4285
1.3801
1.2856
1.4644
1.4245
1.4681
1.3956
1.4611
1.3825
1.4842
1.4538
1.3358
1.4112
1.3075
1.4052
1.2444
1.4316
1.2135
1.1434
1.3386
1.3545
1.3742
1.1883
1.3245
1.2383
1.2099
1.3117
1.3462
1.0793
1.2655
1.1205
1.1675
1.1269
1.2955
1.3445
1.2418
1.2599
1.3310
1.2611
1.2297
1.1788
1.2611
1.1867
1.2080
1.2052
1.2449
1.2660
1.3996
1.2008
1.2536
1.3383
1.3270
1.2752
1.3867
1.4934
1.2660
1.3984
1.3105
1.4738
1.4868
1.5761
1.4367
1.5645
1.5478
1.6906
1.6530
1.5836
1.6044
1.5992
1.8318
1.6584
1.6393
1.7229
1.8595
1.8710
1.8914
1.7046
1.8361
2.0149
1.8601
1.9632
1.8923
1.8586
1.9550
2.1003
2.1650
2.1441
1.9244
2.0134
1.9946
2.0297
2.2392
2.1167
2.1841
2.2177
2.0198
2.2439
2.0065
2.1991
2.1936
2.1879
2.0091
2.0979
2.1104
2.1091
2.1987
2.1335
2.1600
2.0642
2.1768
1.8939
2.0189
1.9221
1.9618
2.0016
1.8360
1.9322
1.8226
1.9629
1.7115
1.6740
1.9019
1.6299
1.5988
1.5679
1.5156
1.5918
1.6222
1.6365
1.5892
1.5305
1.4226
1.4573
1.4958
1.3236
1.2268
1.3357
1.1331
1.0960
1.1289
1.1394
1.1026
0.9196
0.8853
0.8994
1.0013
0.8713
0.9646
0.9653
0.7742
0.6409
0.7684
0.7942
0.6400
0.6670
0.5621
0.7552
0.5972
0.5951
0.4814
0.4273
0.4015
0.6159
0.5896
0.4066
0.6078
0.5375
0.5240
0.6204
0.3314
0.4483
0.4695
0.5007
0.3555
0.5350
0.3609
0.5221
0.5802
0.5260
0.5797
0.4748
0.6222
0.5620
0.4997
0.6040
0.5932
0.6116
0.7523
0.7497
0.7454
0.7165
0.9395
0.9720
0.8316
0.9646
1.0483
1.1360
1.1612
1.0372
1.0075
1.2351
1.0680
1.1196
1.2170
1.4031
1.3622
1.4018
1.5423
1.4755
1.3442
1.6219
1.5994
1.5979
1.5712
1.6043
1.7067
1.6655
1.6461
1.7156
1.7749
1.7884
1.9414
2.0365
2.0611
2.0861
2.0843
2.1548
2.1553
2.0048
2.2631
2.0133
2.1992
2.0860
2.1107
2.1541
2.1248
2.2293
2.3730
2.2152
2.2797
2.2926
2.3298
2.2393
2.3785
2.3977
2.3462
2.2047
2.3548
2.1541
2.2569
2.2818
2.3016
2.1963
2.2896
2.3259
2.0641
2.0756
2.2789
2.1315
2.1126
2.2605
2.1806
2.2320
1.9894
1.9293
1.9964
2.0113
2.0122
2.1138
1.9480
1.8996
2.0570
1.8159
1.9163
1.9851
1.8765
1.7443
1.7936
1.6147
1.8596
1.6965
1.6467
1.8231
1.6582
1.5890
1.5113
1.6445
1.5004
1.4617
1.5999
1.4987
1.5087
1.6060
1.6353
1.4723
1.6474
1.6367
1.4052
1.5674
1.5161
1.6026
1.5039
1.5310
1.5415
1.4329
1.3926
1.3288
1.4609
1.5151
1.4083
1.4838
1.4066
1.4274
1.5392
1.6180
1.6161
1.4284
1.4934
1.6487
1.4684
1.6910
1.5966
1.4706
1.6793
1.6388
1.6169
1.5392
1.4869
1.5558
1.6051
1.6977
1.8142
1.5911
1.7664
1.8153
1.7008
1.6162
1.8208
1.7290
1.6289
1.8643
1.7990
1.6440
1.8930
1.6359
1.6416
1.9298
1.8419
1.7510
1.7905
1.8686
1.6537
1.8554
1.8458
1.7699
1.8029
1.7250
1.6686
1.7305
1.8791
1.6624
1.6936
1.6724
1.5890
1.7059
1.7892
1.7973
1.7287
1.6116
1.5704
1.6722
1.7119
1.7076
1.4365
1.5383
1.4130
1.4309
1.6004
1.3739
1.3311
1.4371
1.3476
1.3470
1.4489
1.4423
1.3738
1.2741
1.3213
1.1724
1.2733
1.2711
1.2296
1.1345
1.1217
1.0462
1.2164
1.1094
1.0525
1.1639
0.9886
1.1581
1.1377
1.1356
0.9829
0.9780
1.1138
0.9881
1.0148
1.0482
1.1251
0.9992
1.0261
1.0076
1.1170
1.1019
0.8991
0.9085
0.9360
1.0981
0.9432
1.1907
1.1225
0.9774
1.1989
1.2321
1.2671
1.1703
1.1899
1.0972
1.2227
1.2588
1.1706
1.2971
1.3385
1.2676
1.4259
1.2788
1.3994
1.4974
1.4699
1.5877
1.5514
1.5197
1.7903
1.7457
1.7889
1.8319
1.8910
1.9588
1.8997
1.8289
1.9361
2.1066
1.9500
2.0355
2.2641
2.2533
2.1148
2.3843
2.1391
2.2824
2.3102
2.3423
2.2881
2.4133
2.5004
2.6421
2.4398
2.5071
2.5065
2.5385
2.5306
2.5026
2.6508
2.6079
2.8127
2.7264
2.8562
2.8866
2.7810
2.6503
2.9002
2.8062
2.8974
2.7622
2.8179
2.6560
2.9097
2.8206
2.6534
2.8245
2.7240
2.6198
2.6463
2.6425
2.6203
2.7461
2.7429
2.6609
2.6414
2.6418
2.7243
2.5937
2.5572
2.6222
2.4921
2.3919
2.5478
2.3612
2.3774
2.3800
2.3339
2.1598
2.0856
2.1081
2.2503
2.1218
2.0571
2.0103
2.0768
2.0042
1.9688
1.7833
1.8285
1.8143
1.7397
1.7359
1.6597
1.7559
1.6042
1.6695
1.5680
1.6110
1.6428
1.4870
1.5739
1.3406
1.5103
1.2475
1.3378
1.1813
1.3951
1.1855
1.1617
1.1482
1.2842
1.1252
1.1362
1.2644
1.1728
1.2852
1.0210
1.1274
1.1622
1.1556
1.2302
1.0193
1.0712
0.9829
1.2700
1.2183
1.2189
1.0415
1.1121
1.0615
1.1750
1.2796
1.2390
1.2688
1.2683
1.3103
1.3655
1.3125
1.1962
1.3324
1.2286
1.4711
1.2428
1.3420
1.4359
1.4260
1.5471
1.4870
1.4186
1.5860
1.4406
1.6164
1.6320
1.5335
1.5421
1.5599
1.5773
1.6153
1.8627
1.6024
1.9058
1.6467
1.9504
1.7677
1.8548
1.9742
2.0019
1.8065
1.9641
2.0636
2.0885
1.8419
1.8761
2.0584
1.8605
1.8773
2.0121
2.1289
2.1807
1.8896
2.0569
2.1575
2.1759
2.1600
2.1724
2.1341
1.9461
2.0634
1.9604
2.1574
2.1841
1.9534
2.1639
2.0107
2.0040
1.9651
2.1379
2.0934
1.9982
2.0693
2.1319
1.8927
1.9054
2.0157
2.0572
2.0618
1.9162
1.8224
1.8029
1.8780
2.0098
1.8169
1.9815
1.9324
1.7361
1.9565
1.9905
1.8548
1.9512
1.7349
1.9184
1.9637
1.9321
1.7570
1.7407
1.8318
1.7934
1.8178
1.9730
1.8577
1.9622
1.8291
1.8174
1.9229
1.9202
1.8366
1.7273
1.7463
1.9688
1.9365
1.7607
1.9302
1.9920
1.8229
1.8694
2.0631
1.8775
2.1173
2.1474
1.8923
2.0205
1.9772
2.1089
1.9978
2.0001
2.2897
2.3229
2.1618
2.2692
2.1189
2.1836
2.1560
2.3079
2.2350
2.5102
2.3637
2.5447
2.4977
2.4768
2.4863
2.5571
2.3678
2.6213
2.6843
2.4278
2.6911
2.6915
2.7773
2.5624
2.7850
2.7159
2.5680
2.6289
2.7886
2.8109
2.6093
2.7264
2.6574
2.8735
2.6965
2.8600
2.6818
2.8669
2.6582
2.8264
2.6037
2.7810
2.7510
2.6851
2.6258
2.7881
2.5812
2.6699
2.5114
2.5464
2.6176
2.7038
2.4737
2.6288
2.5931
2.3715
2.4821
2.6000
2.3145
2.4748
2.4136
2.3696
2.3094
2.2978
2.2224
2.0836
2.1136
2.1600
2.1463
2.1998
2.1779
1.8764
2.0104
1.9561
1.8808
1.8090
1.8083
1.8307
1.8812
1.5844
1.7616
1.6647
1.7269
1.4499
1.4745
1.3698
1.4741
1.5229
1.3477
1.3018
1.3061
1.3164
1.3764
1.2842
1.2234
1.3590
1.3570
1.2374
1.0715
1.2019
1.1174
1.2874
1.0653
1.1820
1.1232
1.0147
1.1594
0.9652
1.0046
0.9639
1.2183
1.2090
0.9985
1.0938
1.0161
1.1627
1.2885
1.0948
1.3306
1.1559
1.1324
1.2899
1.4039
1.3218
1.1786
1.2973
1.2622
1.3099
1.2856
1.5709
1.5698
1.4761
1.6472
1.6578
1.6531
1.6204
1.6462
1.6018
1.7149
1.8147
1.8263
1.9200
1.9189
2.0477
1.8711
2.0197
2.0960
2.0135
2.1788
2.0487
2.2432
2.3600
2.2936
2.3112
2.2593
2.2575
2.5097
2.5543
2.4354
2.4129
2.5209
2.6860
2.7177
2.6914
2.8055
2.8247
2.5987
2.7812
2.7515
2.6464
2.9137
2.8100
2.9074
2.7078
2.7807
2.9082
2.7625
2.9220
2.8526
2.9721
2.9421
2.8632
2.8398
2.8517
3.0238
2.8821
2.8739
2.8720
3.0128
2.7873
2.9774
2.7087
2.7943
2.9095
2.7696
2.8386
2.7741
2.6257
2.7861
2.7699
2.7666
2.6564
2.6828
2.7261
2.7622
2.4924
2.4851
2.6300
2.6436
2.6899
2.4102
2.4610
2.5336
2.4227
2.5484
2.3566
2.2889
2.4309
2.2704
2.4511
2.3974
2.2798
2.1365
2.1644
2.1854
2.3493
2.2530
2.1548
2.1303
2.1629
2.2916
2.2870
2.1508
2.1782
2.1973
1.9811
2.1397
1.9754
2.0833
2.0929
1.9563
1.9668
2.2231
2.1057
2.0559
2.0562
1.9945
1.9967
2.0607
2.0605
2.2000
2.1165
2.1162
2.0231
2.2572
2.2017
2.2584
2.2138
2.3214
2.3299
2.1211
2.2438
2.2855
2.2272
2.3436
2.1569
2.1479
2.1224
2.1784
2.3036
2.3071
2.2799
2.2677
2.1855
2.4385
2.3945
2.3462
2.2931
2.4686
2.4818
2.4968
2.3872
2.5434
2.5091
2.2841
2.3348
2.5110
2.3889
2.4077
2.5530
2.5560
2.4941
2.4340
2.5327
2.4019
2.2975
2.3391
2.3229
2.3932
2.2369
2.2274
2.2459
2.4685
2.4151
2.3717
2.4356
2.4294
2.4106
2.1433
2.3691
2.2233
2.0685
2.1214
2.2775
2.2400
1.9706
2.1419
2.1704
1.9825
1.9074
1.9463
1.8773
1.9706
1.9303
1.8983
2.0293
1.8691
1.8080
1.7175
1.7495
1.7366
1.6552
1.8393
1.6138
1.7783
1.7017
1.6390
1.7459
1.6331
1.5558
1.6741
1.5527
1.7591
1.6860
1.7335
1.7023
1.7111
1.6557
1.6771
1.6700
1.5604
1.6257
1.7317
1.4910
1.6310
1.6184
1.7689
1.6972
1.8150
1.7090
1.8003
1.7049
1.7453
1.6543
1.8111
1.9311
1.8252
1.8329
1.9524
1.7685
2.0325
1.7981
1.9801
2.0609
2.0587
2.0651
2.0511
2.1696
2.2980
2.2645
2.3799
2.1624
2.3232
2.2406
2.4091
2.4904
2.3664
2.5940
2.5190
2.7074
2.5685
2.5330
2.6186
2.6154
2.9130
2.6697
2.7356
2.7407
2.8370
2.8099
3.0327
3.0278
2.9781
2.9933
2.9921
3.1039
3.0230
3.2277
3.2153
3.1876
3.3407
3.3899
3.2360
3.3293
3.3253
3.3083
3.4707
3.5251
3.4281
3.3027
3.2916
3.4335
3.3611
3.3444
3.4287
3.3157
3.4614
3.2692
3.2556
3.3226
3.2495
3.4845
3.4548
3.3045
3.2199
3.2802
3.2564
3.3292
3.2103
3.3503
3.3135
3.2993
3.0905
3.0455
3.1951
2.9618
2.9069
2.9918
3.0745
2.8901
2.8000
2.7242
2.9453
2.8106
2.7071
2.7571
2.7588
2.5847
2.6558
2.4726
2.6625
2.5521
2.3526
2.3996
2.4212
2.4753
2.3207
2.3160
2.2990
2.3392
2.0763
2.1213
2.0632
2.1485
2.1794
2.0323
2.1008
1.9321
1.9754
1.9045
2.0356
1.9493
1.9763
1.7433
1.7780
1.9098
1.7310
1.6645
1.7747
1.9157
1.7055
1.7915
1.7236
1.6203
1.7603
1.8575
1.6878
1.6259
1.6894
1.8183
1.7248
1.8310
1.6454
1.8664
1.7790
1.6835
1.8081
1.9150
1.9913
2.0259
2.0423
2.0335
2.0425
2.0420
1.9877
1.9670
1.9002
2.0796
2.1640
2.0091
2.2010
1.9927
2.1078
2.0975
2.0858
2.2522
2.1807
2.3963
2.2808
2.3752
2.1796
2.3792
2.3921
2.4825
2.4574
2.5445
2.5713
2.3653
2.3958
2.5931
2.3911
2.5061
2.4947
2.6398
2.4648
2.6845
2.6938
2.6302
2.5571
2.5121
2.6873
2.5149
2.5332
2.5596
2.6611
2.7320
2.7906
2.6859
2.5528
2.6332
2.7317
2.7744
2.6238
2.6842
2.7775
2.7069
2.6850
2.6185
2.6373
2.7461
2.6044
2.6332
2.5975
2.6833
2.6417
2.6586
2.6019
2.5653
2.5802
2.4479
2.5423
2.7007
2.6353
2.6109
2.6133
2.6021
2.6199
2.5900
2.6450
2.3777
2.4563
2.4789
2.4029
2.3314
2.6080
2.5296
2.3528
2.3501
2.5153
2.4170
2.3253
2.4261
2.3470
2.5459
2.5882
2.3144
2.5127
2.5269
2.4059
2.5901
2.4337
2.3627
2.3927
2.6150
2.6009
2.6352
2.6008
2.6756
2.4536
2.5806
2.5505
2.6372
2.7752
2.6138
2.7286
2.5766
2.6356
2.8601
2.6896
2.9018
2.7762
2.8984
2.7353
2.9626
2.9150
3.0711
2.8979
2.9468
2.8908
3.1687
3.0315
2.9492
3.1607
3.1191
3.0865
3.2346
3.2792
3.1238
3.2266
3.2147
3.1485
3.2976
3.4140
3.1795
3.4306
3.3382
3.3126
3.2403
3.2779
3.3457
3.3780
3.3300
3.4596
3.4950
3.4522
3.3540
3.4120
3.4205
3.2623
3.3675
3.3049
3.3770
3.4768
3.3107
3.1801
3.4351
3.4185
3.2318
3.1844
3.3231
3.2200
3.2135
3.2271
3.0252
3.2338
3.2285
2.9470
3.1432
3.1328
2.8329
2.9554
2.9613
2.8489
2.8946
2.8946
2.8038
2.7855
2.6438
2.7764
2.6163
2.6413
2.6653
2.4597
2.4623
2.4718
2.4024
2.2602
2.4206
2.1716
2.2558
2.1036
2.3512
2.1820
2.2657
2.0761
2.1956
1.9769
2.1442
2.1121
1.9365
1.9789
1.9374
2.0124
1.7865
1.7031
1.9472
1.7360
1.7230
1.8273
1.7135
1.8585
1.8663
1.8767
1.7040
1.8224
1.6261
1.7652
1.7877
1.6058
1.7432
1.8559
1.6755
1.6757
1.8676
1.7764
1.6872
1.7260
1.8710
1.8608
1.7993
1.9198
1.9706
1.8641
1.9289
1.9405
2.0942
1.9294
2.1895
2.0369
2.1320
2.2502
2.2522
2.1287
2.3281
2.1938
2.4755
2.4948
2.4209
2.5081
2.6355
2.4185
2.6451
2.7061
2.7310
2.5924
2.7021
2.6159
2.7470
2.7273
2.8591
2.9322
3.0341
2.9577
3.0262
3.1781
3.2031
3.1291
3.2672
3.0428
3.2991
3.1852
3.1804
3.3845
3.2670
3.2356
3.2167
3.5158
3.4529
3.5253
3.5658
3.5037
3.5890
3.4035
3.6036
3.6238
3.4464
3.3855
3.5994
3.3990
3.5950
3.5123
3.5735
3.4279
3.5340
3.5610
3.3702
3.5009
3.6183
3.3781
3.4671
3.5215
3.4004
3.5844
3.4940
3.3333
3.4224
3.5037
3.3905
3.4315
3.4562
3.4217
3.1893
3.1873
3.1567
3.0991
3.0727
3.2282
3.2112
3.2832
3.2067
3.0561
3.0936
3.0017
3.1236
2.9186
3.0875
3.0870
3.0485
2.9074
2.9633
2.9110
2.7794
2.9853
2.9266
2.7859
2.9821
2.7327
2.7546
2.7758
2.7121
2.6892
2.8327
2.6666
2.7612
2.6864
2.7303
2.8639
2.6468
2.5790
2.8482
2.7786
2.7283
2.7306
2.6058
2.8757
2.6869
2.7701
2.7046
2.5937
2.7605
2.7557
2.6838
2.6307
2.8775
2.6479
2.7371
2.8865
2.9529
2.8471
2.9148
2.9103
2.8980
2.9129
3.0061
2.8960
2.8660
2.9585
2.9004
2.8188
2.9212
2.9639
2.9282
2.9387
3.0539
2.9940
2.9928
2.8801
2.9360
3.0017
3.0649
3.0918
3.1815
3.1674
2.9186
3.1795
2.9440
3.1872
3.0752
2.9673
2.9146
2.9810
3.1316
2.9062
2.9842
2.9114
2.9122
2.8754
3.0585
2.8642
3.0128
2.8685
2.9996
2.9408
2.8628
3.0121
2.9932
3.0132
2.7153
2.8902
2.6825
2.6940
2.6753
2.7342
2.6764
2.6884
2.6392
2.6599
2.6495
2.6943
2.7177
2.5415
2.6928
2.6409
2.6460
2.4323
2.3771
2.5207
2.5286
2.3326
2.3093
2.4419
2.4889
2.4729
2.2393
2.4167
2.4541
2.3051
2.1781
2.2176
2.3543
2.1373
2.2441
2.2716
2.3896
2.1613
2.1299
2.2866
2.1242
2.3871
2.1682
2.2787
2.3462
2.3560
2.2610
2.3511
2.4075
2.4147
2.2216
2.3357
2.4227
2.2627
2.4468
2.3852
2.4386
2.3641
2.3350
2.4239
2.6356
2.5288
2.4968
2.6742
2.7074
2.5135
2.8034
2.8120
2.7038
2.8419
2.7655
2.9916
2.8338
2.8370
3.0474
3.0048
3.0959
3.2282
3.0706
3.0383
3.2914
3.2021
3.3064
3.2240
3.2300
3.2905
3.5295
3.4083
3.4692
3.5845
3.6691
3.6876
3.6029
3.5797
3.7477
3.5849
3.6976
3.8320
3.8446
3.7898
4.0129
3.7757
3.9807
3.8266
3.9283
4.0643
3.9377
3.8662
4.0223
3.9477
3.9138
4.0911
4.0323
3.9449
3.9224
3.9527
3.9311
3.9847
4.1678
4.0358
3.9422
3.9893
4.0474
3.9979
4.0018
4.0619
3.8995
3.9909
3.7928
3.7413
3.8026
3.9214
3.7639
3.9156
3.7775
3.6683
3.8153
3.7755
3.7295
3.5187
3.4941
3.6085
3.5504
3.4527
3.5598
3.3765
3.4959
3.3083
3.2756
3.3186
3.1678
3.1508
3.0183
3.1698
3.0760
3.0655
3.0752
2.8673
3.0244
3.0050
2.7885
2.8866
2.7395
2.6891
2.6289
2.7486
2.6827
2.7443
2.5505
2.4990
2.5526
2.5442
2.6166
2.4011
2.3594
2.5158
2.3211
2.3395
2.4946
2.4299
2.4284
2.5001
2.4889
2.3960
2.3245
2.2749
2.5038
2.5291
2.5224
2.4340
2.2739
2.2747
2.3138
2.2765
2.4937
2.3297
2.4887
2.5474
2.4938
2.4517
2.6003
2.4617
2.4832
2.6408
2.5751
2.5216
2.6830
2.5326
2.7810
2.5928
2.5731
2.5923
2.8235
2.8606
2.8602
2.8884
2.9722
2.8467
2.9657
2.8791
3.0579
2.7975
3.1134
3.0117
2.9658
3.0499
2.9929
2.9705
3.1416
3.1658
3.2163
3.1004
3.0874
3.1317
3.1418
3.3357
3.2977
3.1700
3.2771
3.3359
3.3700
3.3958
3.3121
3.1613
3.2126
3.4135
3.2816
3.3594
3.3990
3.2403
3.3335
3.2364
3.1692
3.3959
3.1705
3.2792
3.2336
3.2151
3.3479
3.4184
3.1402
3.3558
3.3649
3.3902
3.4026
3.1383
3.2498
3.3322
3.2680
3.3542
3.3432
3.3401
3.0614