1425.56
1428.54
1474.24
1461.18
1448.97
1451.64
1472.09
1507.77
1490.79
1504.64
1491.04
1462.65
1424.05
1398.42
1449.78
1460.25
1418.45
1409.21
1380.06
1387.12
1394.78
1416.79
1435.00
1436.00
1434.14
1437.00
1444.17
1434.96
1402.35
1392.66
1364.00
1406.91
1394.50
1380.40
1395.74
1393.77
1358.19
1344.44
1323.93
1357.34
1361.01
1404.30
1421.80
1421.67
1421.06
1435.86
1455.77
1473.70
1465.50
1473.21
1476.99
1457.57
1481.46
1473.97
1460.02
1443.81
1457.02
1472.91
1481.63
1481.63
1481.63
1496.95
1497.41
1514.94
1510.38
1531.83
1541.74
1535.77
1523.85
1544.74
1570.48
1549.74
1572.26
1586.04
1579.07
1563.47
1558.18
1525.88
1512.93
1509.61
1472.21
1516.30
1507.32
1507.32
1491.70
1462.49
1483.76
1465.68
1465.68
1442.59
1398.92
1388.24
1412.63
1383.21
1370.09
1370.09
1336.64
1360.14
1403.90
1401.32
1394.34
1366.20
1363.46
1363.46
1380.47
1369.47
1329.30
1345.72
1355.58
1366.54
1394.43
1384.11
1386.39
1408.88
1420.79
1449.28
1449.28
1422.16
1400.69
1386.02
1397.01
1368.33
1361.97
1361.40
1381.33
1357.45
1342.77
1354.93
1341.01
1315.73
1284.47
1288.99
1297.12
1327.04
1339.04
1342.22
1309.55
1271.42
1290.27
1290.51
1257.54
1248.58
1269.15
1292.25
1306.12
1289.92
1285.91
1292.39
1288.60
1282.63
1294.34
1320.67
1324.01
1337.34
1391.97
1415.58
1415.86
1437.88
1439.17
1425.87
1442.75
1472.66
1447.38
1466.61
1469.06
1483.33
1464.63
1484.53
1479.73
1497.50
1502.70
1506.04
1488.58
1486.12
1497.62
1477.99
1467.40
1479.75
1478.00
1456.21
1456.87
1449.63
1420.57
1397.96
1410.57
1417.20
1447.00
1436.13
1438.67
1416.51
1401.63
1408.02
1443.20
1448.99
1444.66
1440.81
1454.64
1443.42
1440.44
1429.54
1421.69
1433.18
1418.42
1420.94
1399.79
1395.07
1406.79
1401.68
1410.61
1429.15
1420.61
1400.72
1384.13
1410.16
1426.32
1432.73
1437.40
1424.20
1429.39
1429.93
1425.68
1412.39
1403.01
1411.26
1408.84
1396.35
1402.91
1402.91
1411.98
1435.01
1451.70
1456.91
1456.91
1461.71
1466.28
1453.12
1452.67
1470.41
1460.22
1463.90
1455.94
1455.31
1452.82
1448.10
1444.15
1436.27
1446.98
1436.98
1429.95
1428.20
1421.62
1435.64
1435.64
1435.64
1435.64
1434.26
1432.25
1432.25
1432.25
1413.17
1421.88
1434.26
1418.05
1382.34
1348.72
1336.44
1326.70
1331.20
1353.40
1356.79
1328.30
1330.49
1332.32
1336.78
1347.75
1309.03
1294.76
1249.94
1272.92
1294.45
1276.38
1241.23
1216.31
1229.63
1250.68
1269.94
1254.36
1253.62
1265.63
1277.46
1260.31
1232.90
1249.04
1276.75
1265.44
1242.94
1239.86
1250.98
1243.87
1244.36
1236.55
1244.02
1256.70
1273.63
1262.80
1275.19
1264.03
1253.39
1250.23
1243.09
1238.37
1220.85
1214.38
1179.83
1196.12
1217.32
1235.58
1240.45
1270.50
1306.80
1296.76
1301.71
1332.54
1334.32
1335.33
1358.20
1331.35
1337.45
1327.37
1297.95
1282.22
1299.96
1312.12
1323.28
1323.28
1323.28
1312.60
1343.66
1336.11
1315.21
1282.11
1310.52
1314.43
1308.14
1308.14
1309.63
1311.41
1326.70
1328.86
1324.95
1323.35
1314.05
1324.88
1312.46
1310.82
1294.83
1299.21
1270.99
1283.18
1283.30
1280.73
1293.00
1306.39
1306.39
1316.43
1328.89
1310.67
1311.79
1306.28
1308.18
1308.18
1302.49
1303.79
1311.34
1313.16
1339.27
1346.26
1346.26
1346.26
1377.69
1390.45
1401.61
1371.03
1395.02
1408.56
1397.78
1382.56
1383.05
1399.97
1419.27
1408.11
1414.21
1419.20
1411.28
1419.76
1431.03
1440.47
1462.16
1455.80
1472.57
1483.84
1472.94
1460.33
1443.78
1459.66
1454.49
1468.89
1478.07
1501.88
1510.54
1507.38
1520.21
1536.73
1550.19
1559.53
1552.98
1559.30
1548.89
1542.83
1563.06
1570.28
1552.68
1530.00
1544.20
1546.66
1536.06
1529.62
1536.58
1531.82
1540.15
1537.81
1547.70
1537.21
1516.75
1500.17
1471.83
1481.42
1491.95
1507.20
1509.88
1531.07
1524.79
1515.38
1509.73
1502.62
1496.86
1495.74
1503.11
1498.34
1492.62
1493.21
1505.26
1500.17
1519.99
1543.05
1538.07
1525.23
1517.65
1519.77
1478.86
1480.16
1500.91
1497.38
1460.59
1458.54
1321.61
1302.80
1379.53
1287.58
1292.67
1193.31
1225.47
1142.17
1104.40
1177.38
1163.87
1129.99
1097.52
1093.39
1067.36
1012.09
945.91
988.19
1061.64
1075.87
1082.72
1063.38
1063.38
1055.60
1027.34
1037.30
1080.39
1067.24
1058.65
1052.55
1022.84
1030.24
1044.78
1037.94
1003.52
999.18
1016.74
1016.14
1032.32
1017.33
1009.78
1033.10
1051.21
1040.69
1029.90
1045.75
1048.65
1049.85
1049.85
1049.85
1009.60
992.00
1000.00
1000.00
1000.00
943.88
1004.34
1020.16
1009.01
1025.28
989.57
989.49
964.61
965.64
958.15
997.96
982.38
956.78
958.71
971.39
967.08
964.14
951.79
931.18
935.57
958.69
953.55
981.56
984.89
980.46
984.42
988.12
996.39
1029.40
1032.98
1042.85
1062.17
1054.51
1045.28
1050.85
1066.04
1070.40
1074.83
1096.05
1077.69
1079.55
1085.48
1080.75
1084.54
1076.96
1081.44
1072.78
1076.61
1085.64
1074.64
1073.04
1088.02
1101.55
1107.49
1122.07
1112.47
1106.96
1104.09
1090.56
1061.55
1044.28
1066.31
1065.36
1063.17
1063.17
1063.17
1061.20
1075.60
1084.73
1076.42
1097.01
1093.63
1094.35
1097.94
1073.04
1073.91
1083.14
1071.21
1066.20
1069.03
1062.95
1055.10
1062.45
1053.54
1054.46
1051.13
1038.59
1051.82
1037.62
1037.47
1019.36
1009.03
1002.41
1002.41
1017.84
1053.86
1048.39
1037.67
1032.24
1033.67
1033.67
1030.91
1045.63
1045.01
1055.57
1070.00
1083.31
1096.47
1096.47
1102.25
1111.23
1096.01
1105.96
1125.70
1119.15
1120.71
1117.19
1135.82
1118.85
1118.85
1108.92
1125.06
1141.33
1137.74
1143.50
1129.15
1120.09
1133.84
1140.49
1163.52
1168.15
1178.52
1199.96
1188.59
1197.52
1196.59
1184.85
1172.80
1187.21
1191.13
1179.74
1170.10
1174.62
1165.42
1153.77
1160.46
1176.44
1171.28
1166.00
1181.72
1189.60
1184.21
1187.67
1183.72
1197.38
1198.76
1196.79
1173.45
1168.14
1173.56
1169.82
1158.76
1182.18
1173.93
1170.78
1167.99
1155.97
1161.27
1162.65
1157.65
1152.38
1165.53
1165.36
1152.99
1157.29
1174.87
1179.76
1185.74
1185.35
1186.61
1207.18
1206.72
1224.71
1228.11
1235.05
1252.66
1245.98
1260.99
1253.68
1252.58
1257.03
1248.36
1239.16
1248.71
1252.69
1242.44
1245.58
1252.31
1261.63
1269.36
1286.93
1271.31
1257.94
1269.80
1289.59
1282.99
1295.79
1304.37
1295.21
1289.72
1281.22
1293.72
1310.63
1313.35
1314.98
1300.79
1310.79
1288.55
1280.58
1285.02
1271.13
1287.88
1277.30
1263.34
1252.18
1261.84
1262.54
1262.54
1264.59
1277.55
1284.16
1277.40
1280.87
1279.23
1275.41
1259.13
1262.55
1275.99
1277.98
1275.78
1282.23
1287.94
1299.57
1296.53
1301.43
1292.69
1290.63
1286.61
1285.33
1296.31
1315.98
1333.04
1321.01
1324.15
1328.46
1328.46
1340.41
1333.74
1327.87
1327.87
1333.52
1359.33
1365.08
1370.49
1359.98
1366.55
1345.91
1353.42
1358.74
1353.25
1344.11
1316.66
1323.68
1335.15
1323.14
1318.21
1334.18
1341.05
1329.73
1343.58
1328.37
1312.73
1300.52
1319.56
1326.36
1345.04
1344.94
1359.88
1347.64
1353.22
1333.77
1331.47
1317.32
1317.91
1315.09
1319.91
1307.52
1292.17
1271.70
1288.04
1276.80
1288.66
1307.25
1309.27
1325.82
1337.66
1324.06
1317.77
1319.42
1318.51
1313.55
1329.50
1334.75
1322.45
1322.69
1303.36
1303.28
1303.67
1306.77
1306.77
1306.77
1306.47
1309.26
1315.42
1322.66
1344.35
1339.79
1348.81
1345.50
1348.02
1359.22
1369.35
1381.66
1387.76
1384.03
1394.62
1394.14
1388.58
1389.91
1376.21
1368.38
1372.42
1373.04
1369.57
1370.90
1370.90
1362.54
1368.60
1368.60
1380.46
1380.07
1366.22
1365.78
1358.79
1347.84
1347.84
1339.75
1345.64
1343.98
1350.41
1345.10
1352.56
1372.09
1372.09
1375.94
1385.57
1403.17
1407.29
1413.00
1419.71
1419.13
1413.78
1432.66
1438.73
1438.73
1436.67
1429.11
1433.43
1426.26
1426.54
1456.99
1472.11
1474.61
1483.83
1491.20
1487.75
1477.89
1491.39
1491.93
1473.72
1492.33
1505.67
1507.67
1493.29
1510.63
1512.78
1508.49
1503.93
1516.54
1530.46
1522.99
1520.65
1540.40
1550.82
1555.40
1543.30
1555.83
1568.52
1567.05
1553.27
1554.16
1578.91
1587.35
1574.88
1590.30
1592.03
1603.59
1608.71
1609.93
1608.60
1584.37
1573.65
1581.04
1576.16
1575.77
1603.01
1600.62
1586.48
1592.04
1604.38
1595.87
1597.24
1585.98
1597.85
1608.33
1623.98
1637.47
1633.55
1641.19
1657.61
1641.93
1625.90
1609.66
1612.29
1595.31
1605.11
1614.16
1612.87
1611.42
1628.80
1635.93
1609.03
1591.65
1585.75
1574.37
1577.80
1602.40
1613.27
1616.21
1624.86
1639.55
1636.41
1604.50
1612.78
1589.34
1385.72
1475.44
1491.14
1526.60
1524.21
1523.22
1507.37
1481.08
1482.62
1462.93
1466.29
1472.76
1476.19
1460.01
1449.90
1454.38
1428.07
1441.79
1462.96
1496.69
1530.96
1503.85
1498.06
1529.58
1531.52
1532.70
1514.09
1514.09
1534.68
1555.48
1554.37
1550.40
1562.27
1577.43
1612.44
1634.31
1626.61
1658.35
1664.08
1650.79
1653.72
1653.07
1638.54
1623.54
1627.43
1634.57
1647.50
1675.01
1676.47
1696.38
1696.38
1696.38
1771.44
1790.37
1790.37
1790.37
1814.38
1869.66
1835.88
1820.00
1843.24
1865.94
1839.63
1855.83
1855.66
1841.61
1788.68
1802.48
1779.17
1773.56
1779.30
1801.52
1756.41
1787.59
1794.14
1811.55
1812.90
1823.44
1858.08
1910.67
1939.43
1937.72
1900.10
1915.79
1885.89
1860.39
1840.98
1832.23
1850.96
1893.66
1869.19
1823.81
1807.19
1820.15
1789.64
1776.04
1804.32
1809.92
1787.87
1818.23
1833.16
1822.22
1844.72
1860.92
1858.74
1846.08
1867.48
1862.84
1879.32
1889.69
1906.77
1908.83
1937.99
1918.98
1932.12
1939.53
1924.98
1928.60
1953.89
1968.55
1931.30
1968.33
1963.25
1958.39
1947.84
1923.86
1898.51
1893.77
1918.17
1918.17
1918.17
1914.35
1889.76
1878.87
1884.33
1837.50
1830.53
1843.31
1827.07
1825.52
1813.25
1813.25
1843.41
1881.79
1912.89
1934.95
1899.28
1896.58
1893.42
1875.03
1860.33
1851.25
1841.77
1841.58
1843.59
1811.18
1813.26
1831.80
1831.80
1823.17
1828.96
1842.74
1840.54
1844.81
1856.95
1856.95
1876.69
1849.02
1837.43
1822.23
1809.66
1800.36
1787.39
1787.39
1792.26
1797.42
1836.74
1849.55
1863.57
1872.92
1896.21
1890.36
1901.46
1895.17
1879.90
1915.30
1906.23
1925.13
1914.18
1932.80
1923.86
1909.63
1917.89
1916.22
1931.33
1931.86
1929.00
1966.04
1957.24
1947.43
1938.04
1921.16
1920.25
1932.89
1919.81
1911.69
1919.20
1892.89
1869.38
1840.94
1740.93
1770.30
1723.63
1755.63
1749.34
1706.05
1715.05
1742.23
1727.45
1665.88
1635.69
1549.96
1575.10
1520.34
1559.04
1654.80
1617.89
1637.66
1638.95
1629.51
1629.22
1590.07
1564.27
1557.12
1562.92
1600.45
1577.42
1598.34
1582.95
1554.07
1541.15
1507.27
1487.54
1457.51
1446.57
1416.05
1353.40
1381.99
1354.08
1334.89
1420.73
1444.89
1444.89
1422.35
1391.76
1465.53
1433.41
1407.11
1428.30
1459.70
1478.89
1460.72
1440.79
1470.07
1482.09
1474.51
1514.34
1493.82
1497.58
1457.05
1454.49
1431.14
1433.82
1417.26
1414.32
1414.95
1398.24
1371.15
1369.44
1381.49
1402.24
1402.91
1406.23
1421.19
1425.68
1467.47
1467.30
1467.30
1496.10
1483.36
1443.16
1415.26
1420.62
1418.92
1441.23
1462.58
1446.34
1470.96
1504.67
1512.84
1504.80
1492.68
1517.24
1517.80
1522.40
1475.87
1477.41
1457.24
1409.26
1414.88
1414.88
1414.88
1414.88
1410.87
1398.23
1398.23
1398.23
1366.10
1366.65
1396.07
1358.16
1353.95
1375.16
1383.40
1382.26
1327.80
1325.62
1322.68
1422.67
1405.06
1390.20
1375.12
1358.76
1375.16
1382.05
1382.68
1380.26
1400.73
1420.08
1426.51
1435.03
1438.85
1428.69
1436.26
1467.82
1488.74
1468.94
1489.41
1486.52
1531.19
1572.57
1587.13
1567.32
1566.32
1582.52
1601.15
1558.24
1565.52
1542.09
1516.74
1530.86
1540.26
1594.32
1580.46
1602.29
1565.78
1571.61
1542.19
1576.55
1570.55
1552.85
1546.53
1517.92
1519.59
1520.29
1515.50
1498.44
1508.80
1522.80
1522.80
1522.80
1538.62
1577.50
1571.97
1586.87
1579.95
1582.11
1561.89
1565.37
1583.14
1601.42
1603.36
1623.83
1613.76
1599.37
1571.91
1597.05
1603.73
1620.45
1623.81
1620.28
1605.79
1605.79
1630.04
1631.84
1623.99
1627.46
1607.28
1607.28
1620.63
1610.90
1598.50
1590.35
1598.08
1598.87
1598.87
1617.40
1647.69
1652.71
1671.87
1682.90
1682.90
1681.53
1681.53
1704.11
1694.11
1685.38
1712.76
1704.17
1709.64
1704.92
1715.80
1700.84
1692.63
1699.83
1701.07
1695.42
1683.03
1687.03
1711.86
1691.56
1691.47
1672.14
1666.09
1622.18
1625.20
1610.50
1614.41
1616.11
1618.91
1605.04
1627.63
1634.74
1637.85
1644.76
1646.57
1643.85
1625.51
1618.33
1623.99
1623.03
1632.94
1621.69
1615.38
1605.64
1605.57
1614.93
1622.31
1622.56
1615.36
1622.03
1611.90
1631.43
1630.21
1632.21
1626.06
1644.72
1650.19
1654.29
1653.33
1497.93
1526.93
1570.82
1630.83
1627.24
1654.19
1647.12
1647.50
1655.50
1650.50
1650.46
1655.64
1647.91
1647.17
1646.18
1633.06
1629.12
1628.19
1631.32
1637.62
1629.75
1634.55
1628.07
1620.70
1616.07
1614.16
1626.63
1625.41
1619.99
1608.14
1607.03
1609.62
1607.32
1607.32
1601.73
1588.66
1578.71
1567.22
1567.95
1568.42
1571.04
1585.04
1570.11
1564.51
1563.25
1572.68
1580.71
1587.89
1579.01
1572.03
1576.81
1590.75
1582.83
1582.06
1573.55
1570.21
1576.12
1574.22
1578.40
1606.22
1609.02
1621.22
1623.23
1620.96
1629.37
1611.93
1599.05
1599.05
1598.10
1600.26
1589.16
1602.87
1586.16
1588.16
1566.57
1545.44
1546.84
1560.96
1553.42
1558.18
1559.05
1551.11
1543.59
1546.39
1558.34
1552.89
1560.93
1573.75
1561.77
1543.19
1539.62
1539.62
1539.62
1539.62
1563.59
1577.98
1577.98
1577.98
1601.88
1603.62
1603.32
1592.45
1578.73
1589.76
1615.71
1622.67
1628.53
1667.50
1666.34
1670.99
1677.17
1685.29
1680.10
1669.57
1664.77
1683.58
1683.08
1672.40
1680.91
1687.49
1689.01
1676.40
1686.62
1681.13
1685.52
1682.13
1683.55
1678.92
1681.39
1676.48
1681.07
1694.99
1687.79
1703.18
1717.63
1729.10
1722.30
1737.27
1749.90
1745.13
1747.87
1763.31
1759.05
1764.80
1745.95
1750.25
1750.54
1743.42
1727.50
1733.47
1724.80
1730.07
1732.18
1724.63
1736.30
1717.47
1713.11
1716.26
1719.02
1711.45
1710.31
1717.86
1707.30
1721.66
1719.63
1734.62
1739.42
1720.01
1720.25
1736.07
1727.74
1732.53
1743.79
1749.23
1749.23
1749.23
1746.50
1753.30
1752.44
1745.70
1742.22
1735.94
1735.91
1734.03
1734.03
1728.29
1732.64
1743.50
1750.81
1748.18
1753.03
1751.16
1749.42
1742.26
1724.07
1758.43
1763.26
1787.50
1785.48
1802.96
1811.57
1806.66
1794.05
1794.05
1803.22
1798.14
1801.39
1788.58
1792.31
1789.07
1789.07
1786.26
1789.76
1781.81
1782.27
1773.90
1779.10
1771.78
1771.78
1772.89
1770.64
1771.14
1768.49
1764.89
1754.13
1757.12
1752.63
1756.26
1768.61
1776.98
1772.36
1767.51
1751.18
1757.64
1754.48
1736.50
1734.10
1734.62
1740.53
1702.66
1649.67
1659.77
1628.22
1623.37
1610.42
1618.09
1610.64
1628.15
1623.99
1615.42
1594.71
1611.51
1628.81
1621.15
1609.50
1582.55
1564.60
1553.01
1540.98
1547.80
1555.42
1533.22
1524.72
1513.06
1520.02
1498.74
1468.91
1473.28
1513.42
1516.47
1541.25
1518.70
1506.67
1530.75
1536.50
1540.63
1544.55
1525.26
1528.67
1527.80
1595.04
1587.55
1584.56
1578.67
1589.33
1573.86
1550.34
1557.83
1530.94
1513.36
1475.04
1476.26
1466.36
1484.03
1478.04
1424.40
1420.30
1436.05
1451.12
1439.66
1432.54
1465.50
1458.53
1453.43
1461.61
1479.07
1511.55
1503.90
1510.11
1526.82
1542.49
1533.77
1510.30
1493.64
1492.32
1472.57
1485.00
1472.69
1480.93
1487.16
1508.80
1519.06
1512.21
1535.37
1548.52
1546.95
1545.05
1545.05
1551.65
1544.76
1530.89
1510.28
1517.72
1523.18
1522.95
1544.34
1544.89
1533.96
1532.50
1522.16
1525.32
1508.24
1500.59
1494.48
1476.01
1469.75
1481.24
1472.07
1476.17
1492.04
1515.58
1523.57
1526.95
1526.95
1526.95
1544.61
1542.23
1545.05
1545.05
1545.05
1531.33
1556.42
1556.38
1542.50
1531.52
1531.96
1530.19
1516.50
1523.74
1544.55
1573.13
1578.83
1574.88
1573.67
1587.64
1569.24
1576.16
1562.32
1567.84
1571.85
1585.16
1583.09
1601.53
1601.61
1641.37
1647.16
1641.58
1649.81
1651.05
1661.43
1664.71
1664.22
1653.26
1672.26
1677.39
1680.74
1661.58
1644.24
1658.91
1684.35
1700.95
1696.74
1693.73
1687.40
1682.82
1694.82
1713.13
1709.68
1717.40
1707.14
1702.57
1697.83
1685.08
1696.19
1698.81
1661.40
1648.44
1659.45
1657.15
1661.29
1674.92
1685.07
1684.21
1671.58
1661.75
1658.69
1665.40
1650.31
1655.73
1655.73
1655.73
1671.05
1672.44
1675.21
1678.85
1693.30
1687.11
1666.87
1666.74
1657.10
1649.81
1640.78
1628.87
1623.94
1627.19
1629.16
1627.37
1623.16
1623.26
1611.92
1609.03
1616.15
1629.46
1639.79
1634.51
1627.88
1628.48
1617.41
1617.41
1610.59
1603.04
1618.18
1622.00
1634.47
1631.85
1631.85
1619.89
1625.21
1629.62
1637.85
1655.61
1661.61
1673.07
1673.07
1680.98
1691.98
1684.10
1689.56
1692.29
1686.90
1689.82
1698.08
1699.39
1686.29
1695.24
1707.20
1708.33
1697.63
1706.63
1697.81
1692.17
1700.87
1719.76
1783.70
1797.41
1818.17
1807.16
1811.55
1807.66
1813.46
1836.29
1838.99
1823.81
1823.52
1830.83
1854.52
1845.23
1833.91
1833.70
1803.23
1815.08
1843.43
1860.56
1860.70
1869.38
1872.30
1865.16
1865.80
1904.95
1906.58
1912.19
1910.17
1935.72
1938.98
1922.68
1888.27
1897.69
1917.78
1901.15
1904.60
1921.89
1944.89
1918.58
1925.62
1925.16
1910.28
1885.96
1885.29
1880.81
1861.44
1872.57
1880.57
1860.39
1855.67
1881.99
1912.84
1925.85
1893.00
1916.51
1885.86
1912.18
1913.61
1907.69
1915.71
1912.09
1923.72
1972.73
1987.05
1997.04
2005.01
2011.02
1998.61
2001.51
1990.07
2015.03
2033.32
2026.76
2042.56
2034.69
2066.17
2074.39
2058.72
2043.08
2038.46
2069.00
2062.12
2095.58
2084.36
2062.61
2012.56
2010.81
2022.83
2023.84
2023.33
2015.01
2049.11
2071.72
2071.72
2085.34
2077.37
2030.00
2027.41
2029.55
2047.71
2047.24
2043.43
2057.77
2089.87
2110.53
2120.61
2118.80
2115.46
2148.13
2175.80
2161.13
2172.75
2149.97
2110.70
2137.45
2151.02
2178.16
2182.93
2197.51
2222.84
2222.84
2253.98
2242.82
2214.70
2266.68
2266.68
2267.98
2253.58
2233.41
2220.22
2211.64
2233.79
2228.75
2209.18
2164.66
2141.82
2137.38
2113.84
2134.38
2116.20
2075.61
2080.01
2126.78
2119.17
2125.14
2133.47
2177.45
2179.67
2184.01
2151.72
2138.25
2079.40
2107.21
2085.29
2118.96
2090.61
2116.01
2115.62
2136.61
2128.72
2151.97
2119.53
2107.62
2127.67
2090.29
2074.92
2091.57
2067.05
2020.33
2037.90
2060.09
2108.91
2124.04
2116.09
2141.10
2103.49
2145.17
2165.59
2172.73
2175.06
2155.61
2131.28
2141.34
2161.13
2161.68
2130.06
2161.42
2168.35
2147.53
2133.11
2133.11
2133.11
2158.29
2191.20
2201.41
2203.34
2225.33
2210.60
2209.19
2198.71
2200.42
2228.78
2172.42
2182.64
2196.97
2213.92
2202.22
2243.20
2253.57
2251.22
2245.98
2268.65
2252.29
2249.02
2235.84
2237.02
2218.88
2235.15
2243.63
2243.63
2258.75
2271.11
2259.71
2267.41
2247.76
2249.65
2249.65
2198.72
2158.77
2130.25
2140.99
2118.15
2127.70
2129.70
2129.70
2148.39
2163.07
2135.10
2145.20
2129.32
2133.08
2105.78
2074.70
2074.70
2054.91
2050.72
1968.82
1983.27
1994.42
2022.10
2005.31
1988.60
2018.26
2046.30
2025.34
2036.52
2054.40
2032.69
2035.70
2043.85
2050.85
2065.66
2048.05
2054.00
2055.62
2093.61
2098.19
2128.79
2138.65
2113.30
2150.26
2136.22
2151.96
2140.44
2122.81
2146.64
2153.79
2186.39
2198.92
2183.36
2184.76
2184.67
2164.20
2160.37
2155.28
2124.68
2138.84
2143.14
2162.29
2153.56
2149.57
2123.79
2107.87
2126.37
2152.21
2161.54
2193.19
2210.85
2212.85
2200.80
2204.71
2174.52
2165.90
2163.82
2172.37
2185.15
2154.61
2136.09
2124.12
2113.98
2118.73
2096.76
2078.96
2079.50
2073.03
2089.12
2068.67
2058.73
2068.11
2043.58
2011.75
2011.75
1994.95
1968.72
1961.03
1960.59
2024.79
2071.06
2077.57
2082.63
2105.73
2090.88
2084.76
2051.16
2069.95
2022.22
2025.38
1974.63
2020.50
2013.20
2040.32
2071.63
2069.73
2042.35
2051.48
2067.56
2043.52
2053.44
2096.47
2082.40
2078.35
2089.29
2110.75
2110.75
2102.69
2100.23
2105.28
2074.77
2033.31
2055.97
2051.62
2058.45
2044.28
2048.26
2046.59
2038.51
2071.12
2046.88
2055.60
2042.21
2028.33
2024.82
2011.25
2024.77
2052.59
2070.06
2075.94
2079.93
2086.66
2100.65
2094.01
2094.01
2106.15
2109.01
2077.03
2106.58
2079.45
2074.78
2072.26
2062.48
2053.92
2059.18
2051.10
2061.05
2071.27
2055.62
2085.64
2083.87
2078.85
2089.36
2055.58
2026.83
2018.04
2026.84
2030.69
2031.70
2035.03
2021.27
2048.43
2045.25
2057.99
2089.69
2092.49
2087.62
2112.69
2130.15
2116.95
2133.24
2135.04
2115.72
2117.03
2101.54
2097.04
2093.16
2118.24
2118.64
2099.25
2102.18
2126.15
2118.66
2109.49
2070.32
2053.34
2025.21
2001.64
1994.02
1999.49
2000.45
2010.14
1992.06
2005.24
1991.75
1982.95
1982.66
1936.07
1925.42
1946.90
1910.96
1918.88
1918.46
1922.59
1930.82
1965.01
1969.84
1979.27
1981.88
1972.29
1993.73
1988.47
1986.45
1986.45
1986.45
1965.29
1951.04
1955.97
1976.64
1976.21
2006.99
2029.53
2026.08
2015.94
2015.94
2035.92
2028.68
2044.79
2023.83
2024.84
2039.59
2059.06
2078.08
2096.92
2086.74
2110.52
2095.32
2087.13
2065.13
2083.17
2080.35
2105.12
2105.12
2077.87
2067.41
2087.65
2092.17
2126.38
2136.26
2136.26
2146.40
2141.07
2130.97
2121.75
2119.56
2115.11
2128.02
2128.02
2119.79
2141.75
2136.68
2143.69
2148.68
2139.78
2130.41
2122.40
2096.44
2106.55
2083.93
2092.26
2114.90
2105.66
2121.22
2153.39
2179.26
2201.90
2199.09
2214.42
2184.90
2199.61
2192.99
2182.88
2184.33
2201.86
2197.48
2229.06
2240.81
2234.36
2229.99
2218.74
2220.02
2241.52
2240.72
2235.99
2243.41
2237.65
2221.77
2218.72
2232.89
2208.45
2227.61
2252.86
2260.30
2263.46
2269.38
2258.86
2263.42
2262.86
2249.27
2241.11
2231.63
2240.07
2238.31
2233.09
2250.33
2264.84
2277.13
2267.98
2273.70
2260.79
2270.83
2295.48
2299.91
2317.01
2301.41
2311.28
2305.08
2287.32
2211.79
2208.41
2227.85
2185.44
2171.92
2187.04
2205.02
2205.02
2217.76
2208.82
2171.43
2168.69
2138.77
2145.30
2158.12
2196.83
2191.44
2201.03
2194.81
2179.60
2170.49
2107.42
2113.60
2150.13
2131.84
2096.08
2146.11
2167.91
2163.22
2183.98
2181.72
2165.79
2174.97
2172.30
2192.82
2172.17
2175.28
2197.29
2186.17
2200.72
2201.28
2218.30
2205.06
2193.25
2192.25
2198.16
2238.10
2242.54
2245.62
2242.83
2260.66
2252.16
2260.99
2267.18
2263.11
2267.50
2272.82
2289.77
2277.80
2285.85
2284.77
2266.19
2235.62
2262.07
2265.07
2280.43
2280.43
2280.43
2280.43
2275.84
2253.88
2253.88
2284.86
2329.22
2324.32
2331.88
2323.48
2349.66
2338.19
2329.51
2356.45
2359.05
2376.87
2371.30
2380.90
2398.76
2390.53
2384.47
2423.07
2443.72
2432.93
2446.05
2435.79
2470.14
2459.26
2452.06
2419.01
2428.28
2446.16
2430.20
2411.93
2428.05
2433.91
2427.07
2423.01
2429.02
2398.58
2382.61
2391.12
2412.00
2451.78
2442.34
2444.92
2472.50
2473.55
2501.22
2487.99
2479.03
2466.04
2480.94
2469.12
2407.79
2435.97
2426.38
2426.49
2458.23
2463.16
2493.26
2485.90
2504.12
2504.02
2510.32
2499.32
2525.42
2508.44
2485.87
2489.09
2501.22
2494.40
2495.18
2495.18
2495.18
2503.26
2530.02
2509.71
2511.78
2545.94
2538.38
2524.18
2535.52
2536.52
2545.91
2550.18
2538.26
2532.41
2537.17
2506.46
2505.25
2505.25
2502.31
2457.49
2468.91
2479.53
2472.64
2469.38
2468.78
2496.17
2519.73
2528.75
2528.75
2537.33
2550.00
2570.78
2556.87
2560.46
2542.24
2542.24
2558.30
2551.45
2527.31
2542.80
2532.83
2546.25
2552.53
2552.53
2557.43
2558.81
2546.35
2568.88
2567.47
2548.83
2546.12
2549.29
2554.29
2539.67
2540.11
2566.43
2572.96
2573.69
2551.62
2561.39
2564.00
2572.25
2568.95
2577.39
2583.49
2551.04
2562.18
2567.43
2575.54
2544.26
2550.53
2469.79
2497.19
2506.22
2520.19
2482.40
2475.07
2447.80
2465.00
2470.34
2477.81
2457.48
2473.35
2494.46
2508.65
2520.93
2522.47
2531.89
2538.15
2525.64
2528.18
2539.41
2538.68
2546.33
2548.36
2562.76
2560.26
2543.74
2557.26
2555.16
2552.36
2558.84
2563.16
2560.06
2543.83
2532.88
2510.77
2532.39
2529.54
2517.00
2548.73
2570.95
2566.80
2570.32
2595.96
2629.87
2628.08
2625.70
2624.44
2646.10
2627.04
2638.45
2658.97
2666.55
2659.04
2651.85
2655.73
2676.50
2676.50
2683.28
2702.64
2691.17
2702.99
2680.75
2686.03
2693.88
2728.45
2714.90
2716.26
2734.82
2729.03
2718.98
2699.53
2678.43
2674.22
2703.83
2673.62
2678.73
2659.25
2683.25
2671.86
2691.29
2729.19
2713.22
2739.83
2728.32
2734.30
2773.43
2777.01
2795.80
2763.84
2764.09
2774.50
2772.34
2763.69
2799.19
2810.64
2797.03
2817.49
2845.52
2858.60
2886.98
2866.07
2909.91
2791.96
2857.24
2891.00
2841.05
2847.08
2799.71
2855.79
2815.13
2820.75
2807.75
2854.45
2845.57
2845.57
2845.57
2845.57
2852.88
2888.69
2888.69
2888.69
2848.77
2859.28
2881.32
2886.13
2906.34
2892.63
2933.39
2954.95
2948.88
2988.45
2993.31
3001.37
3030.68
2976.71
3028.67
3033.46
2998.24
2994.53
2989.33
2999.20
3017.32
3035.15
3062.29
3067.06
3098.00
3104.14
3138.01
3184.36
3187.58
3216.14
3229.48
3248.18
3232.57
3276.16
3233.75
3196.03
3184.09
3184.21
3233.21
3237.87
3276.72
3259.64
3263.86
3320.66
3364.99
3417.60
3376.20
3436.07
3460.59
3415.40
3349.81
3359.29
3350.99
3291.19
3315.93
3264.67
3298.24
3321.84
3349.14
3418.12
3429.05
3429.05
3429.05
3295.93
3301.91
3215.24
3244.93
3312.88
3329.76
3359.46
3351.49
3340.05
3279.90
3327.68
3353.45
3383.25
3344.39
3347.58
3340.33
3395.95
3397.36
3374.10
3363.06
3383.19
3438.07
3438.07
3460.37
3528.78
3568.28
3551.98
3551.98
3562.41
3575.37
3595.15
3573.69
3562.11
3604.55
3604.55
3543.43
3596.09
3579.42
3602.19
3657.86
3674.36
3636.42
3636.42
3547.84
3605.62
3625.74
3661.84
3673.03
3695.29
3667.43
3665.01
3677.43
3707.99
3744.44
3765.11
3741.48
3730.27
3749.27
3788.27
3754.72
3755.82
3798.51
3805.29
3795.41
3785.77
3819.85
3854.76
3887.39
3942.53
3972.84
4006.40
4055.86
3992.38
4040.97
4124.19
4121.13
4201.24
4227.31
4196.53
4108.40
4230.42
4406.09
4335.74
4317.64
4371.16
4381.69
4421.72
4438.93
4408.79
4296.94
4302.68
4335.39
4414.35
4354.15
4333.13
4363.09
4278.48
4231.43
4152.86
4078.60
4169.62
4223.43
4253.67
4086.01
4071.79
3959.33
3995.66
3973.65
3906.03
3989.96
4047.37
4103.65
4071.68
4100.67
4068.01
4094.39
4050.14
3972.55
3854.81
3820.13
3898.95
4010.48
4000.48
4032.97
4088.92
4098.20
4102.39
4148.58
4080.78
4104.27
4167.85
4196.98
4273.71
4273.71
4302.13
4307.39
4347.24
4243.01
4188.52
4231.40
4202.37
4193.69
4118.22
4061.50
4040.75
4139.50
4171.45
3977.26
4050.87
3879.12
3567.22
3791.81
3727.40
3726.69
3854.07
3812.45
3866.68
3823.91
3699.89
3752.53
3731.08
3659.27
3704.29
3730.94
3794.61
3833.47
3834.82
3915.94
3959.69
3830.63
3849.23
3916.53
3953.84
3949.14
4068.05
4072.96
4082.89
4139.80
4170.08
4223.36
4184.91
4117.27
4030.16
4082.60
4060.04
4083.97
4158.68
4166.24
4084.75
4043.02
4121.79
4121.79
4121.79
4121.79
4197.37
4249.69
4249.69