210.65
213.80
207.97
206.11
205.96
206.72
206.34
208.26
209.17
208.43
207.53
205.79
203.49
204.25
206.43
207.39
209.81
210.29
209.33
211.78
213.96
216.24
212.96
213.47
214.56
216.24
215.92
215.97
217.40
219.76
219.76
222.45
219.76
222.22
224.62
224.34
223.79
224.04
226.77
226.74
225.42
224.38
224.34
225.13
225.57
226.58
231.69
232.54
233.19
236.55
234.67
235.78
235.60
236.54
233.34
235.33
234.72
237.30
238.97
238.97
238.90
235.14
235.71
232.47
228.69
228.63
233.52
233.75
236.44
235.98
237.79
237.73
242.22
243.03
242.38
244.74
242.42
241.75
242.02
241.98
243.08
240.51
235.52
235.16
234.79
237.73
237.24
236.08
237.96
237.85
237.58
236.43
237.54
234.43
232.75
233.20
236.11
235.45
240.12
241.35
241.35
244.75
246.63
247.98
247.35
245.04
245.51
243.94
245.65
245.67
239.96
239.58
241.13
241.49
245.72
246.13
244.35
244.99
244.06
247.56
245.26
247.03
248.93
248.74
249.60
250.84
252.04
252.70
251.79
251.79
244.05
241.59
242.82
243.01
242.22
238.11
233.66
235.01
236.07
236.36
236.24
238.18
238.67
237.95
240.22
236.01
234.55
236.59
236.12
234.91
235.99
237.03
236.84
237.04
236.88
240.68
243.34
245.67
246.22
247.15
247.38
246.51
249.77
249.67
250.19
247.81
252.84
253.00
252.84
252.93
252.93
248.52
250.08
253.82
250.48
248.14
247.67
247.06
235.18
230.68
231.94
231.72
231.68
232.31
232.21
234.93
235.67
236.28
231.83
232.23
229.91
231.32
233.60
233.92
233.71
234.78
234.41
236.68
235.85
235.48
235.91
235.37
238.80
239.53
238.84
235.97
235.88
236.26
239.28
238.26
238.77
239.26
240.94
243.71
243.98
245.80
246.20
246.58
245.87
245.77
246.13
247.08
246.64
243.02
244.50
243.21
236.78
237.66
242.05
245.86
247.45
248.17
248.77
248.77
249.22
249.05
254.00
253.83
253.04
251.17
251.16
249.28
250.96
248.17
247.35
248.21
250.04
247.56
246.78
249.44
248.75
246.34
246.75
246.75
246.92
244.67
243.37
242.17
242.17
246.45
252.19
252.78
255.33
257.28
258.73
260.30
259.95
262.64
265.49
266.28
269.34
269.04
267.84
273.91
270.11
269.61
273.75
275.40
274.24
274.08
276.45
275.99
279.64
281.16
280.04
278.16
275.07
277.54
278.04
279.70
279.70
285.49
285.42
285.57
285.48
282.38
282.88
284.00
282.96
284.20
283.00
284.12
288.62
290.52
290.66
288.30
290.86
290.31
291.22
289.89
288.23
292.47
292.78
294.08
298.17
301.16
301.64
300.38
300.93
296.13
289.20
291.70
292.39
293.63
300.41
301.95
296.69
297.26
292.86
292.49
285.62
279.16
284.44
286.91
286.91
286.09
293.07
287.19
286.82
281.52
281.83
282.51
284.57
288.36
288.03
289.36
295.34
295.47
294.71
293.37
291.57
293.30
293.98
294.24
287.43
286.65
279.62
278.21
280.17
282.16
282.16
289.11
288.73
290.76
290.10
289.83
288.46
293.47
295.09
293.45
296.72
297.28
297.47
298.73
301.62
302.69
304.76
304.81
305.69
306.97
309.65
308.43
306.86
308.96
307.16
307.90
304.00
302.94
305.63
305.63
304.92
307.40
308.29
307.52
308.37
307.63
310.68
310.42
312.10
314.59
311.39
308.55
308.47
307.81
309.27
310.65
312.33
315.65
318.05
318.66
317.57
316.23
318.45
322.09
323.00
328.00
333.33
332.39
334.65
333.99
334.11
329.25
329.83
334.84
335.90
333.33
336.77
334.57
331.38
327.04
329.79
323.40
321.68
320.21
316.70
316.70
313.56
313.92
317.13
321.98
323.08
317.74
314.86
314.93
314.86
310.54
319.50
321.19
319.72
320.16
323.20
321.69
321.83
327.34
328.07
328.08
319.22
318.54
314.16
311.05
309.39
314.52
305.23
298.08
282.70
224.99
236.83
258.38
248.25
248.22
227.67
233.19
233.28
244.77
251.79
255.74
250.82
248.96
254.48
250.41
243.17
239.00
241.90
249.90
245.64
246.76
243.04
245.55
240.05
242.00
242.99
246.39
244.10
244.10
240.34
230.30
232.00
233.45
225.21
223.92
228.76
234.91
238.89
233.57
235.32
242.19
242.80
248.08
242.98
249.16
249.54
249.95
253.16
252.02
252.02
245.57
244.59
247.86
247.08
247.08
255.94
258.63
258.89
261.07
243.40
247.49
245.42
245.81
245.88
252.05
251.88
249.32
242.63
243.14
246.50
252.17
249.57
249.38
253.29
257.07
255.04
255.57
252.21
252.21
250.96
249.10
251.72
256.66
255.95
257.63
257.63
259.83
259.21
257.91
261.61
265.64
265.02
264.43
261.58
262.46
267.82
267.23
267.98
267.88
267.30
267.38
269.43
269.06
263.84
264.94
266.37
266.13
268.65
271.22
271.12
268.74
268.84
268.91
263.35
258.51
258.06
260.07
258.07
258.89
257.21
256.09
258.51
265.49
266.16
269.43
270.16
271.37
271.57
259.75
259.77
259.21
257.92
256.13
256.42
260.14
262.46
263.93
263.80
262.61
261.33
261.56
263.00
260.32
258.79
257.48
256.54
257.62
253.31
253.85
256.78
258.71
255.39
251.35
252.57
253.02
250.83
253.51
253.76
254.63
253.42
253.42
262.16
266.69
265.33
266.45
267.05
265.17
271.52
270.20
271.16
272.14
274.30
274.45
269.77
270.68
268.94
271.67
275.66
274.82
273.78
269.06
272.31
270.98
273.50
271.78
271.78
275.81
272.02
271.78
270.03
270.55
267.85
269.32
270.26
271.61
270.51
268.47
270.00
266.66
263.50
264.68
265.19
262.50
266.02
272.02
272.21
272.06
272.98
271.93
271.15
269.98
266.49
261.90
262.75
262.55
258.69
260.56
260.77
261.03
260.24
256.98
257.09
261.13
259.18
259.68
262.33
262.51
261.52
258.35
264.48
264.48
265.59
265.87
265.88
266.84
266.47
267.43
269.31
268.13
270.65
268.82
269.73
270.16
269.18
269.76
268.88
268.26
269.08
272.59
271.91
271.38
270.62
271.86
272.39
278.07
278.24
277.93
273.98
275.22
275.50
276.41
279.38
276.97
282.88
283.66
282.28
282.38
281.38
277.28
278.53
278.97
279.06
279.06
279.20
276.31
273.93
275.15
273.33
273.69
267.92
267.72
268.34
263.82
264.61
266.47
266.26
267.21
269.00
269.00
267.23
268.64
270.90
273.70
272.49
271.81
274.93
277.59
278.13
276.56
277.03
276.52
276.31
275.31
274.28
276.29
278.91
277.47
277.38
276.87
277.87
277.87
276.83
277.08
279.40
277.72
277.72
275.31
279.43
280.01
280.67
280.98
280.38
282.01
283.17
283.87
284.14
283.55
286.53
286.90
286.63
284.50
288.49
289.14
291.69
293.82
294.99
297.47
297.09
296.84
296.97
296.04
299.63
298.65
296.06
292.02
292.54
291.81
294.24
294.81
296.76
296.76
295.98
290.91
292.05
287.13
287.82
288.86
287.11
289.95
291.18
294.81
293.87
294.08
293.93
292.88
295.32
295.14
296.67
299.44
292.69
289.92
291.33
290.49
288.98
288.98
290.57
291.59
292.35
292.52
294.87
296.39
295.31
296.24
295.29
297.16
297.11
298.49
298.99
296.40
301.36
301.72
306.02
307.15
306.19
309.61
308.69
306.75
306.93
309.58
309.64
309.12
308.12
308.16
307.77
307.61
306.00
305.19
305.80
306.95
313.84
316.16
315.28
317.48
317.97
321.24
321.98
318.32
319.14
319.17
321.59
321.59
319.05
320.52
321.97
325.52
322.03
324.24
326.95
326.75
326.69
326.24
323.91
323.83
320.08
321.35
321.89
321.25
320.48
322.32
328.00
326.60
328.44
325.81
319.68
317.98
319.23
319.23
320.64
321.55
324.91
327.07
328.78
329.81
329.95
331.84
332.44
331.35
335.73
333.51
335.90
333.67
333.88
338.05
341.99
342.15
346.08
343.75
344.34
344.74
343.92
349.41
349.35
346.94
348.25
344.74
343.06
344.71
345.66
344.45
346.03
340.67
341.19
344.70
351.52
350.52
352.09
349.84
350.65
351.45
353.73
353.73
352.56
349.24
348.35
348.76
347.66
348.70
345.46
343.16
345.06
346.73
346.55
346.47
345.70
347.05
344.23
344.33
345.10
348.60
349.15
350.87
354.71
356.94
356.97
358.78
359.80
359.13
356.99
355.39
333.63
342.85
341.16
341.76
347.13
347.16
344.83
343.70
342.50
337.93
335.06
335.07
340.36
341.20
338.48
337.62
332.61
334.81
338.15
336.57
339.10
339.55
337.99
340.54
340.58
341.61
339.35
339.59
341.91
341.91
343.97
345.61
345.77
343.60
345.99
350.63
351.41
349.58
348.55
347.59
348.69
348.56
351.73
352.75
350.93
350.14
343.69
342.46
342.84
344.78
347.42
347.42
346.81
348.81
350.67
353.40
353.40
359.69
358.76
355.66
352.20
353.79
349.62
347.31
348.53
339.93
337.00
340.75
337.40
338.19
339.15
330.38
331.61
330.26
326.08
325.80
325.20
322.98
329.07
328.79
330.92
331.85
329.66
333.75
332.96
333.62
330.08
331.02
332.01
334.89
332.72
332.72
327.99
327.67
325.70
324.15
328.67
330.26
331.89
332.74
335.54
333.74
337.93
336.95
340.27
337.93
338.67
336.00
336.87
338.07
341.91
343.53
341.57
339.74
335.69
337.22
337.63
341.50
342.00
340.79
339.94
338.70
343.64
341.09
340.73
340.08
341.37
342.07
341.92
344.34
344.34
344.74
344.68
340.72
338.09
335.12
331.05
330.36
332.03
332.92
329.11
330.80
332.25
334.48
335.57
338.39
340.53
342.01
342.86
343.82
352.00
354.75
354.28
354.00
354.47
354.64
358.00
358.43
359.29
358.41
354.58
354.58
360.65
360.86
361.23
363.16
367.40
366.64
364.96
363.15
358.71
361.63
367.27
364.90
362.90
362.91
356.88
358.47
359.10
360.47
355.43
352.31
352.06
355.14
357.63
358.02
359.54
360.16
360.16
355.68
358.42
359.52
356.49
361.23
365.44
367.31
368.95
367.52
364.22
365.32
361.61
355.31
355.79
357.09
355.91
353.44
355.55
356.15
355.52
351.48
344.86
334.43
334.83
338.35
339.94
335.52
338.84
339.39
340.06
332.39
327.83
328.51
321.86
316.55
307.06
311.51
321.44
321.34
324.19
318.71
322.56
322.56
323.09
324.39
320.46
323.40
321.63
321.04
322.54
318.65
316.83
317.77
318.60
316.60
311.48
311.32
304.59
308.26
305.06
300.97
306.05
314.94
315.21
311.40
312.69
311.50
313.48
305.10
300.39
295.46
300.03
303.23
298.92
298.76
305.74
312.48
314.76
312.36
312.60
310.17
304.71
301.88
304.06
304.00
307.02
311.85
314.59
311.62
306.01
307.61
313.74
319.48
317.67
320.40
317.02
317.12
319.34
315.31
316.03
316.03
315.10
316.51
318.10
317.95
316.42
322.22
324.10
326.35
329.92
329.07
327.75
328.89
326.44
330.19
329.34
326.82
326.02
330.05
330.20
330.12
331.75
329.90
329.90
330.85
328.29
328.72
330.22
330.22
326.45
321.91
321.00
315.44
314.90
311.49
314.53
315.23
312.49
313.73
316.17
327.97
332.23
331.06
328.31
330.21
334.78
336.07
336.03
335.84
340.91
343.93
343.05
348.34
351.26
358.07
356.52
359.35
368.58
365.50
369.02
364.22
369.06
369.06
369.39
365.14
364.97
365.65
367.26
362.81
367.74
367.07
370.47
369.33
376.82
376.17
375.91
374.95
372.96
370.03
374.57
373.50
373.59
372.11
366.59
367.92
366.58
367.48
369.83
376.30
375.35
375.22
375.22
371.30
379.50
378.94
379.77
375.36
378.66
373.56
373.15
377.63
380.40
381.19
387.62
390.45
388.46
384.20
380.95
381.76
382.76
379.25
379.02
373.66
375.35
380.29
380.52
380.80
380.08
377.32
378.51
383.25
375.75
376.76
371.62
368.57
372.19
372.39
372.27
375.36
376.19
374.96
377.49
377.49
381.93
382.80
386.95
389.83
388.06
387.74
385.09
383.63
379.43
378.57
381.05
376.65
377.63
382.29
380.13
378.59
375.09
375.42
377.75
370.94
370.65
371.59
374.40
371.16
377.92
377.47
373.33
373.33
374.08
377.94
376.11
375.74
376.97
380.25
382.39
381.54
381.18
385.37
384.22
382.88
379.42
378.64
380.96
380.93
383.15
386.69
387.81
387.12
387.18
385.06
390.62
390.56
389.32
387.12
388.02
389.62
389.90
389.33
385.58
376.47
379.43
390.59
391.33
394.17
393.85
393.06
396.64
396.47
395.43
395.43
392.15
389.97
389.14
389.10
388.57
384.56
385.09
387.34
383.59
385.78
385.50
386.94
387.56
387.92
385.92
387.71
386.88
386.49
385.90
387.86
389.20
388.26
384.47
381.24
379.50
380.67
376.80
380.55
381.45
386.47
391.01
392.80
391.92
392.50
390.02
387.83
387.94
385.07
384.20
389.52
391.48
392.96
392.46
391.32
390.28
388.71
389.97
393.72
392.89
393.12
396.74
397.41
397.15
382.62
385.24
379.42
378.53
380.06
376.14
375.34
377.96
376.55
376.55
375.22
381.40
380.96
380.07
377.39
379.10
378.26
377.90
377.70
381.55
384.47
384.46
382.74
383.48
382.52
387.04
396.82
399.33
399.33
404.84
406.46
415.14
417.09
417.09
417.26
419.34
417.96
417.40
418.10
417.61
415.10
414.34
420.44
420.77
418.21
418.86
416.36
412.64
418.13
414.96
415.48
414.99
414.96
410.34
411.63
408.79
409.95
413.85
413.84
413.82
411.09
413.77
413.76
417.13
413.69
412.48
412.48
407.38
408.26
413.90
411.46
412.27
410.45
415.35
413.86
412.70
412.45
412.85
409.33
406.51
404.44
405.21
406.89
404.03
403.89
405.84
406.39
409.58
409.15
409.80
411.30
409.91
408.88
407.52
407.86
403.50
403.00
403.69
404.23
400.50
401.55
405.59
398.06
394.50
400.64
404.29
406.08
412.39
416.28
416.05
416.05
410.16
410.26
409.81
411.60
409.02
408.45
409.11
412.02
414.95
412.53
416.91
416.84
416.79
415.85
416.05
418.49
416.29
416.45
413.14
410.09
412.81
416.37
415.39
412.60
414.02
414.02
411.41
412.17
416.74
415.35
417.30
413.50
414.59
413.26
413.48
413.36
410.06
407.25
409.05
409.76
410.29
408.32
402.26
400.96
403.67
403.40
404.04
403.83
403.12
403.45
408.94
408.14
412.88
411.77
411.77
413.84
409.16
410.28
414.23
414.62
414.87
417.68
417.10
417.54
415.62
413.75
413.76
410.93
412.08
411.60
411.54
417.52
422.23
423.92
424.21
425.09
424.36
422.19
420.59
418.88
419.42
418.90
417.78
417.73
419.91
420.74
421.34
418.19
418.26
414.85
410.72
411.61
413.51
413.53
414.84
414.03
416.07
417.98
417.98
417.08
417.08
414.44
416.36
419.95
419.58
425.27
419.77
419.92
419.93
422.93
422.14
417.14
417.44
418.47
414.35
416.62
416.80
417.80
416.29
410.47
407.57
407.18
404.25
407.75
402.66
407.44
409.30
409.37
409.60
411.73
414.98
415.48
415.67
414.90
414.10
418.16
418.49
420.13
420.86
418.68
422.75
419.92
417.11
418.34
417.58
418.59
418.62
422.20
422.87
422.43
420.68
419.27
422.85
423.61
426.65
425.12
427.59
429.19
429.19
430.16
431.35
430.78
429.89
429.91
432.06
435.31
436.99
435.65
434.64
433.73
432.84
432.57
431.52
435.43
441.28
440.70
440.31
439.03
439.77
439.77
439.15
437.98
438.82
435.71
435.71
435.38
434.34
434.52
430.73
429.05
430.95
431.04
433.03
435.94
437.15
436.83
435.13
433.37
435.49
436.09
440.01
439.95
438.11
438.66
438.78
442.52
442.55
447.20
449.56
448.93
447.85
445.33
446.23
447.66
444.58
444.58
433.91
433.30
431.90
434.22
435.24
434.80
440.87
442.33
443.38
442.01
447.90
449.26
447.34
446.11
454.71
454.40
456.33
453.72
449.83
451.43
451.37
448.31
451.89
450.18
448.88
448.76
448.07
450.88
447.78
450.77
451.97
451.67
450.30
441.39
442.29
441.16
442.73
441.84
441.84
448.37
449.22
448.66
448.40
448.94
447.46
445.10
443.63
439.46
437.03
433.54
438.01
438.02
438.89
440.19
442.46
444.05
444.52
443.26
442.31
442.80
444.36
444.80
439.23
439.56
440.37
440.32
447.57
450.59
445.84
448.00
448.85
453.44
452.42
450.19
450.19
453.83
453.85
452.49
450.06
447.69
444.71
445.78
445.38
447.26
447.71
446.27
447.43
448.54
443.68
446.22
445.93
443.19
446.62
447.60
451.85
450.69
450.53
449.02
445.84
445.84
441.43
442.83
448.64
448.13
448.98
448.09
450.08
449.22
445.75
446.03
447.31
447.18
444.51
447.10
449.09
448.24
447.19
450.24
448.13
450.15
449.27
448.54
448.13
448.68
450.72
449.45
450.46
448.96
450.14
452.38
453.13
456.04
456.43
456.16
455.23
459.77
460.13
461.04
460.54
461.90
463.56
463.15
461.30
461.34
461.34
458.52
456.65
457.50
461.72
462.06
459.90
461.60
459.43
458.83
455.05
452.95
456.20
457.74
457.63
461.80
461.53
460.11
458.93
461.28
461.34
461.20
460.74
459.18
460.31
460.88
461.12
461.49
466.83
469.50
468.45
466.21
466.07
465.36
463.27
464.20
464.30
464.61
467.73
467.83
469.10
468.44
463.02
457.49
459.57
460.21
460.33
463.72
462.64
465.39
463.75
466.74
464.81
463.62
462.60
459.13
461.03
462.36
462.36
463.06
461.90
461.79
461.89
463.11
464.89
466.43
466.76
466.29
464.18
463.93
465.70
463.06
461.84
463.34
466.38
465.85
465.30
467.32
467.38
467.38
470.54
470.94
470.58
468.64
466.45
465.44
466.89
467.55
467.12
469.90
475.27
474.13
474.17
472.47
474.91
473.30
474.25
474.30
474.98
474.72
471.97
470.92
473.20
477.05
478.70
481.61
479.62
482.00
480.71
469.81
471.76
471.05
472.77
468.93
470.18
470.23
472.52
472.79
470.34
467.69
467.69
471.46
470.69
464.26
466.07
467.14
464.44
464.81
463.01
464.74
466.91
465.88
467.06
463.90
466.44
467.39
467.01
469.42
470.90
471.06
468.54
468.80
468.54
464.35
460.58
460.00
452.48
445.55
445.77
445.77
438.92
448.29
448.05
450.88
447.10
449.87
447.57
446.26
446.38
446.18
442.46
442.54
441.96
448.73
447.63
452.71
451.87
451.87
449.10
450.91
453.02
453.03
451.72
451.38
447.82
442.32
446.01
441.49
443.75
444.14
444.49
449.37
453.69
456.48
454.92
453.20
454.81
456.34
457.06
457.33
457.33
456.50
457.63
457.65
460.13
458.88
458.21
457.06
457.86
458.67
459.10
462.37
460.61
461.93
458.45
455.41
451.34
453.09
449.63
442.80
447.31
446.07
447.63
444.27
446.20
446.20
446.37
446.13
448.38
449.55
448.06
447.95
448.73
453.41
454.16
455.22
453.86
451.60
452.61
453.11
454.25
453.36
452.57
454.24
458.25
461.01
460.56
461.45
458.40
457.09
457.89
457.93
460.30
458.88
461.94
461.23
465.01
465.17
463.17
463.68
462.32
464.51
469.03
468.08
473.80
474.59
476.07
475.49
473.17
470.99
470.99
471.86
470.96
473.14
468.18
466.21
467.52
468.80
474.81
471.19
470.85
463.36
461.46
461.27
459.67
460.82
462.05
464.84
462.24
462.69
461.74
454.59
453.52
452.36
455.10
459.04
465.79
465.47
467.79
469.10
468.96
467.66
470.28
466.85
464.89
460.83
461.52
462.62
465.85
473.77
472.35
468.42
466.50
467.91
462.28
463.07
465.65
465.40
464.35
462.35
466.04
465.03
465.60
463.57
461.47
458.30
450.09
449.93
449.93
452.29
454.16
455.17
453.69
448.92
453.30
453.33
453.11
451.23
445.45
446.96
449.47
450.15
454.97
455.35
458.80
457.91
457.10
459.61
459.67
459.83
459.83
462.47
460.86
461.16
459.27
459.27
459.11
460.71
460.34
460.68
460.83
461.68
461.66
461.64
465.97
469.38
470.05
469.72
466.95
464.78
465.81
465.86
467.44
468.32
470.39
468.51
470.42
470.40
472.78
478.64
481.14
480.81
481.19
480.19
481.46
481.65
482.55
484.54
485.22
481.97
481.97
482.74
485.07
486.91
488.11
483.81
487.39
485.65
485.13
485.42
485.63
482.12
483.14
483.16
489.57
490.05
492.89
491.88
495.41
495.52
496.15
495.07
495.67
495.95
500.97
503.20
503.90
503.12
502.22
500.71
501.85
505.24
505.57
506.08
506.42
507.01
505.53
507.17
509.23
509.23
506.13
505.37
504.92
505.29
508.49
512.89
512.10
512.66
513.55
514.71
514.26
514.86
520.48
520.54
520.12
523.96
523.56
524.36
524.37
525.55
527.74
528.19
527.07
519.58
519.19
523.65
528.59
528.61
528.59
523.65
523.65
523.58
533.40
533.49
532.51
535.60
535.55
533.13
532.35
527.94
530.88
536.05
536.47
537.12
539.83
545.22
544.98
543.98
551.07
549.71
544.13
542.43
544.73
543.87
544.75
547.09
547.09
547.26
553.99
556.37
557.19
554.78
560.89
561.00
559.89
562.72
558.46
550.98
553.54
553.62
556.63
561.10
561.61
565.22
562.93
562.06
559.64
558.80
558.75
558.94
560.03
560.39
559.71
557.45
555.11
559.74
558.57
559.97
559.04
559.21
558.11
559.52
557.14
557.46
560.10
559.05
560.00
560.92
561.88
563.84
563.84
569.17
570.17
570.29
572.68
573.91
576.51
578.77
583.61
583.35
582.77
584.20
586.77
583.00
581.73
581.81
581.41
581.04
585.87
584.41
581.72
582.34
581.47
582.63
582.49
578.37
577.52
579.46
583.10
584.50
583.03
586.78
587.44
590.65
587.46
585.06
586.54
582.47
576.72
579.70
583.25
581.50
584.22
589.72
590.57
588.46
586.32
591.71
593.26
592.72
592.30
589.29
593.96
597.34
600.07
596.85
600.24
598.40
598.40
599.97
601.32
606.45
607.64
605.37
606.98
613.68
617.68
620.18
616.17
617.48
619.52
618.78
621.69
616.92
616.34
606.81
611.93
605.94
610.49
611.96
611.96
614.30
614.53
614.12
615.93
615.93
620.73
621.32
617.70
616.71
618.46
609.45
598.48
602.69
601.81
599.82
608.44
606.37
608.24
611.83
613.40
612.79
619.96
617.03
621.62
624.22
630.15
636.02
638.46
635.84
641.43
646.33
649.93
656.07
656.37
661.45
660.51
655.58
651.32
647.98
647.98
640.65
648.10
658.86
659.08
650.46
647.24
644.75
640.43
644.37
650.81
655.79
652.00
653.65
633.50
640.02
637.09
638.55
640.87
641.43
652.65
651.69
649.98
649.19
650.62
650.04
652.97
648.91
648.94
645.50
653.73
655.26
655.88
655.86
655.86
644.24
642.19
633.50
631.18
636.71
642.49
645.00
641.61
643.61
645.07
647.89
651.58
650.17
652.87
653.46
654.16
654.17
654.58
643.38
641.63
640.81
638.26
644.77
645.44
652.09
661.51
665.60
665.42
664.85
668.91
673.15
672.76
678.42
676.00
678.51
678.51
672.23
667.93
671.70
669.12
667.68
672.56
678.44
673.03
673.31
672.16
670.97
669.04
667.92
665.85
665.16
662.06
661.96
662.10
666.84
668.85
668.48
664.39
668.55
670.63
675.88
673.61
672.40
672.40
657.44
652.54
654.75
656.06
645.67
646.19
629.80
628.37
634.07
643.56
638.73
633.77
626.87
626.65
631.17
635.90
630.91
635.26
639.95
650.02
662.49
660.23
662.38
664.16
662.59
662.10
665.77
660.20
662.05
662.28
665.21
666.58
665.69
665.07
670.68
667.03
663.88
666.40
664.81
657.40
651.99
651.99
654.72
655.61
649.44
655.68
663.76
663.81
667.28
671.15
680.54
683.98
682.94
681.47
683.00
687.03
686.48
685.61
685.83
685.86
686.19
687.31
689.08
694.01
692.78
701.46
703.34
700.64
696.74
694.61
700.66
703.54
702.57
704.41
706.99
710.82
709.85
706.57
707.27
702.29
700.92
697.26
701.50
700.90
705.27
703.77
706.73
714.14
724.59
727.65
730.82
731.87
729.56
731.13
735.88
737.62
737.02
742.16
743.95
742.75
748.73
757.03
755.96
755.00
755.00
757.02
756.56
748.28
745.10
744.38
739.60
749.81
747.54
740.73
729.33
728.64
720.98
726.04
731.54
745.76
748.87
746.92
751.03
751.03
755.82
756.79
753.85
740.74
740.74
737.01
748.03
747.65
753.23
748.41
754.85
759.50
759.51
768.86
767.20
769.75
776.17
776.70
782.72
786.23
777.56
770.52
765.02
765.02
772.50
784.17
786.16
786.73
789.26
778.28
780.15
789.56
785.43
789.59
802.77
811.82
808.48
808.48
816.29
812.49
802.80
801.77
810.28
812.10
805.68
795.07
790.82
795.31
790.95
801.99
798.56
804.97
813.65
811.34
804.26
789.56
793.17
795.71
789.66
785.77
782.65
784.10
790.89
789.07
790.50
773.88
773.88
757.12
759.64
750.11
750.32
757.90
762.13
766.12
760.60
758.34
737.65
743.73
754.72
763.53
761.77
766.34
760.37
774.61
773.64
771.18
765.37
772.96
794.05
801.34
798.53
812.97
830.24
827.76
815.62
820.26
824.78
837.66
833.13
836.04
841.88
829.75
833.27
841.66
839.35
835.66
847.03
847.03
849.71
847.21
844.08
848.28
846.36
845.48
840.11
843.43
858.01
862.91
865.27
869.57
883.48
893.27
893.90
894.42
889.06
897.99
898.70
878.62
896.34
888.99
883.68
887.30
885.14
891.03
904.03
916.92
916.92
912.20
918.75
907.54
913.78
916.68
918.38
925.76
936.59
931.61
915.30
912.94
933.98
936.56
940.30
938.79
936.45
942.29
952.29
954.29
947.14
950.30
952.37
960.32
951.19
933.54
937.00
926.53
922.02
924.77
900.81
912.49
926.01
939.35
925.05
923.55
920.16
913.02
913.70
903.67
899.47
899.47
927.58
927.86
930.87
929.05
931.20
933.62
919.03
912.59
923.91
919.77
945.64
943.00
947.29
950.51
955.43
951.93
944.48
937.91
945.22
953.34
947.28
955.41
960.46
965.03
972.69
983.12
973.84
970.62
966.98
968.10
970.28
965.72
955.23
944.16
955.61
972.28
968.49
950.69
941.64
876.99
921.85
919.16
903.68
914.62
938.99
940.76
942.76
938.03
927.51
921.13
923.78
905.96
916.66
928.35
946.20
938.23
944.59
958.98
963.09
946.67
950.82
951.64
951.64
955.40
974.78
971.68
976.77
973.10
983.79
982.37
975.78
969.79
954.94
953.39
963.39
968.04
965.54
955.30
946.78
953.70
939.13
932.70
932.70
936.46
953.35
970.84
970.43