1424.10
1415.20
1404.20
1379.60
1394.50
1383.20
1370.10
1390.50
1394.50
1396.00
1378.30
1378.10
1390.90
1382.80
1392.00
1405.00
1426.30
1421.00
1421.00
1435.00
1425.10
1431.60
1424.10
1426.90
1445.00
1461.50
1453.90
1470.00
1473.50
1477.90
1475.30
1491.90
1491.40
1492.10
1518.00
1533.00
1527.70
1534.60
1549.50
1543.90
1534.70
1548.90
1569.10
1566.10
1573.80
1572.20
1597.10
1624.50
1616.70
1624.40
1622.60
1644.40
1659.80
1690.10
1688.30
1663.90
1633.80
1653.90
1668.80
1668.80
1668.80
1684.00
1702.90
1717.60
1709.70
1688.50
1675.70
1659.00
1690.30
1694.10
1683.10
1654.80
1662.00
1680.90
1680.20
1668.50
1665.20
1632.70
1615.50
1622.60
1628.80
1650.10
1660.50
1640.10
1652.50
1652.50
1636.20
1610.10
1602.60
1601.60
1603.80
1623.30
1594.30
1575.70
1564.90
1573.10
1585.80
1591.90
1598.80
1617.40
1617.40
1612.10
1624.80
1609.00
1602.80
1596.50
1602.20
1601.40
1612.60
1611.90
1604.60
1586.50
1571.40
1571.80
1582.40
1593.60
1605.30
1619.00
1629.60
1637.20
1622.80
1624.90
1629.40
1637.50
1634.50
1649.80
1660.80
1656.70
1656.20
1649.00
1631.00
1599.00
1614.60
1626.70
1626.40
1597.30
1593.00
1597.30
1609.30
1584.40
1560.20
1559.20
1572.30
1547.70
1545.80
1549.40
1556.40
1566.30
1558.10
1561.80
1545.40
1561.60
1540.40
1529.90
1526.70
1542.80
1558.20
1581.00
1588.20
1601.90
1609.00
1604.40
1604.60
1606.80
1607.10
1607.10
1616.20
1629.80
1636.80
1661.20
1672.80
1667.80
1670.70
1680.30
1684.80
1666.60
1673.40
1663.50
1636.50
1608.60
1628.30
1596.70
1610.40
1615.50
1600.40
1617.10
1610.00
1603.40
1575.90
1568.60
1539.20
1555.80
1578.30
1573.10
1560.80
1578.90
1592.30
1587.80
1608.60
1599.40
1612.30
1592.50
1607.50
1605.00
1610.00
1590.20
1591.20
1589.60
1572.50
1577.10
1586.10
1583.60
1597.00
1615.80
1632.10
1639.20
1637.70
1644.40
1648.50
1662.60
1656.20
1660.90
1654.30
1644.60
1644.30
1628.00
1617.50
1604.30
1610.70
1624.90
1636.50
1619.30
1633.20
1632.50
1636.70
1617.80
1625.50
1615.10
1610.10
1613.50
1623.40
1635.90
1634.60
1634.00
1629.80
1637.00
1637.90
1636.30
1630.60
1632.20
1652.20
1660.90
1665.10
1665.10
1665.10
1671.60
1673.10
1679.00
1679.00
1681.10
1680.00
1690.70
1722.20
1733.10
1752.30
1755.60
1763.30
1765.20
1789.00
1789.00
1778.40
1778.90
1761.60
1777.50
1795.30
1781.80
1814.40
1812.10
1798.10
1808.30
1832.80
1828.60
1846.70
1866.10
1898.40
1910.70
1874.90
1895.80
1878.60
1898.10
1925.80
1942.00
1952.00
1930.10
1961.50
1939.70
1946.80
1973.10
1980.20
1979.20
1983.10
1998.30
2002.70
2002.80
1998.20
1973.70
1987.70
1979.40
1989.70
2000.00
1991.80
2006.30
2006.60
1991.00
2017.50
2033.00
2056.20
2042.90
2037.80
2048.60
2002.50
1997.60
1973.10
1987.70
1965.10
1989.60
1987.00
1976.70
1962.80
1936.70
1917.10
1908.90
1922.20
1949.40
1949.40
1949.40
1940.20
1955.70
1968.30
2001.50
1986.60
2022.10
2038.60
2050.50
2068.50
2068.50
2065.10
2086.50
2077.90
2126.50
2163.30
2143.30
2163.40
2180.00
2189.70
2192.10
2214.30
2174.00
2153.70
2167.50
2167.50
2153.40
2145.70
2157.40
2203.00
2228.20
2219.60
2235.40
2214.20
2228.80
2228.40
2265.20
2256.10
2249.30
2289.50
2307.60
2309.00
2320.40
2293.20
2266.10
2244.60
2265.50
2284.00
2277.20
2291.30
2289.30
2284.10
2269.80
2297.40
2328.10
2351.90
2365.40
2356.90
2371.00
2382.00
2386.60
2403.00
2419.20
2443.40
2428.70
2400.70
2390.50
2344.50
2340.20
2346.90
2333.90
2359.90
2383.10
2370.50
2360.90
2334.30
2307.80
2317.40
2261.40
2226.20
2242.20
2275.40
2286.10
2290.10
2295.40
2259.60
2224.80
2197.60
2185.30
2205.80
2225.10
2248.10
2249.60
2245.80
2249.70
2249.70
2272.80
2249.50
2268.10
2274.90
2283.60
2275.00
2249.10
2253.20
2261.20
2271.80
2264.50
2279.80
2304.50
2328.30
2334.80
2335.50
2352.40
2353.40
2342.60
2368.10
2368.30
2366.00
2373.80
2382.20
2385.80
2367.90
2359.80
2375.50
2366.50
2338.50
2350.20
2322.90
2301.90
2301.90
2052.30
1801.60
1943.80
1833.20
1795.20
1684.10
1703.30
1658.40
1682.00
1749.80
1723.70
1653.90
1608.10
1638.80
1620.80
1565.20
1573.50
1639.30
1702.50
1678.30
1684.70
1660.10
1663.70
1639.10
1633.40
1657.70
1689.10
1664.10
1660.70
1651.60
1579.90
1578.50
1590.30
1588.40
1582.80
1598.40
1624.40
1639.30
1619.60
1651.60
1652.60
1670.00
1689.80
1706.20
1717.00
1750.20
1747.40
1771.40
1791.10
1791.10
1791.10
1730.30
1759.80
1712.70
1712.70
1747.50
1789.60
1787.10
1787.20
1773.40
1760.20
1739.20
1733.40
1743.40
1786.70
1790.00
1768.00
1752.80
1747.20
1770.90
1762.20
1767.30
1765.20
1783.90
1790.80
1776.90
1774.40
1766.30
1766.90
1737.80
1694.50
1707.20
1718.50
1729.80
1734.00
1739.20
1734.60
1748.10
1736.10
1729.80
1747.20
1757.90
1760.10
1782.40
1766.50
1768.80
1781.90
1808.70
1813.30
1834.50
1818.20
1815.00
1815.30
1834.60
1811.60
1819.50
1839.90
1825.70
1828.10
1855.50
1841.10
1835.40
1832.20
1782.70
1767.90
1746.50
1765.10
1756.90
1742.50
1742.50
1742.50
1737.60
1745.00
1761.00
1779.70
1810.50
1805.30
1810.40
1787.20
1778.60
1787.80
1798.90
1786.80
1791.90
1771.60
1777.60
1800.80
1806.70
1804.40
1802.20
1802.20
1807.20
1794.70
1789.50
1801.10
1794.90
1792.60
1756.80
1772.30
1781.80
1776.60
1789.20
1777.60
1760.60
1770.20
1761.30
1782.90
1787.90
1785.30
1783.70
1783.70
1784.40
1805.70
1810.30
1819.20
1832.70
1820.20
1828.20
1841.50
1849.80
1838.80
1866.20
1869.30
1861.90
1850.10
1844.00
1860.10
1879.30
1878.90
1871.30
1841.50
1856.90
1855.10
1857.60
1858.20
1848.00
1854.80
1870.00
1855.50
1877.20
1876.80
1858.50
1871.30
1863.30
1861.50
1849.30
1844.80
1867.20
1864.40
1844.80
1838.50
1837.70
1840.80
1841.30
1853.60
1862.20
1855.50
1865.10
1869.70
1875.90
1876.00
1862.60
1839.90
1835.20
1843.40
1816.80
1825.30
1830.90
1833.90
1844.30
1832.30
1817.90
1819.20
1780.20
1770.70
1770.70
1754.80
1753.60
1730.50
1746.90
1764.50
1768.00
1756.10
1739.80
1738.40
1744.60
1756.30
1765.10
1769.30
1766.70
1759.90
1772.10
1796.80
1788.70
1792.40
1792.70
1808.00
1812.50
1829.00
1826.50
1802.60
1807.30
1826.30
1838.90
1844.70
1844.10
1838.30
1814.30
1830.70
1840.60
1860.00
1857.00
1862.50
1864.30
1859.30
1848.40
1847.50
1850.70
1853.30
1858.40
1852.40
1857.80
1843.20
1837.60
1834.30
1819.70
1840.60
1825.70
1826.20
1802.70
1794.30
1802.30
1807.30
1823.60
1823.40
1811.10
1821.30
1837.10
1833.00
1794.70
1781.50
1786.90
1792.40
1778.70
1765.00
1761.60
1767.40
1771.70
1757.90
1750.70
1747.90
1752.60
1756.10
1763.20
1773.70
1770.50
1777.40
1772.60
1768.70
1774.00
1774.00
1774.00
1787.70
1803.40
1793.10
1793.10
1782.80
1793.00
1799.50
1811.30
1831.50
1836.00
1834.10
1850.90
1862.10
1871.80
1867.70
1892.10
1910.80
1917.50
1924.70
1941.10
1939.00
1959.80
2005.90
2042.90
2051.80
2039.70
2043.40
2069.90
2044.30
2072.80
2096.20
2079.10
2056.10
2032.70
2049.10
2047.50
2033.80
2042.90
2065.80
2061.00
2033.70
2016.60
2019.50
1996.70
2002.40
2021.30
2039.70
2059.20
2072.80
2083.50
2083.30
2075.90
2085.20
2103.00
2125.40
2121.20
2112.60
2073.10
2053.60
2072.20
2048.60
2057.00
2057.00
2057.00
2070.50
2071.70
2049.40
2075.00
2079.60
2082.80
2078.20
2052.50
2045.70
2025.00
2031.30
2033.00
2028.70
2053.60
2054.70
2074.40
2087.00
2064.40
2061.00
2062.00
2071.20
2093.40
2115.70
2118.00
2118.00
2103.10
2105.70
2119.00
2132.80
2119.60
2125.10
2117.00
2110.60
2135.70
2149.90
2136.70
2155.80
2177.30
2204.70
2169.00
2151.60
2132.70
2136.60
2140.30
2140.30
2130.00
2114.40
2103.40
2102.60
2088.50
2107.40
2117.90
2143.40
2142.10
2138.30
2123.00
2133.60
2129.60
2143.90
2154.70
2164.80
2172.20
2180.00
2167.50
2179.60
2206.40
2209.40
2182.00
2151.00
2165.60
2174.40
2162.90
2161.20
2189.10
2195.20
2250.90
2256.70
2258.00
2273.70
2274.90
2273.10
2292.50
2292.30
2283.00
2259.10
2269.40
2264.50
2283.70
2306.00
2297.00
2292.30
2307.80
2306.30
2327.50
2341.50
2348.10
2360.40
2347.30
2354.20
2325.90
2326.20
2345.80
2360.00
2375.10
2374.70
2370.80
2382.40
2393.10
2397.40
2397.40
2380.80
2381.30
2387.90
2407.50
2419.20
2426.00
2390.80
2415.90
2423.90
2400.60
2397.60
2401.50
2382.00
2366.50
2373.80
2361.50
2369.80
2380.90
2370.20
2359.60
2336.10
2331.20
2291.70
2299.40
2289.20
2318.60
2312.10
2281.60
2277.50
2247.00
2218.80
2218.80
2237.80
2233.90
2163.40
2135.50
2170.10
2189.30
2179.10
2189.70
2149.30
2161.90
2129.40
2082.10
2112.20
2142.60
2160.10
2154.10
2173.10
2169.60
2178.20
2203.80
2201.70
2216.70
2213.20
2214.70
2203.40
2209.80
2221.40
2183.10
2185.10
2192.30
2220.50
2222.40
2224.30
2242.00
2255.60
2276.80
2311.10
2303.40
2327.50
2353.70
2346.70
2363.50
2351.40
2363.50
2386.20
2367.00
2344.70
2358.50
2342.10
2360.70
2353.00
2362.00
2362.00
2362.00
2395.80
2398.80
2422.70
2422.70
2434.10
2463.70
2451.60
2444.50
2431.30
2436.30
2412.60
2417.90
2380.10
2366.20
2349.10
2373.90
2336.90
2335.00
2297.10
2291.10
2278.60
2289.90
2314.50
2328.80
2322.00
2337.30
2345.80
2355.10
2348.40
2321.10
2307.40
2331.00
2313.60
2286.90
2293.20
2298.30
2313.80
2325.90
2297.10
2277.00
2259.70
2269.20
2236.70
2249.30
2254.80
2255.40
2238.40
2254.80
2230.50
2216.00
2230.30
2250.00
2234.30
2222.80
2224.50
2226.10
2234.90
2263.90
2238.00
2259.70
2250.30
2258.90
2283.90
2298.20
2266.20
2275.00
2263.00
2247.90
2221.60
2240.70
2231.60
2239.50
2221.10
2227.70
2217.50
2215.50
2222.10
2222.10
2222.10
2214.50
2205.90
2184.70
2187.10
2159.20
2159.90
2143.10
2133.60
2106.60
2103.40
2117.90
2137.60
2134.90
2162.20
2162.20
2182.00
2162.70
2157.00
2175.90
2214.50
2212.20
2221.10
2284.40
2269.10
2282.10
2311.30
2287.40
2277.10
2265.60
2265.60
2295.60
2346.20
2345.10
2371.40
2379.00
2380.10
2358.50
2378.40
2366.60
2348.80
2370.70
2405.40
2403.00
2392.30
2370.50
2369.70
2371.20
2370.30
2378.50
2398.50
2399.80
2373.50
2355.70
2374.60
2372.00
2371.70
2355.50
2331.40
2340.00
2337.50
2327.50
2360.50
2370.50
2382.20
2406.50
2415.00
2402.00
2387.30
2400.10
2359.70
2360.90
2364.70
2344.10
2330.10
2316.50
2326.20
2339.00
2304.50
2284.60
2220.20
2235.80
2237.50
2244.90
2233.80
2219.50
2234.00
2239.30
2222.10
2176.90
2156.60
2108.10
2104.80
2075.00
2086.40
2086.40
2126.10
2125.70
2153.60
2162.80
2166.60
2148.00
2152.20
2120.90
2122.90
2147.00
2144.30
2142.30
2127.10
2093.80
2094.30
2064.00
2065.80
2016.90
2025.50
1990.30
1999.20
2000.00
2009.10
1990.20
2030.80
2058.50
2087.00
2070.40
2143.90
2201.60
2134.10
2121.80
2102.20
2100.40
2101.90
2083.60
2068.00
2082.60
2089.00
2102.00
2127.00
2110.50
2088.70
2063.10
2062.10
2033.90
2050.30
2028.00
2030.70
2050.10
2069.80
2059.20
2036.20
2040.60
2051.90
2056.00
2046.00
2060.00
2068.00
2095.90
2115.20
2126.30
2127.90
2170.50
2151.90
2159.50
2144.30
2135.60
2149.40
2162.70
2146.30
2152.60
2177.50
2183.40
2182.50
2165.80
2156.90
2172.20
2168.40
2157.90
2161.80
2178.70
2158.80
2164.40
2156.30
2156.30
2156.30
2167.80
2160.40
2143.50
2143.50
2128.30
2117.80
2126.10
2113.30
2099.90
2128.90
2108.70
2106.10
2080.80
2070.90
2054.80
2104.60
2102.70
2084.00
2081.60
2080.50
2099.30
2103.00
2118.00
2113.80
2152.60
2170.30
2165.70
2172.40
2202.00
2194.80
2243.70
2245.20
2279.00
2264.50
2267.80
2294.40
2296.90
2318.30
2312.40
2296.80
2312.40
2314.30
2335.50
2322.20
2348.00
2380.90
2386.90
2382.90
2420.10
2459.90
2437.70
2455.00
2459.10
2454.80
2448.20
2500.60
2494.20
2490.60
2459.00
2441.20
2474.80
2440.50
2431.90
2437.60
2464.60
2456.50
2456.50
2456.50
2488.30
2519.10
2524.50
2545.30
2529.90
2527.20
2518.80
2531.60
2526.10
2542.80
2519.50
2545.00
2538.40
2520.10
2490.80
2503.80
2488.60
2482.10
2471.30
2498.20
2486.20
2508.40
2530.70
2522.70
2522.70
2540.50
2523.40
2541.80
2524.30
2486.60
2463.70
2459.40
2471.90
2453.90
2466.60
2482.70
2465.90
2482.80
2471.10
2471.10
2479.70
2492.90
2491.20
2499.50
2515.80
2506.00
2521.50
2525.30
2506.30
2511.90
2542.60
2520.20
2514.60
2522.30
2524.00
2516.00
2484.70
2479.90
2487.50
2458.30
2461.20
2437.30
2452.50
2414.80
2443.60
2460.20
2448.20
2470.40
2484.70
2466.80
2487.90
2508.40
2510.50
2497.40
2532.50
2556.80
2561.00
2547.30
2541.50
2558.50
2587.90
2580.50
2579.60
2589.30
2595.00
2595.60
2588.80
2591.70
2601.70
2585.40
2573.30
2597.40
2600.60
2570.60
2569.40
2584.90
2608.80
2617.20
2621.00
2540.50
2554.50
2601.90
2623.00
2640.70
2640.70
2619.80
2624.20
2638.20
2645.70
2679.60
2669.00
2664.60
2663.30
2667.40
2653.20
2630.80
2626.60
2641.90
2625.80
2606.00
2594.40
2583.60
2588.70
2600.30
2579.50
2576.60
2597.80
2595.60
2599.00
2621.70
2645.60
2644.20
2625.60
2624.60
2596.20
2599.50
2584.10
2570.80
2555.00
2574.50
2576.70
2579.00
2588.70
2601.10
2575.70
2559.50
2561.10
2528.30
2514.70
2558.50
2553.30
2577.10
2566.00
2549.50
2527.80
2540.90
2534.20
2538.00
2559.00
2554.90
2575.50
2546.50
2561.60
2546.60
2502.90
2463.10
2472.60
2463.50
2446.30
2456.20
2471.50
2447.50
2428.60
2420.20
2414.90
2420.20
2423.80
2407.00
2388.70
2409.60
2392.00
2380.20
2423.30
2451.60
2440.80
2432.90
2413.60
2391.60
2358.10
2345.40
2384.40
2384.40
2384.40
2418.70
2420.00
2493.10
2493.10
2492.80
2504.10
2493.20
2482.90
2467.10
2497.90
2477.90
2490.10
2516.30
2537.10
2541.60
2536.70
2544.90
2543.40
2522.00
2525.30
2510.40
2539.90
2552.00
2546.50
2550.80
2571.20
2560.20
2556.80
2547.10
2534.30
2517.20
2538.40
2537.10
2523.70
2522.60
2513.90
2541.00
2555.90
2536.70
2543.40
2542.30
2559.70
2546.80
2565.00
2562.00
2562.10
2554.30
2565.40
2558.40
2538.30
2533.10
2550.70
2574.80
2522.40
2493.30
2476.00
2470.70
2491.20
2464.70
2467.60
2456.60
2441.00
2458.70
2464.90
2472.20
2447.90
2452.90
2440.10
2408.60
2405.40
2382.70
2400.90
2404.20
2393.20
2436.40
2572.60
2591.00
2600.50
2640.20
2638.60
2638.60
2638.60
2625.80
2607.80
2609.80
2643.00
2658.20
2651.00
2664.90
2654.10
2659.80
2659.80
2662.20
2698.70
2701.90
2725.70
2737.80
2722.40
2720.50
2694.70
2682.60
2703.60
2700.60
2711.90
2702.00
2715.00
2715.00
2704.60
2698.60
2694.20
2707.60
2697.60
2705.90
2680.90
2681.90
2668.50
2645.80
2635.40
2636.10
2614.10
2603.70
2593.60
2616.30
2598.40
2562.70
2584.80
2550.30
2560.60
2532.60
2557.30
2534.10
2515.80
2521.20
2493.90
2476.10
2497.10
2469.00
2493.70
2472.60
2497.90
2490.80
2478.30
2484.00
2486.40
2483.40
2431.90
2403.70
2415.60
2387.90
2399.50
2377.20
2348.00
2373.40
2423.20
2411.60
2399.60
2420.20
2407.50
2392.80
2377.60
2350.10
2325.70
2309.60
2303.10
2318.00
2356.80
2376.10
2354.70
2363.50
2359.40
2365.70
2311.10
2281.00
2285.00
2311.60
2312.60
2312.60
2298.40
2313.00
2381.90
2362.20
2372.20
2337.70
2327.50
2340.60
2370.90
2422.10
2370.00
2378.30
2483.90
2567.00
2560.10
2586.00
2580.50
2621.20
2601.00
2560.00
2565.50
2553.00
2572.30
2549.70
2446.30
2488.40
2517.10
2538.80
2541.20
2557.20
2584.70
2574.70
2546.60
2563.90
2562.20
2617.00
2645.70
2658.10
2669.70
2661.60
2669.80
2650.40
2642.30
2658.30
2687.80
2705.60
2691.70
2711.10
2702.70
2695.40
2714.60
2696.80
2726.40
2697.50
2679.60
2679.20
2704.00
2706.20
2732.40
2722.90
2727.10
2709.60
2741.80
2760.10
2778.80
2792.00
2764.10
2771.00
2759.40
2754.50
2769.80
2750.70
2726.50
2716.20
2721.80
2717.90
2732.80
2740.30
2789.70
2807.70
2842.00
2827.40
2827.50
2827.50
2827.50
2847.80
2832.50
2846.50
2846.50
2861.50
2833.60
2826.00
2816.50
2799.20
2773.40
2757.90
2745.30
2759.20
2765.10
2763.10
2737.60
2748.70
2773.30
2781.20
2771.90
2835.70
2832.50
2816.90
2807.20
2851.60
2834.40
2873.80
2865.90
2862.90
2870.00
2831.30
2816.40
2834.30
2843.00
2845.90
2812.20
2814.00
2837.70
2840.00
2838.30
2818.00
2817.00
2828.70
2868.00
2882.60
2882.30
2918.60
2904.80
2922.10
2957.30
2949.90
2956.70
2953.40
2915.90
2922.40
2919.30
2889.90
2879.70
2900.10
2863.90
2861.10
2860.60
2852.80
2852.90
2846.50
2861.00
2878.70
2878.40
2869.90
2838.80
2832.20
2822.10
2821.80
2821.80
2821.80
2846.80
2842.10
2839.70
2824.40
2830.00
2856.10
2869.60
2881.10
2843.80
2822.30
2832.70
2797.30
2786.80
2813.10
2813.10
2812.60
2796.50
2786.30
2793.70
2829.80
2836.10
2860.80
2849.30
2847.00
2858.10
2847.30
2819.70
2816.80
2812.20
2825.60
2837.70
2846.90
2855.30
2840.70
2840.70
2849.20
2863.00
2852.80
2829.90
2844.80
2844.40
2866.90
2860.00
2861.80
2885.50
2870.00
2883.00
2875.70
2879.40
2903.40
2907.60
2900.70
2894.70
2887.50
2897.00
2886.00
2900.00
2888.80
2857.70
2838.50
2848.10
2848.30
2845.90
2843.20
2830.90
2837.10
2832.30
2831.70
2833.00
2842.90
2823.90
2814.10
2820.10
2827.70
2844.20
2879.40
2884.20
2917.60
2926.50
2941.70
2945.00
2941.30
2943.40
2969.80
2986.40
2971.60
3006.10
3009.10
3010.10
3008.30
3025.00
3073.60
3065.50
3057.60
3042.00
3049.30
3079.20
3079.20
3100.60
3100.60
3100.00
3085.00
3072.60
3057.30
3059.00
3038.60
3035.40
3031.20
3037.00
3024.80
3028.00
2989.40
3003.90
3005.50
3004.50
3001.60
3007.50
3001.30
3005.20
3026.30
3036.90
3030.10
3037.50
3039.30
3067.70
3085.20
3100.80
3092.40
3108.60
3102.20
3094.70
3080.90
3086.30
3120.80
3137.60
3129.60
3156.30
3188.30
3199.00
3184.80
3165.30
3154.30
3163.00
3171.00
3164.40
3164.10
3162.30
3149.00
3085.60
3077.60
3096.00
3098.50
3099.70
3099.10
3093.30
3097.50
3120.00
3125.50
3108.00
3070.60
3069.30
3067.20
3093.10
3111.40
3135.80
3166.90
3233.20
3223.90
3234.20
3237.30
3237.30
3277.40
3271.50
3261.30
3254.60
3248.40
3278.80
3311.20
3337.10
3364.90
3342.40
3355.70
3396.50
3412.30
3412.30
3412.30
3462.00
3428.80
3418.40
3418.40
3408.50
3379.20
3403.00
3446.00
3440.60
3413.80
3372.00
3360.00
3400.60
3407.80
3437.00
3475.10
3470.00
3484.20
3481.40
3444.00
3436.10
3427.30
3447.40
3491.80
3481.50
3520.30
3491.50
3475.40
3419.10
3440.20
3429.10
3407.00
3378.90
3363.50
3393.20
3417.70
3425.30
3382.60
3350.30
3333.70
3341.90
3267.50
3281.20
3328.10
3270.60
3248.10
3246.50
3278.00
3305.90
3264.40
3246.70
3233.90
3191.90
3233.40
3267.40
3242.90
3255.70
3218.10
3198.00
3201.50
3155.30
3121.70
3129.00
3129.50
3123.40
3092.40
3086.40
3086.40
3086.40
3116.20
3131.50
3129.00
3120.80
3149.40
3159.10
3145.80
3131.70
3168.30
3138.20
3128.00
3098.30
3101.20
3133.70
3106.10
3125.30
3150.00
3129.90
3125.30
3125.30
3100.00
3070.50
3106.00
3106.00
3097.80
3136.30
3130.50
3137.80
3119.20
3115.60
3123.50
3116.50
3122.80
3127.30
3108.40
3089.10
3020.70
3019.70
2966.40
2966.40
2970.50
2931.90
2980.80
2997.80
3009.40
3004.80
3038.20
3028.90
3055.90
3016.30
3039.60
3045.80
3030.10
3022.90
2971.10
2940.20
2960.40
2942.40
2876.60
2899.90
2909.00
2946.30
2919.20
2936.40
2970.40
2965.00
2946.70
2964.40
2962.40
2983.80
2963.90
3005.30
3050.40
3074.80
3082.00
3091.30
3077.20
3095.10
3114.70
3106.10
3117.20
3082.30
3095.90
3082.60
3097.40
3157.50
3160.40
3150.50
3167.50
3171.90
3168.60
3167.00
3138.20
3142.30
3142.20
3147.30
3190.30
3182.60
3191.40
3171.30
3175.10
3205.20
3234.20
3265.10
3265.10
3249.60
3251.30
3216.50
3222.70
3241.50
3205.40
3203.90
3180.00
3139.30
3128.80
3121.40
3079.80
3112.70
3065.10
3079.10
3037.30
3014.80
3021.20
3028.20
2999.80
3008.50
3038.70
2992.50
3026.30
2983.50
3001.80
2956.30
2984.40
2998.70
3032.30
3073.00
3100.50
3141.90
3106.70
3120.20
3085.30
3060.80
3063.20
3032.80
3029.10
3000.90
2999.90
3029.60
3083.80
3097.40
3096.30
3081.30
3104.40
3097.60
3065.80
3063.80
3099.60
3103.50
3075.90
3095.30
3135.40
3146.50
3127.50
3131.00
3121.00
3078.70
3027.50
3036.60
3033.50
3047.10
3061.10
3081.40
3039.60
3017.30
3033.50
3016.10
3012.50
3013.80
2977.30
2943.40
2946.40
2980.60
2973.40
3013.60
3034.40
3058.10
3070.40
3091.70
3083.40
3083.40
3083.40
3095.80
3065.60
3065.50
3065.50
3065.70
3051.60
3032.30
3065.00
3055.80
3060.40
3049.40
3033.20
3048.30
3076.70
3054.40
3054.90
3028.60
2995.00
2954.20
2969.00
2982.20
3007.30
3022.20
2995.90
2991.60
3017.30
3034.70
3059.70
3062.00
3072.70
3072.50
3099.00
3109.90
3081.10
3071.30
3074.90
3051.10
3044.20
3018.60
3023.40
3019.50
3049.30
3037.70
3025.30
3009.30
3041.20
3038.20
3025.10
3001.90
2977.00
2992.10
2986.90
3021.10
3011.80
3050.60
3047.00
3094.10
3089.30
3124.20
3135.00
3139.70
3136.40
3153.40
3149.80
3128.30
3142.30
3176.20
3137.90
3143.10
3188.10
3190.20
3200.90
3210.90
3204.20
3190.90
3209.80
3208.80
3208.80
3208.80
3194.50
3170.10
3174.70
3199.90
3209.30
3214.90
3226.20
3217.60
3216.70
3220.40
3248.20
3262.60
3264.30
3251.70
3251.70
3261.20
3290.10
3317.90
3310.30
3310.70
3300.80
3297.40
3285.80
3261.00
3284.50
3291.80
3327.30
3328.20
3311.10
3311.10
3309.90
3319.40
3340.60
3345.00
3376.60
3380.00
3370.80
3380.80
3337.70
3344.60
3348.00
3339.80
3370.40
3366.10
3381.30
3377.20
3378.30
3403.80
3379.40
3309.20
3313.20
3282.70
3294.00
3314.60
3323.70
3349.20
3394.90
3388.30
3462.90
3455.00
3464.00
3450.60
3447.20
3429.20
3442.60
3420.70
3405.30
3400.40
3413.10
3431.60
3432.90
3454.30
3458.30
3468.90
3463.30
3449.90
3499.90
3475.60
3482.40
3483.50
3468.80
3468.30
3474.70
3467.50
3441.40
3444.40
3465.10
3470.60
3509.80
3535.70
3530.20
3515.90
3520.00
3524.90
3524.90
3502.60
3504.00
3477.80
3509.40
3522.70
3532.40
3557.70
3545.60
3554.50
3549.30
3535.90
3570.80
3565.40
3564.60
3533.30
3541.40
3561.50
3557.90
3514.80
3507.00
3523.30
3485.00
3479.00
3508.20
3520.20
3524.20
3544.10
3544.40
3526.50
3510.30
3460.10
3474.30
3523.80
3568.00
3557.30
3562.20
3593.00
3578.60
3551.40
3531.50
3535.30
3537.80
3519.60
3497.90
3510.00
3529.10
3518.70
3523.00
3500.40
3514.80
3522.40
3537.10
3541.60
3523.40
3536.80
3547.90
3571.40
3610.80
3609.20
3628.80
3604.10
3632.40
3602.50
3624.00
3649.00
3648.80
3655.50
3664.30
3680.40
3669.70
3664.20
3662.80
3639.50
3630.00
3652.10
3654.90
3662.40
3671.60
3642.60
3596.10
3576.90
3613.70
3633.30
3658.30
3658.30
3658.30
3676.40
3676.70
3689.30
3689.30
3687.90
3715.60
3714.10
3704.50
3720.60
3700.30
3671.50
3654.90
3657.30
3662.70
3710.60
3704.20
3748.70
3748.40
3754.20
3735.00
3758.20
3734.20
3734.70
3734.60
3735.30
3759.30
3752.80
3781.30
3746.60
3747.50
3726.10
3708.40
3716.30
3726.60
3747.60
3745.00
3779.80
3770.90
3744.30
3714.60
3725.60
3740.00
3740.30
3704.20
3715.90
3738.20
3727.60
3752.70
3768.60
3777.10
3758.90
3758.20
3710.30
3674.50
3639.50
3640.30
3681.80
3644.80
3669.60
3693.00
3685.40
3698.30
3707.00
3681.90
3660.90
3672.40
3672.60
3699.70
3718.40
3728.50
3725.10
3755.60
3755.60
3755.60
3758.60
3767.40
3744.20
3766.80
3790.50
3825.30
3805.60
3820.70
3857.10
3852.70
3833.00
3817.60
3819.30
3832.80
3809.20
3817.90
3806.00
3776.40
3751.60
3751.60
3723.00
3707.30
3728.30
3754.40
3739.20
3759.70
3776.20
3753.60
3789.60
3778.20
3789.40
3764.20
3747.00
3752.10
3752.10
3760.20
3775.70
3746.70
3747.80
3739.20
3755.20
3753.40
3760.30
3706.80
3728.80
3755.70
3769.20
3761.70
3753.60
3761.50
3756.40
3753.20
3727.50
3722.30
3710.80
3679.50
3695.50
3678.80
3711.00
3725.60
3725.70
3714.10
3760.60
3743.20
3741.50
3752.30
3765.80
3749.00
3728.30
3698.30
3632.30
3658.20
3693.40
3710.50
3681.30
3708.40
3668.80
3684.70
3673.30
3678.80
3668.50
3703.20
3734.40
3770.60
3788.30
3788.40
3811.10
3811.40
3810.70
3803.30
3823.40
3830.30
3837.40
3872.90
3863.70
3883.20
3872.10
3891.10
3907.50
3907.50
3905.70
3918.70
3885.00
3867.60
3884.40
3855.90
3872.70
3887.20
3893.00
3910.80
3916.10
3905.60
3932.60
3967.90
3977.20
3972.30
3955.70
3974.30
3964.10
3919.70
3910.50
3935.70
3933.20
3946.40
3953.70
3992.20
4015.10
4000.00
4024.80
4031.50
4035.60
4009.30
3994.70
4028.10
4038.70
4050.80
4024.40
4042.10
4053.10
4073.10
4057.20
4028.40
3999.40
4022.40
4025.30
3993.50
3963.90
3979.10
3948.50
3928.10
3921.10
3935.70
3900.40
3910.80
3914.40
3934.30
3926.90
3926.10
3958.20
3962.10
3978.10
3962.80
3953.80
4018.70
4054.60
4068.40
4049.20
4050.20
4058.00
4038.50
4061.50
4045.20
4051.20
3963.00
4011.60
4035.70
3982.50
3990.70
3972.40
3993.80
3979.60
4018.20
4051.30
4077.60
4087.20
4092.50
4092.50
4092.50
4091.00
4115.70
4118.50
4118.50
4057.40
4089.50
4106.50
4078.80
4087.50
4087.00
4056.60
4107.30
4168.20
4158.90
4197.50
4207.70
4194.00
4195.50
4219.10
4271.50
4218.80
4212.00
4237.40
4207.50
4228.40
4275.80
4257.80
4260.90
4281.50
4265.90
4307.80
4307.70
4304.30
4304.30
4327.10
4341.00
4337.80
4332.30
4357.40
4356.10
4336.80
4331.10
4344.70
4329.30
4339.20
4308.30
4307.10
4357.70
4360.10
4399.30
4420.30
4437.40
4444.30
4422.50
4397.70
4424.30
4373.30
4356.80
4332.20
4258.10
4254.80
4214.80
4270.70
4301.50
4312.90
4312.90
4312.90
4248.10
4236.60
4214.60
4236.60
4271.70
4269.30
4292.30
4313.20
4270.70
4251.70
4286.80
4294.60
4298.90
4310.50
4328.70
4346.10
4387.70
4388.50
4369.70
4389.70
4433.20
4436.00
4445.00
4455.60
4455.60
4519.30
4537.50
4580.40
4630.90
4669.60
4691.00
4686.90
4681.20
4693.90
4645.20
4607.50
4642.00
4651.80
4661.80
4661.80
4681.60
4677.50
4672.30
4621.30
4562.80
4557.80
4557.10
4576.20
4645.00
4686.70
4739.60
4724.80
4757.40
4783.10
4745.10
4682.20
4657.00
4653.70
4593.90
4575.80
4596.30
4640.00
4657.90
4640.30
4604.60
4728.30
4751.40
4831.70
4812.80
4810.70
4758.50
4762.40
4767.80
4799.50
4857.40
4899.30
4964.20
4949.00
4877.20
4805.70
4846.70
4874.50
4862.90
4851.50
4862.60
4876.60
4927.30
4907.50
4899.30
4895.70
4960.60
5026.20
5086.80
5031.30
5031.90
5075.80
5003.60
4991.30
4865.80
4835.00
4914.20
4958.40
4978.00
4901.10
4901.10
4886.30
4906.90
4845.40
4817.50
4870.20
4952.20
4976.90
4991.30
4994.20
4985.20
4950.50
4905.20
4854.80
4848.20
4902.90
4976.40
5013.10
5046.20
5023.80
5075.70
5027.50
5077.20
5065.50
5226.30
5220.30
5244.20
5317.10
5296.10
5330.80
5300.00
5305.60
5262.10
5217.80
5227.30
5300.10
5298.90
5263.70
5287.90
5271.10
5211.00
5225.90
5148.80
4991.50
4970.20
4840.70
4755.40
4871.80
4801.90
4842.30
4906.40
4897.40
4908.30
4863.80
4764.30
4806.80
4793.70
4720.40
4711.00
4741.80
4867.00
4845.40
4830.10
4908.40
4985.80
4898.60
4863.50
4891.20
4889.00
4831.80
4921.80
4977.60
4970.70
5082.30
5142.90
5187.40
5177.10
5130.70
5035.90
5045.20
5121.80
5203.40
5190.80
5168.30
5020.20
5018.20
5049.80
5013.90
5013.90
5013.90
5112.40
5132.30
5135.50