1796.59
1815.53
1826.84
1798.51
1807.94
1799.61
1782.23
1783.66
1797.22
1806.86
1775.82
1776.19
1737.94
1762.29
1745.80
1744.11
1754.38
1736.35
1720.21
1695.78
1702.38
1728.81
1723.08
1719.67
1734.04
1734.04
1734.04
1743.03
1746.40
1777.54
1783.08
1771.41
1751.67
1733.17
1747.06
1742.37
1746.05
1746.30
1720.51
1685.30
1685.06
1695.77
1664.33
1668.51
1682.65
1667.07
1639.15
1590.39
1612.67
1607.63
1566.49
1561.72
1559.94
1605.70
1611.73
1635.29
1626.71
1618.80
1625.94
1625.94
1625.94
1625.94
1603.27
1625.20
1643.80
1691.60
1727.93
1752.34
1758.57
1784.21
1785.45
1763.73
1791.19
1812.00
1790.40
1788.38
1792.90
1783.19
1824.51
1834.62
1848.65
1826.29
1836.99
1848.65
1843.14
1842.44
1858.16
1865.65
1864.21
1852.21
1832.50
1803.73
1820.68
1794.17
1787.08
1765.02
1777.27
1794.94
1820.98
1815.92
1811.87
1816.30
1777.47
1772.76
1787.96
1781.94
1757.91
1756.67
1748.56
1747.09
1748.24
1751.36
1751.36
1752.79
1765.65
1765.65
1789.34
1789.78
1778.29
1781.04
1777.15
1763.90
1759.72
1750.38
1750.98
1739.11
1733.51
1760.21
1757.58
1756.76
1761.52
1752.24
1747.61
1718.30
1721.69
1739.93
1764.13
1763.38
1759.71
1759.60
1777.73
1791.53
1816.96
1836.00
1843.57
1847.29
1860.01
1847.94
1855.46
1874.11
1906.28
1889.04
1887.83
1920.18
1931.29
1927.04
1905.00
1908.02
1925.16
1935.76
1950.12
1935.69
1941.28
1941.36
1946.03
1946.03
1917.00
1932.99
1934.20
1913.00
1903.02
1930.61
1944.99
1946.70
1968.53
1969.98
1966.02
1976.16
1997.92
1966.33
1942.34
1927.97
1921.99
1925.82
1925.82
1953.60
1992.60
2008.30
2011.70
2034.36
2064.30
2068.44
2090.24
2120.14
2134.80
2084.93
2162.76
2204.41
2271.15
2279.52
2279.52
2249.22
2289.65
2277.77
2234.89
2227.76
2238.29
2238.29
2254.79
2286.07
2343.66
2355.93
2345.24
2312.81
2315.63
2258.78
2265.82
2203.71
2230.65
2218.38
2206.76
2207.25
2239.71
2261.45
2244.03
2242.89
2249.97
2243.34
2245.95
2273.98
2343.59
2361.12
2377.71
2354.33
2418.75
2452.15
2458.20
2460.00
2430.52
2400.72
2431.29
2440.35
2442.59
2467.13
2463.23
2449.43
2440.68
2411.08
2422.22
2463.81
2503.77
2501.94
2523.92
2523.92
2523.92
2552.45
2559.36
2568.30
2568.30
2540.06
2552.40
2583.87
2607.11
2603.33
2561.73
2614.87
2590.83
2578.23
2559.12
2542.57
2460.46
2449.88
2533.90
2536.94
2499.43
2484.35
2524.01
2553.25
2553.25
2553.25
2585.22
2606.38
2636.63
2652.14
2673.57
2713.67
2694.85
2739.47
2754.72
2740.49
2766.06
2792.08
2801.48
2775.82
2827.40
2879.01
2848.19
2873.58
2843.60
2877.87
2894.26
2939.05
2890.93
2798.44
2798.24
2820.38
2731.05
2760.90
2750.14
2721.17
2669.57
2629.28
2724.01
2721.28
2780.55
2813.40
2828.07
2831.50
2783.12
2798.74
2774.88
2713.81
2695.91
2709.41
2679.99
2679.99
2664.70
2729.55
2785.47
2766.41
2708.94
2668.35
2693.62
2721.12
2721.12
2721.12
2713.36
2716.89
2719.89
2707.61
2636.47
2617.08
2589.54
2659.85
2685.37
2685.75
2713.83
2792.89
2785.56
2805.06
2846.93
2853.42
2833.53
2853.92
2872.19
2875.45
2881.47
2878.10
2870.91
2897.62
2926.10
2935.88
2942.92
2949.06
2919.70
2919.70
2934.19
2985.10
3023.60
3064.33
3068.06
3108.57
3097.33
3087.52
3129.88
3129.88
3170.88
3178.62
3133.74
3165.64
3131.19
3110.41
3178.98
3136.31
3138.68
3151.98
3178.19
3163.99
3229.15
3208.84
3220.68
3236.41
3251.38
3225.97
3207.21
3216.11
3253.42
3262.30
3305.82
3342.13
3386.09
3353.78
3380.41
3366.82
3343.60
3346.87
3337.46
3389.73
3419.28
3479.24
3514.25
3531.88
3517.13
3497.95
3536.19
3543.76
3546.52
3557.43
3514.27
3512.15
3510.66
3504.87
3450.64
3408.01
3446.59
3391.26
3447.30
3526.26
3583.33
3611.74
3611.74
3644.28
3635.86
3653.95
3654.48
3646.33
3601.54
3577.64
3600.96
3660.50
3649.84
3646.92
3604.64
3571.36
3649.96
3667.95
3695.53
3763.11
3764.42
3840.11
3884.65
3859.48
3943.64
3949.73
3932.04
3944.24
3906.44
3936.13
3936.13
3882.42
3900.17
3841.28
3844.48
3828.64
3783.20
3362.39
3362.39
3362.39
3362.39
3362.39
2241.69
2395.72
2370.16
2204.52
2240.13
2203.23
2180.74
2077.11
1960.90
2113.67
2139.31
2043.24
2046.18
2150.87
2226.74
2310.86
2290.37
2285.15
2257.60
2214.70
2141.71
2134.84
2184.41
2179.58
2194.19
2138.39
2108.55
2100.83
2057.43
1994.22
1894.94
1986.12
1984.98
2027.67
1989.58
2040.62
2080.62
2145.71
2142.23
2180.46
2278.13
2276.41
2325.55
2379.07
2379.07
2286.75
2301.27
2291.98
2302.75
2302.75
2286.29
2403.22
2463.02
2452.52
2460.67
2400.80
2442.41
2383.79
2411.52
2429.77
2512.19
2488.15
2484.29
2412.32
2422.38
2407.29
2426.05
2412.62
2412.72
2409.66
2358.27
2298.50
2354.46
2295.31
2292.59
2223.56
2223.04
2233.47
2256.48
2287.23
2301.75
2328.04
2328.04
2328.04
2328.04
2347.17
2329.35
2336.00
2355.88
2383.92
2418.08
2454.71
2462.13
2468.48
2474.38
2470.40
2493.33
2551.76
2591.34
2595.45
2584.68
2578.92
2555.04
2581.33
2607.60
2602.80
2594.80
2561.91
2546.40
2501.93
2466.78
2521.61
2528.92
2543.97
2543.97
2543.97
2543.97
2556.56
2623.08
2619.87
2651.01
2635.94
2671.24
2684.13
2598.95
2551.96
2593.93
2578.44
2552.71
2591.35
2623.75
2585.97
2592.02
2588.14
2602.87
2589.89
2602.60
2641.13
2577.92
2571.74
2584.03
2563.02
2534.36
2508.88
2532.63
2538.02
2533.57
2533.26
2506.76
2491.24
2490.23
2516.18
2528.00
2520.49
2513.70
2488.99
2496.68
2516.24
2546.67
2568.35
2590.39
2587.03
2608.98
2640.83
2647.42
2647.42
2672.70
2699.58
2693.50
2718.02
2719.06
2683.65
2703.74
2712.24
2707.56
2689.66
2661.46
2648.22
2671.49
2684.64
2687.62
2681.91
2737.51
2759.63
2752.90
2759.59
2772.53
2744.85
2752.96
2740.70
2711.37
2677.80
2697.54
2687.37
2661.77
2647.41
2655.62
2665.23
2663.45
2678.92
2703.42
2701.09
2692.63
2677.37
2671.17
2659.10
2634.04
2579.38
2595.28
2600.93
2600.63
2589.36
2594.66
2571.41
2579.75
2564.14
2532.13
2520.29
2520.86
2464.83
2464.83
2439.55
2443.80
2433.32
2449.89
2508.19
2502.09
2525.14
2508.53
2496.56
2468.94
2473.50
2481.57
2474.08
2458.82
2447.58
2423.23
2432.00
2455.84
2454.38
2454.38
2466.27
2449.75
2439.39
2441.05
2429.07
2415.76
2417.42
2427.04
2478.87
2566.42
2571.61
2551.86
2561.76
2593.00
2593.56
2590.41
2590.41
2584.04
2581.69
2562.46
2584.53
2610.62
2617.25
2614.47
2627.41
2615.43
2607.82
2584.49
2584.51
2567.02
2587.02
2582.98
2577.01
2583.74
2537.99
2568.58
2566.88
2568.79
2581.16
2581.87
2598.78
2633.65
2666.02
2656.08
2625.08
2632.68
2659.30
2668.03
2667.26
2671.21
2676.59
2690.28
2680.20
2671.36
2665.94
2651.92
2642.08
2627.22
2629.16
2611.84
2607.97
2633.09
2642.73
2656.59
2656.59
2656.59
2696.44
2692.40
2687.44
2687.44
2706.69
2736.83
2758.54
2766.65
2792.27
2832.38
2872.52
2879.33
2843.98
2856.67
2896.65
2913.05
2909.66
2897.91
2897.53
2901.03
2900.74
2910.57
2956.95
3036.45
3072.86
3060.91
3059.54
3105.96
3105.96
3105.96
3105.96
3209.96
3184.16
3153.73
3099.97
3100.87
3081.14
3106.25
3159.84
3150.64
3161.56
3125.20
3114.23
3064.18
3012.68
3037.07
3010.48
3056.68
3058.95
3080.68
3058.65
3062.79
3046.81
3029.89
3034.79
3095.91
3150.85
3136.94
3046.73
3056.43
3037.05
3049.62
3049.62
3049.62
3033.03
3032.98
2980.76
3004.98
2987.21
2991.96
2991.96
3015.51
3024.09
3021.43
3026.00
3060.16
3079.15
3082.71
3133.98
3135.43
3164.09
3139.68
3109.23
3095.99
3118.73
3118.67
3077.26
3116.03
3123.87
3156.37
3155.22
3221.12
3262.86
3268.54
3262.25
3280.98
3285.10
3278.43
3309.64
3289.50
3246.41
3277.66
3145.63
2806.57
3067.65
3008.73
2752.51
2765.67
2845.01
2805.46
2743.87
2689.98
2675.38
2293.61
2149.71
2224.66
2224.66
2268.38
2440.21
2355.19
2380.48
2340.02
2342.41
2342.41
2337.71
2272.50
2231.82
2219.00
2266.57
2232.65
2245.05
2275.32
2273.91
2270.81
2316.74
2350.67
2369.53
2375.94
2439.20
2485.85
2477.51
2498.21
2516.11
2502.64
2505.48
2547.10
2543.08
2495.74
2482.54
2517.02
2489.03
2493.71
2526.75
2571.08
2578.96
2582.83
2634.58
2579.07
2563.77
2607.94
2627.31
2608.68
2613.39
2640.39
2638.19
2635.90
2616.98
2573.16
2528.75
2543.56
2521.39
2499.08
2516.78
2516.78
2487.97
2505.40
2508.57
2508.91
2550.25
2572.41
2577.62
2583.16
2620.63
2614.60
2610.15
2592.14
2612.82
2612.82
2648.21
2628.30
2631.20
2665.75
2706.36
2738.70
2725.41
2712.57
2755.32
2758.25
2746.70
2786.65
2794.39
2803.17
2826.21
2826.21
2844.04
2807.78
2793.45
2782.30
2601.70
2695.90
2628.55
2663.37
2703.95
2732.17
2731.97
2706.60
2691.18
2667.99
2680.30
2725.29
2721.68
2711.86
2739.79
2756.12
2738.09
2731.07
2781.44
2776.86
2766.33
2779.58
2793.40
2789.51
2804.29
2820.28
2817.19
2812.02
2800.79
2808.53
2777.10
2760.08
2751.48
2748.35
2756.90
2767.46
2764.44
2756.39
2770.00
2754.11
2763.33
2809.58
2851.84
2876.75
2896.57
2900.21
2879.42
2868.49
2867.69
2921.02
2921.02
2921.02
2929.25
2895.43
2836.57
2836.57
2838.07
2858.72
2867.95
2839.94
2816.24
2822.16
2868.00
2855.52
2835.94
2786.69
2751.79
2754.84
2771.67
2776.29
2771.65
2762.45
2756.39
2768.86
2768.86
2768.86
2760.80
2751.60
2738.24
2736.55
2756.67
2792.89
2844.89
2903.77
2893.90
2894.66
2863.55
2870.43
2910.04
2939.25
2968.00
2980.90
2862.27
2927.92
2894.31
2872.63
2932.62
2951.98
2933.13
2937.93
2938.68
2933.23
2926.45
2915.73
2912.67
2892.98
2887.62
2881.23
2892.81
2886.46
2871.39
2880.03
2926.92
2948.67
2974.16
3014.02
3010.85
2990.70
3000.52
2997.98
2934.70
2962.45
2960.88
2960.88
2956.12
2954.74
2942.33
2959.98
2995.69
2995.69
2995.69
3020.44
3052.35
3067.67
3067.30
3056.86
3015.84
3018.58
3009.34
2986.33
2950.09
2945.18
2957.76
2954.61
2946.97
2958.91
2953.58
2942.27
2985.42
2960.46
2976.44
2965.09
2948.89
2917.63
2925.89
2930.83
2970.87
3028.31
3048.01
3059.50
3059.50
3048.55
3083.35
3132.32
3159.17
3153.22
3159.06
3172.49
3145.30
3174.33
3154.99
3203.00
3185.14
3191.55
3201.52
3201.52
3229.02
3234.39
3246.21
3250.44
3276.44
3292.35
3284.47
3273.28
3278.24
3319.47
3356.55
3363.49
3356.44
3357.61
3385.15
3408.16
3440.93
3468.59
3507.16
3488.85
3463.94
3528.29
3523.58
3540.43
3559.89
3495.87
3520.54
3483.59
3485.80
3445.41
3438.49
3468.64
3415.18
3356.95
3107.98
3098.69
3145.57
3091.12
3078.97
3040.28
3067.53
3178.27
3183.29
3122.64
3052.84
3040.00
2954.93
2871.41
2918.01
2918.01
3078.94
3015.95
3064.19
3087.50
3066.81
3054.16
3039.69
3032.85
3047.91
3087.74
3083.57
3105.04
3093.97
3062.04
3019.87
2996.66
2980.95
2984.54
2931.86
2861.77
2807.50
2778.74
2767.95
2760.82
2791.26
2905.48
2862.55
2862.55
2850.45
2925.48
2913.52
2872.41
2884.41
2915.26
2916.38
2949.57
2958.54
2950.52
2991.95
3015.56
3081.23
3042.08
3050.88
3050.88
3063.53
3011.65
2990.96
2968.74
2978.92
2967.24
2966.71
2955.19
2932.44
2932.92
2949.56
2998.97
3006.82
2990.47
3008.66
3042.58
3031.92
3013.66
3023.08
3016.06
2995.52
2998.94
2986.39
2978.35
2965.06
3020.17
3020.84
3066.23
3126.79
3163.69
3149.13
3144.62
3160.79
3150.12
3125.69
3051.92
3066.65
3083.44
3078.21
3079.67
3060.95
3060.95
3060.95
3066.71
3053.73
3024.55
3024.55
3031.34
3004.88
3046.61
3026.52
3009.42
3027.60
3035.53
3058.37
3037.62
3000.82
2984.01
3087.63
3072.17
3066.98
3062.08
3090.40
3140.50
3206.36
3198.29
3192.90
3200.89
3243.30
3223.49
3250.43
3345.41
3365.46
3333.98
3359.09
3394.08
3395.00
3412.66
3412.66
3412.66
3473.42
3467.84
3492.16
3477.61
3475.34
3520.45
3532.43
3512.79
3552.14
3552.37
3564.34
3600.49
3647.33
3658.24
3653.19
3669.03
3658.07
3634.48
3627.91
3722.39
3724.35
3751.40
3683.41
3661.16
3716.15
3718.55
3683.90
3691.82
3745.97
3745.97
3745.97
3789.99
3869.70
3849.15
3849.15
3812.01
3757.30
3777.62
3703.93
3742.00
3714.37
3717.46
3687.01
3699.26
3667.40
3582.49
3569.64
3605.29
3594.38
3625.80
3624.72
3588.36
3631.25
3726.14
3737.88
3704.43
3741.51
3747.80
3744.46
3750.20
3767.63
3785.14
3789.69
3859.66
3882.84
3917.09
3829.88
3826.62
3778.79
3703.98
3575.52
3594.78
3625.39
3679.72
3707.01
3688.14
3667.62
3690.01
3678.19
3637.77
3621.19
3631.48
3627.90
3632.55
3639.15
3639.15
3639.15
3626.13
3593.38
3565.14
3569.54
3604.26
3634.64
3629.79
3668.64
3738.85
3772.91
3796.57
3850.71
3892.71
3880.73
3904.19
3901.23
3892.12
3915.17
3945.12
3997.67
3962.46
3976.83
4009.35
3988.35
4009.82
4028.77
4012.62
4031.29
4016.29
3991.83
4009.58
4030.01
4059.40
4063.01
4021.27
4061.31
4046.56
4024.01
4070.14
4052.70
4079.01
4073.34
4063.28
3722.75
3848.44
3863.68
4045.57
4021.02
4021.02
3981.96
3968.14
3960.23
3998.26
4023.54
4025.07
4006.45
3990.16
3970.91
3940.54
3959.27
3966.93
3970.10
3974.12
3953.53
3938.71
3900.48
3863.68
3910.34
3910.34
3904.19
3901.95
3927.98
3938.72
3956.69
4023.84
4062.07
4093.41
4067.69
4060.37
4066.85
4076.38
4056.22
4017.98
4022.21
4033.75
4033.75
4018.43
4015.91
3998.74
3981.66
4021.38
3989.34
3971.90
3988.60
4000.05
4020.04
4038.74
4037.82
4083.04
4146.54
4173.57
4184.74
4236.64
4230.91
4253.02
4240.28
4211.32
4271.34
4198.21
4261.23
4200.94
4234.57
4243.07
4220.74
4202.10
4179.30
4145.61
4149.80
4094.42
4124.38
4161.59
4157.15
4190.04
4203.20
4128.32
4097.23
4096.00
4155.48
4171.66
4185.03
4177.67
4182.81
4142.61
4146.12
4192.76
4192.76
4192.76
4236.20
4275.20
4297.33
4297.33
4301.78
4307.13
4306.97
4347.93
4337.67
4334.54
4348.92
4325.91
4367.61
4382.66
4412.14
4454.89
4510.47
4522.21
4550.72
4625.84
4600.08
4554.73
4586.33
4571.13
4571.47
4601.78
4672.09
4672.09
4672.09
4672.09
4711.37
4733.56
4674.52
4732.43
4763.50
4772.32
4719.19
4747.10
4725.70
4716.00
4736.47
4715.62
4760.20
4794.71
4895.13
4929.06
4952.19
4911.13
4954.50
4964.29
4908.90
4848.63
4918.95
5005.96
5042.81
5071.19
5059.86
5045.39
5036.07
4990.59
5015.81
5061.14
5052.32
5052.23
5037.71
5007.58
4978.27
4938.30
4909.96
4924.27
4916.70
4896.90
4926.43
4827.58
4729.39
4921.11
4889.14
4883.53
4986.11
5082.69
5082.69
5082.69
5093.09
5189.03
5287.78
5330.17
5371.77
5423.39
5362.41
5369.57
5484.21
5613.78
5631.21
5581.20
5629.58
5608.19
5632.34
5705.93
5757.95
5746.45
5704.50
5637.09
5642.24
5753.76
5865.61
5859.68
5993.11
6052.08
6082.70
5988.13
6080.15
6056.00
6059.39
6037.37
6035.80
6035.80
5978.75
5940.19
5917.50
5826.54
5819.07
5819.07
5846.75
5846.06
5796.10
5787.60
5819.94
5897.86
5965.21
6078.69
6113.10
6057.90
6103.90
6134.75
6073.74
6061.85
6024.77
5911.92
5981.91
5925.52
5981.36
6085.85
6097.19
6125.46
6162.53
6128.06
5986.49
6010.44
6010.44
5917.16
5772.76
5664.39
5782.63
5857.29
5829.83
5881.13
5910.73
5859.78
5841.24
5865.27
5850.93
5867.94
5886.75
5879.19
5857.11
5822.59
5667.85
5675.16
5620.44
5481.61
5509.39
5390.92
5291.49
5478.81
5460.72
5628.60
5628.60
5711.57
5734.45
5722.46
5707.51
5664.41
5700.59
5726.99
5631.55
5537.29
5607.15
5653.84
5633.13
5637.90
5689.32
5741.53
5740.18
5712.64
5658.73
5686.16
5597.20
5581.92
5505.44
5528.84
5595.44
5595.44
5553.12
5589.03
5555.53
5596.71
5725.57
5756.82
5806.77
5913.64
5985.33
6089.91
6088.51
6200.85
6329.12
6262.54
6062.47
6218.01
6126.98
6117.50
6190.69
6231.17
6197.44
6325.37
6347.77
6315.01
6267.91
6273.08
6422.03
6447.11
6366.56
6294.83
6088.52
5848.33
5855.41
5878.18
5894.97
5972.52
5918.54
5905.91
5986.67
5810.63
5501.71
5411.65
4978.21
5268.10
5191.75
5202.36
5339.25
5273.79
5253.18
5267.73
5315.81
5415.96
5329.46
5192.66
5242.48
5297.74
5317.99
5442.01
5442.01
5531.65
5444.13
5467.89
5512.39
5512.39
5437.80
5548.03
5586.67
5547.32
5529.56
5673.10
5671.26
5778.74
5890.16
5871.80
5882.02
5897.90
5877.02
5914.39
5914.39
5914.39
5923.73
5939.89
5804.50
5751.40
5697.78
5662.53
5710.80
5778.01
5747.21
5786.65
5789.52
5835.55
5857.00
5858.15
6049.44
6065.62
6087.46
6186.94
6170.09
6231.88
6149.19
6177.69
6203.88
6351.99
6398.82
6344.23
6436.64
6467.80
6502.81
6482.16
6508.00
6488.46
6371.84
6170.40
5854.61
5980.04
5958.33
6051.26
6088.34
6060.04
6117.95
6212.19
6246.97
6341.25
6322.90
6406.49
6388.86
6408.88
6404.44
6404.44
6340.83
6281.70
6285.67
6285.67
6285.67
6418.21
6789.74
6732.04
6697.15
6680.15
6638.54
6768.39
6759.24
6750.94
6845.75
6836.88
6894.90
6884.05
6830.51
6790.11
6827.29
6829.33
6795.52
6798.34
6739.23
6841.97
7002.60
7108.76
7005.29
7124.12
7149.30
7093.88
7118.96
7169.96
7276.39
7368.18
7349.72
7447.24
7397.91
7372.19
7375.81
7322.23
7155.29
7157.49
7124.73
7259.74
7339.08
7260.58
7266.74
7266.74
7283.46
7304.83
7189.10
7200.75
7003.58
7046.73
7062.64
7062.64
7014.08
7148.10
7107.47
7099.28
7205.38
7217.93
7205.41
7168.34
7141.11
7122.39
7070.61
6952.50
6956.10
6955.50
6978.54
6925.22
6813.72
6846.81
6839.98
6760.02
6750.33
6858.08
6865.97
6903.21
6899.93
6988.96
7029.03
7211.83
7164.20
7307.54
7396.77
7382.22
7329.81
7357.63
7339.55
7392.25
7489.49
7528.79
7560.97
7605.26
7545.36
7388.42
7327.68
7265.58
7449.08
7422.98
7422.98
7549.73
7542.19
7493.45
7512.13
7519.66
7546.71
7607.13
7586.76
7593.45
7475.97
7473.85
7488.77
7418.11
7418.11
7390.60
7495.31
7478.90
7581.00
7525.05
7452.09
7470.50
7551.10
7676.22
7676.22
7744.32
7869.48
8041.57
8066.79
8005.56
8192.18
8253.45
8292.96
8412.40
8763.98
9031.13
8861.41
8902.80
8882.68
8719.32
8767.50
8790.90
8903.20
9010.27
9329.09
9629.19
9642.91
9352.11
9204.88
8996.93
9177.95
9088.47
9325.44
9674.83
9701.25
9733.34
9683.65
9506.98
9335.43
9263.94
9170.64
9036.02
9238.06
9286.31
9274.42
9012.77
9125.21
9254.03
9238.20
9294.35
9609.69
9736.57
9750.23
9990.26
10228.11
10248.59
10021.48
9945.26
10339.66
10568.86
10814.70
10524.20
10707.90
10881.20
11039.80
11039.80
11570.20
11449.77
11877.40
11888.39
12086.40
12201.09
12167.90
11374.50
11001.40
11366.90
11155.81
10712.70
10176.51
10774.20
10792.90
11017.69
11363.77
11264.84
11459.37
11600.09
11490.94
11239.57
11470.42
11377.83
11487.02
11826.89
11785.83
11851.13
12157.57
11414.27
11454.16
11504.03
11504.03
11504.03
10988.81
11012.33
10634.14
10786.58
10825.88
10456.45
10674.01
10763.23
10432.02
10100.25
10410.23
10148.36
9877.43
9802.03
9918.19
10061.55
10294.58
10224.38
10129.05
9905.66
9980.07
9863.56
9720.61
9513.13
9132.31
8667.03
9012.17
9465.53
9320.75
9234.21
9197.03
9480.14
9232.21
9029.91
9029.91
9029.91
9029.91
9234.31
9285.92
9298.22
9476.77
9738.09
9753.76
9600.63
9536.06
9506.84
9303.91
9221.01
8934.59
9156.85
9136.11
9328.64
9113.25
9163.09
8966.07
8799.70
8679.13
8369.44
8412.88
8620.27
8421.70
8540.09
8906.16
8878.86
9134.72
9253.41
9044.70
9476.64
9354.98
9631.63
9589.78
9490.11
9521.37
9481.71
9470.13
9523.63
9553.56
9512.07
9222.34
9234.27
9383.03
9247.88
9291.18
9190.64
9111.16
9111.16
9111.16
9149.52
9022.92
9113.96
8998.18
8857.78
8876.84
8966.79
8881.00
8647.48
8673.49
8640.31
8758.41
8634.37
8628.28
8623.19
8454.92
8490.86
8432.96
8394.94
8591.45
8828.91
8808.28
9117.02
9193.83
9145.01
9188.82
9117.66
9152.99
9174.62
9194.36
9402.18
9402.66
9482.81
9683.68
9695.03
9585.89
9642.85
9602.21
9537.87
9446.43
9618.08
9524.54
9464.56
9486.13
9366.62
9537.98
9518.89
9404.44
9457.33
9234.06
9238.69
9336.11
9399.08
9399.08
9686.56
9929.39
9890.90
9901.56
9962.04
10035.97
10165.87
10150.98
10145.02
9890.37
9937.01
9846.40
9862.64
9968.52
9801.43
9824.75
9824.75
9668.14
9632.47
9643.63
9610.24
9693.49
9700.21
9521.24
9492.49
9504.12
9298.36
9276.25
9284.88
9248.40
9362.32
9532.35
9532.35
9550.93
9455.94
9418.57
9320.06
9388.78
9338.59
9364.29
9246.50
9252.44
9304.58
9379.47
9646.25
9573.40
9451.76
9491.96
9530.40
9434.31
9416.09
9405.48
9390.76
9367.85
9378.92
9565.66
9592.24
9518.28
9427.44
9303.24
8948.43
8576.03
8647.86
8658.83
8662.37
8658.26
8466.26
8430.80
8221.57
8302.53
8332.65
8268.50
8068.31
7789.07
7707.78
7849.75
7997.35
8259.56
8166.39
8178.34
8267.33
8331.56
8412.66
8311.88
8311.88
8311.88
8268.22
8196.02
8191.04
8191.04
7844.14
7887.01
7918.38
7683.25
7528.88
7541.72
7392.75
7418.05
7252.34
7504.24
7606.51
7630.20
7422.00
7278.10
6967.93
7022.95
7240.72
7310.53
7297.12
7342.65
7342.65
7342.65
7342.65
7478.92
7897.80
8004.01
7934.83
8054.88
8012.82
7974.82
7862.67
8103.14
8133.34
8043.01
7906.74
8082.29
7909.27
7976.41
8218.95
8126.65
8327.52
8296.96
8253.33
8185.15
8093.91
8138.66
7929.99
8076.79
7949.39
8111.27
8094.58
8365.21
8347.75
8534.71
8594.43
8580.31
8509.11
8467.67
8484.66
8687.54
8827.93
8732.75
8676.17
8587.72
8400.44
8491.93
8491.93
8418.18
8470.20
8469.78
8514.60
8509.69
8661.99
8661.99
8661.99
8644.97
8581.86
8631.37
8645.39
8625.55
8505.60
8285.69
8312.29
8361.03
8226.04
8212.11
8299.67
8319.75
8332.17
8488.36
8574.08
8796.88
9025.66
9217.83
9189.79
9162.32
9170.24
9115.72
9013.32
9058.74
9302.86
9258.18
9390.60
9329.18
9316.17
9245.30
9407.38
9559.74
9559.74
9570.37
9497.83
9382.58
9292.78
9267.62
9121.45
9103.17
9364.77
9262.00
9313.95
9313.95
9278.69
9243.65
9158.95
9224.36
9201.25
9199.54
9151.37
9200.13
9206.54
9138.21
9182.47
9407.27
9376.87
9632.25
9727.54
9669.97
9639.62
9742.44
9727.96
9633.98
9616.98
9418.91
9423.20
9410.23
9288.04
9359.10
9354.95
9361.33
9451.69
9453.42
9385.27
9410.14
9379.72
9362.83
9318.40
9303.82
9301.65
9142.55
9006.93
8924.27
8931.31
8985.05
8896.66
8895.82
8900.48
8947.19
9132.64
9058.34
9080.39
9080.39
9152.89
9197.21
9179.86
9196.47
9252.95
9222.91
9194.68
9278.99
9393.21
9438.95
9434.81
9581.36
9680.10
9797.40
9770.05
9646.14
9630.96
9536.27
9541.87
9497.88
9583.34
9650.60
9600.56
9646.34
9724.98
9805.46
9939.95
9888.04
9873.90
9863.44
9730.92
9635.06
9685.14
9883.78
10009.28
10032.93
9973.70
9981.61
9895.24
9880.53
9775.66
9841.06
9774.48
9680.75
9672.39
9782.39
9782.39
9749.36
9855.80
9736.10
9732.41
9562.45
9497.83
9411.85
9385.22
9407.37
9431.38
9367.65
9287.90
9373.91
9452.09
9501.61
9505.67
9488.75
9523.87
9623.79
9617.32
9813.34
9862.55
9940.63
9975.37
9898.89
9863.98
9863.61
9835.17
9927.79
9920.88
9912.84
9858.65
9806.58
9705.86
9877.86
9907.61
9932.20
9932.20
9932.20
9985.23
9998.17
10073.39
10073.39
10204.87
10397.44
10573.90
10529.90
10466.67
10427.20
10304.63
10429.82
10540.01
10634.50
10671.15
10593.82
10536.49
10764.09
10955.33
10957.22
10960.21
11103.08
11111.87
11058.97
11201.46
11359.70
11362.80
11469.40
11484.12
11391.38
11388.59
11331.77
11310.28
11256.59
11200.19
11364.46
11471.81
11594.99
11594.99
11594.99
11594.99
11338.45
11390.41
11210.42
11197.02
11264.65
11125.68
11194.94
11254.05
11454.08
11378.73
11194.48
11217.79
10397.45
10602.45
10249.48
10451.75
10557.58
10601.28
10880.50
10836.53
11027.96
11026.73
11111.76
10984.47
11066.57
11030.58
10957.20
10926.84
11144.64
11139.88
11139.88
11139.88
11139.88
11107.37
11077.55
10892.60
10849.80
10949.57
11033.00
10962.69
10909.29
10818.49
10909.98
10889.05
10898.69
10753.38
10732.79
10835.75
10964.53
10907.01
10929.90
10734.24
10697.54
10702.17
10617.32
10573.00
10597.73
10746.00
10817.88
10863.83
10833.41
10816.85
10987.59
11088.77
11082.79
11030.84
11019.16
11081.69
11107.02
11200.56
11157.07
11264.73
11059.81
11086.91
11092.51
11225.83
11196.55
11143.24
10993.55
10958.67
10866.02
10864.99
10864.99
10952.78
10904.47
10904.47
10855.29
10959.72
10982.77
11059.92
11002.45
11020.90
11002.61
11084.43
11063.28
11181.82
11177.13
10890.05
10929.63
10911.76
10921.35
10802.68
10800.13
10627.98
10609.10
10711.24
10845.30
10798.29
10865.31
10699.86
10706.97
10705.57
10651.80
10585.86
10681.42
10789.87
10961.97
11071.43
11134.60
11127.54
11164.36
11104.03
11181.88
11165.67
11166.80
11159.39
11175.98
11213.50
11312.51
11436.50
11478.77
11424.64
11424.64
11338.93
11379.49
11328.21
11159.02
11106.57
10957.18
11076.95
11040.51
11025.59
11212.60
11223.62
11236.36
11251.72
11369.04
11567.90
11621.61
11594.03
11586.68
11592.36
11622.13
11546.70
11603.53
11636.13
11759.39
11902.43
11921.22
11951.88
12014.56
11905.51
12133.07
12106.76
12250.57
12242.47
12218.40
12330.35
12490.70
12396.18
12436.80
12510.05
12510.05
12444.66
12492.37
12473.56
12388.38
12262.77
12192.17
12405.47
12477.56
12529.27
12559.40
12502.70
12775.47
12735.26
12751.16
12771.86
12806.31
12943.69
13004.80
12889.37
13042.80
13056.93
13167.16
13099.56
13116.79
13239.39
13485.00
13530.95
13310.76
13393.93
13517.56
13456.26
13434.24
13491.56
13102.73
13144.23
13342.46
13189.60
13053.28
12784.07
12937.48
12815.37
12766.02
12846.56
13131.41
13331.48
13341.61
13341.61
13341.61
13404.14
13480.75
13451.45
13451.45
13203.44
13222.79
13443.93
13420.16
13454.93
13198.11
13191.50
13289.21
13293.87
13766.65
13830.68
13856.40
13868.24
13732.79
13692.79
13610.33
13379.55
13294.90
13403.29
13285.43
13288.40
13321.79
13451.07
13548.43
13660.50
13660.50
13660.50
13643.54
13454.21
13462.61
13239.95
13113.26
13144.62
13102.94
13106.32
13411.33
13444.85
13375.69
13520.26
13541.83
13546.60
13398.72
13507.28
13450.08
13410.76
13416.36
13337.35
13268.76
13252.20
13119.13
12917.09
12736.53
12838.53
12748.91
12651.42
12472.33
12489.30
12749.14
12832.53
12776.39
12534.32
12534.32
12534.32
12074.19
12136.32
12055.17
12204.59
12287.84
12398.57
12426.68
12358.70
12516.60
12295.90
12342.02
12581.31
12516.23
12541.18
12626.04
12580.85
12707.04
12726.83
12645.76
12610.17
12600.42
12903.30
13020.78
13081.70
13399.34
13579.34
13605.91
13740.30
13930.80
13987.80
13906.46
14153.58
14041.90
14062.37
14108.82
14236.20
14235.52
14212.00
14331.68
14574.64
14540.16
14556.48
14416.57
14757.81
14990.90
14760.17
14831.58
14795.52
14655.13
14655.13
14439.71
14421.52
13924.34
14112.55
14394.60
14307.15
14203.89
14506.49
15154.36
15021.23
14890.96
15065.02
15128.02
15196.79
15196.79
15196.79
15196.79
15055.74
14822.97
14858.58
14792.17
14703.73
14839.23
15225.29
15370.94
15487.24
15446.02
15706.29
15570.40
15536.30
15446.78
15738.81
15709.23
15658.12
15666.59
15772.06
15983.18
16365.71
16379.22
16259.59
16371.52
16541.60
16673.27
16647.54
16460.47
16383.41
16482.93
16497.71
16096.88
16096.88
15477.26
15855.67
15654.03
15429.75
15598.88
15547.22
15533.95
14876.10
14135.25
13425.65
13735.33
14713.99
14199.17
14563.55
14806.49
14996.66
14805.44
14308.30
14470.46
14630.65
14411.19
14411.19
14419.45
14384.13
14108.08
14094.38
14205.44
14636.59
14710.87
14864.37
15049.30
15049.30
15049.30
15128.02
14776.78
14810.76
14838.52
14273.12
14273.12
14072.90
13836.56
13384.24
13567.26
13601.01
12970.88
12403.10
11637.77
10426.30
11144.34
10498.20
9059.89
10765.30
10362.86
10623.78
11255.11
10780.78
10681.75
10412.56
10104.50
9992.84
10004.13
9607.91
9720.78
9957.33
10419.75
10245.18
10154.36
10050.68
10548.20
10586.36
10325.56
10590.11
10583.10
10526.92
10750.88
11216.35
11207.58
11474.94
11527.60
11722.94
11490.66
11022.41
10420.22
10614.66
10435.15
10346.38
10692.70
10754.11
10405.81
10172.47
10368.10
10342.44
10342.44
10342.44
10502.99
10755.21
10722.76