275.76
275.43
278.76
272.29
272.89
268.02
270.22
274.42
277.62
276.45
273.74
274.35
271.41
261.18
268.01
269.28
266.62
264.49
259.52
263.40
267.21
269.95
268.88
268.00
259.85
266.87
264.56
262.57
260.84
261.76
261.33
260.54
256.66
255.04
254.61
251.88
248.00
248.85
246.46
247.69
245.27
252.23
257.02
259.66
259.66
263.97
264.31
264.31
266.90
265.45
264.08
265.50
266.61
268.04
267.08
265.90
263.63
263.63
269.81
269.81
269.81
273.64
273.82
275.37
274.47
275.10
272.14
273.33
271.89
272.90
277.62
273.64
276.06
277.33
275.18
274.35
274.32
270.30
270.18
269.95
260.95
264.71
264.71
261.86
261.33
260.59
263.97
258.71
258.71
255.61
253.15
251.08
254.30
256.21
254.93
254.93
258.07
265.31
265.31
265.31
277.73
275.67
278.04
277.74
277.98
278.97
275.95
277.51
274.66
273.56
273.68
272.43
272.93
273.88
279.03
277.48
277.33
276.00
275.77
275.62
276.27
274.06
275.35
275.35
274.56
272.45
269.94
272.56
272.56
274.82
274.29
269.64
272.75
274.09
275.50
273.01
270.40
268.49
268.34
267.42
264.08
261.61
262.42
260.67
261.38
262.19
259.35
261.62
262.27
264.73
265.63
267.80
265.70
265.75
269.53
273.46
275.46
277.29
276.64
266.83
268.67
268.18
267.71
269.66
265.78
262.35
264.45
268.29
265.74
265.39
269.98
273.11
273.11
275.26
276.09
271.75
273.07
271.09
269.97
262.33
263.68
258.89
258.07
255.38
255.38
258.18
262.58
262.05
259.79
256.36
249.92
253.98
256.84
256.84
255.05
254.89
256.84
259.41
255.56
255.56
249.77
251.52
251.21
251.69
251.86
249.36
249.35
248.44
248.09
251.69
250.89
250.02
247.07
255.65
255.76
256.58
256.58
254.67
257.34
260.60
259.71
261.51
260.07
256.81
255.31
253.47
256.06
255.30
258.40
258.40
263.15
260.14
260.57
261.54
262.23
259.74
261.78
263.88
262.36
261.93
262.39
262.80
261.83
264.50
262.99
258.32
258.32
255.11
254.45
256.82
256.82
254.60
254.37
254.37
254.37
254.37
252.75
252.75
252.75
252.67
253.04
251.22
251.96
251.96
251.96
236.97
237.85
239.99
242.95
244.44
240.37
240.90
239.94
239.59
239.47
233.45
232.73
227.21
231.20
235.24
233.02
230.65
230.03
231.48
231.70
230.16
228.80
230.81
233.42
232.89
232.15
233.77
235.35
236.47
237.98
235.26
235.54
236.24
235.27
233.95
235.27
231.18
234.08
236.76
236.48
236.56
237.21
240.62
242.07
243.77
241.31
241.27
244.49
239.92
241.28
242.68
241.29
238.78
239.27
242.30
244.80
241.56
241.56
246.91
247.19
253.87
255.99
256.01
253.57
249.28
248.01
244.44
246.84
248.98
248.98
248.98
246.10
248.93
246.88
244.44
239.04
239.04
241.68
241.68
240.89
239.08
238.56
242.23
244.20
244.87
246.76
245.36
245.49
245.28
244.87
244.84
246.07
240.32
242.00
240.37
238.95
240.66
240.20
240.20
240.20
240.76
237.43
238.21
239.77
238.56
238.56
238.36
238.36
239.41
239.99
242.30
244.28
247.99
247.27
250.12
254.30
253.97
253.42
258.15
259.16
259.16
259.07
256.50
259.69
262.85
265.04
264.26
263.07
261.36
262.02
263.32
264.98
264.50
267.96
271.72
271.28
272.47
269.67
267.98
268.23
268.77
268.99
270.97
274.73
273.57
270.28
270.28
279.28
280.99
283.25
284.95
286.05
283.06
282.60
281.64
282.12
275.40
276.42
279.00
280.21
280.39
282.60
282.52
277.35
275.72
272.32
274.81
269.99
269.18
266.95
262.35
265.58
266.56
269.72
268.24
273.16
272.02
268.87
265.44
266.12
265.65
261.93
268.70
264.56
265.60
267.90
267.99
267.31
268.13
268.11
268.88
265.95
263.10
263.83
260.06
256.77
258.81
253.93
248.52
247.09
217.43
204.57
223.42
207.24
207.70
188.43
194.57
182.99
183.45
193.72
188.30
178.25
171.52
171.10
171.63
159.40
152.36
170.38
185.22
180.13
187.27
179.95
182.01
177.34
170.27
175.41
179.27
174.95
171.78
170.96
159.26
162.59
164.26
163.47
158.53
161.15
161.77
161.92
158.57
162.38
165.50
172.23
175.09
172.99
171.07
174.57
173.57
179.18
179.18
179.18
169.44
171.52
171.61
171.61
171.61
169.26
180.89
180.24
178.79
179.77
172.21
171.88
167.85
169.57
178.41
179.13
174.67
174.67
172.66
172.66
172.66
174.83
174.28
174.40
176.17
176.17
176.17
177.28
177.56
177.94
174.66
176.33
175.77
175.77
181.23
181.23
181.23
190.32
189.83
188.81
188.52
188.52
189.14
189.14
190.86
193.00
195.64
200.16
199.97
199.45
198.54
201.96
205.01
205.18
202.59
202.02
203.86
204.30
206.06
210.55
209.42
211.34
213.31
207.77
204.89
198.45
198.45
202.73
201.60
201.60
201.60
205.23
208.10
212.32
210.51
210.51
213.41
214.40
211.33
209.95
209.11
211.92
210.49
210.16
208.18
208.67
209.69
211.90
209.02
209.02
207.05
207.48
208.15
206.76
207.45
204.80
202.53
202.53
202.53
199.41
201.57
204.96
202.65
200.50
201.30
201.30
200.41
203.82
205.03
202.93
204.33
206.19
208.33
207.41
210.32
211.34
209.41
211.80
215.68
216.68
215.81
220.07
221.02
218.59
219.33
218.57
221.46
226.27
226.99
229.45
226.89
227.14
230.13
230.44
230.92
232.72
234.69
235.50
233.43
234.40
232.76
230.79
230.94
231.72
235.43
234.20
233.97
237.02
236.20
234.65
235.04
238.69
240.05
240.05
240.91
243.29
242.89
244.26
246.31
247.97
247.69
248.60
248.60
236.67
237.29
234.28
231.71
237.68
238.57
239.25
235.60
231.12
232.71
227.83
229.16
228.06
228.12
230.93
227.68
229.49
232.21
233.50
233.61
232.37
232.77
233.84
234.31
236.69
237.07
234.72
234.93
235.18
236.99
236.71
235.88
236.88
236.59
237.75
240.29
241.59
239.08
240.64
242.70
243.97
245.19
247.51
246.27
241.56
243.97
246.08
245.62
245.51
247.62
246.26
245.80
245.05
247.21
248.58
247.56
249.65
248.64
249.37
248.17
247.96
246.74
242.86
246.47
243.16
240.89
236.44
235.07
235.06
235.34
234.00
234.77
233.54
235.24
238.48
239.38
237.06
235.81
236.84
240.58
239.22
238.50
240.08
243.06
246.02
243.52
243.55
245.76
245.10
244.85
247.14
249.28
253.30
254.07
253.27
254.13
254.70
254.70
258.36
258.00
259.33
259.33
263.40
261.36
262.54
263.32
263.22
262.10
260.45
260.18
262.84
265.78
265.58
262.28
261.82
265.09
266.43
267.50
266.73
267.95
268.49
270.91
269.07
266.39
265.17
265.17
269.50
268.17
270.64
272.88
272.22
270.83
266.53
268.40
265.77
267.40
268.98
272.94
271.54
268.57
266.31
266.19
263.17
263.77
266.14
264.90
267.29
270.47
271.75
270.83
271.37
269.96
271.33
273.63
275.88
276.99
272.98
271.70
274.68
275.08
275.82
275.82
275.82
277.13
276.99
279.21
280.12
282.61
282.24
283.50
282.72
284.33
285.86
286.44
289.52
288.69
291.39
294.98
297.83
296.18
292.91
298.14
297.46
298.80
298.22
301.25
302.32
291.64
296.82
294.94
294.94
299.86
298.08
297.66
294.10
290.08
292.70
292.70
290.70
287.57
290.06
290.98
290.05
289.68
291.98
295.13
295.26
296.07
297.28
296.51
299.25
299.25
303.50
303.83
304.98
304.98
306.69
306.69
305.59
308.80
309.75
311.51
315.11
315.45
316.47
315.29
315.16
313.25
313.81
313.27
308.64
307.16
308.46
308.73
305.20
307.93
307.93
307.93
307.93
308.24
311.02
312.76
313.15
311.11
313.71
315.77
316.40
314.72
316.37
315.73
317.79
316.92
317.13
319.07
320.78
320.81
322.43
324.63
327.61
327.80
324.99
327.19
324.64
325.25
328.14
328.43
327.87
327.51
324.66
319.62
321.14
319.71
310.06
309.54
312.41
313.78
312.11
310.78
315.03
316.55
320.95
321.68
317.83
317.85
316.75
316.18
316.14
318.01
319.63
319.97
320.06
320.06
319.12
316.70
313.61
313.37
313.14
310.60
315.06
316.96
314.99
317.12
316.80
316.78
312.51
309.50
308.76
288.48
291.90
296.28
302.54
299.63
302.34
292.35
293.32
290.72
284.49
288.51
290.20
291.64
286.04
282.97
280.45
279.52
286.20
285.62
285.32
286.45
284.91
284.32
286.96
286.29
285.03
282.32
285.27
288.28
290.51
292.10
291.26
291.98
293.83
296.88
300.73
301.18
299.54
300.30
300.99
299.84
296.59
294.26
292.76
290.76
291.30
289.32
292.61
292.60
294.89
294.89
294.89
299.31
299.68
301.00
301.00
300.86
304.64
301.99
297.30
296.06
300.51
299.15
299.29
290.55
290.34
284.59
286.77
284.01
285.07
284.38
284.66
277.24
279.70
278.02
279.57
282.00
280.74
282.17
284.87
283.94
279.09
274.37
277.41
275.36
271.54
271.94
271.98
273.90
275.66
272.14
267.61
264.80
267.36
262.53
260.06
265.22
265.47
262.97
266.45
266.68
267.37
272.70
277.73
277.77
278.78
281.35
284.14
286.19
288.64
283.06
285.59
285.50
282.66
284.46
287.92
285.97
287.81
288.41
288.77
283.71
287.46
287.82
288.61
289.91
288.78
285.90
287.07
289.39
289.39
289.39
292.54
294.45
290.71
290.68
285.22
286.68
286.44
284.17
281.04
281.04
280.34
279.39
280.75
281.32
282.64
282.42
280.86
278.89
280.09
283.50
283.21
284.87
287.82
285.88
284.00
286.72
286.68
286.68
287.24
287.07
288.55
289.43
288.84
290.47
290.47
290.72
289.30
290.89
290.03
288.51
289.31
289.76
288.51
288.01
288.01
287.38
288.92
289.54
291.17
291.45
292.96
291.96
292.63
292.56
292.51
292.59
290.89
288.36
289.04
288.79
286.73
288.03
289.44
292.60
293.52
293.68
292.95
292.76
293.29
289.21
288.25
288.84
287.66
285.28
283.76
284.69
284.04
278.85
270.51
259.62
265.41
258.80
260.14
258.85
253.72
254.87
259.03
255.53
249.14
247.41
239.89
244.26
238.19
240.35
250.19
249.94
249.17
250.59
248.59
247.35
244.28
246.86
246.63
248.12
255.31
254.03
253.47
251.79
246.18
244.24
242.06
241.60
237.13
236.87
230.54
229.27
229.49
229.57
225.33
230.37
236.09
235.21
230.00
225.16
232.16
226.12
227.55
226.97
229.35
231.17
230.91
230.76
235.98
235.25
234.33
238.30
237.26
236.94
233.42
233.89
231.70
232.18
227.05
227.70
227.41
226.68
224.98
224.20
224.83
228.02
227.41
227.60
228.38
228.47
231.66
233.30
233.95
231.56
231.77
227.76
228.20
227.82
228.48
229.10
232.70
232.09
232.94
237.40
236.21
234.28
234.78
235.08
236.62
236.18
232.70
232.85
232.57
230.03
231.08
230.45
230.45
230.45
229.77
229.21
229.21
229.21
227.72
229.59
231.46
227.16
226.06
230.16
227.15
226.48
220.38
220.41
217.62
229.02
229.68
226.31
226.44
227.08
230.43
232.02
234.09
232.33
233.71
233.85
232.71
233.61
235.38
234.88
236.11
237.44
242.52
242.28
243.15
246.32
251.75
254.99
256.37
251.63
252.50
253.93
258.42
254.39
255.22
257.33
255.97
258.67
262.63
268.35
268.35
268.82
266.61
266.85
265.58
271.84
271.22
269.42
268.02
267.45
270.31
269.83
271.63
274.43
278.14
278.28
278.28
278.28
279.26
285.21
283.48
282.61
281.61
283.44
280.83
282.03
282.46
285.99
284.09
286.55
285.48
283.38
277.64
280.89
280.48
282.08
279.59
280.11
280.11
280.45
282.76
281.45
280.84
279.58
277.21
277.21
279.42
277.30
275.85
273.34
273.42
270.65
270.65
273.45
275.09
275.67
274.53
276.21
277.95
278.77
280.09
282.09
282.56
280.73
282.07
280.83
279.01
279.10
280.94
280.23
280.44
281.64
283.09
283.89
280.84
279.74
281.83
278.44
278.31
275.60
276.76
274.43
276.31
276.36
274.10
275.08
275.26
271.92
274.76
275.76
276.56
275.63
276.01
276.74
276.88
277.34
278.14
278.94
280.49
278.87
278.08
277.91
278.02
279.02
279.51
281.03
280.67
279.00
277.88
278.93
278.20
277.25
276.28
277.65
278.72
279.44
280.94
267.15
270.40
276.36
276.86
278.02
279.24
277.86
277.85
278.85
278.22
278.98
278.57
278.91
281.12
280.82
279.83
278.87
278.22
278.72
278.63
277.93
278.36
277.36
277.20
276.36
275.08
275.03
274.76
273.83
273.55
271.73
272.97
272.84
270.87
270.20
268.06
269.33
268.83
267.65
269.00
271.47
274.86
275.19
275.87
275.32
273.54
274.53
276.25
273.86
273.68
275.58
275.76
275.18
273.80
273.45
271.89
273.28
272.82
274.70
278.61
278.38
283.34
283.21
285.04
285.24
278.75
276.82
277.94
280.14
279.64
276.68
277.67
276.86
276.22
274.58
271.97
273.84
274.84
273.42
272.49
272.67
271.30
268.88
270.88
274.30
275.11
274.49
273.86
272.15
270.05
269.87
272.75
272.75
272.75
276.13
277.05
277.05
277.05
279.85
279.97
279.41
278.55
277.86
282.76
283.05
283.46
285.89
291.47
291.02
291.84
291.61
294.47
294.10
293.22
292.99
294.41
294.58
292.39
292.66
294.77
295.50
295.58
295.56
295.81
294.52
294.88
295.94
295.69
296.07
294.99
295.58
299.07
299.09
303.03
304.23
303.86
302.73
304.00
304.61
305.56
304.95
307.28
309.10
308.82
309.00
308.93
308.83
307.04
303.92
304.00
302.81
305.33
306.53
306.78
306.11
304.25
304.02
303.99
304.98
302.76
302.90
303.29
302.62
304.21
303.09
306.15
306.61
302.61
301.71
304.85
305.70
307.18
310.32
310.25
310.25
310.25
309.30
310.40
312.42
313.70
312.28
313.39
314.58
314.58
314.60
316.69
314.96
317.15
316.15
316.47
317.98
317.20
316.76
312.65
310.76
309.80
313.90
315.95
315.43
316.37
318.44
317.84
316.27
316.27
318.35
316.71
318.56
316.29
317.31
317.42
317.42
317.45
316.97
314.60
315.07
312.26
313.03
309.49
305.44
307.69
304.50
306.28
303.98
305.09
303.20
302.57
302.57
300.81
301.52
302.49
300.28
299.92
297.28
300.63
300.74
298.63
299.44
300.89
299.97
293.94
288.74
291.01
288.17
288.03
286.13
283.91
284.99
291.24
290.02
288.87
290.57
292.02
294.30
291.30
289.04
285.19
283.48
281.77
281.04
284.96
285.95
282.24
283.25
282.48
283.69
274.85
272.04
275.08
279.40
278.34
277.74
275.45
275.73
281.24
280.88
279.07
278.38
277.79
276.98
279.73
289.88
287.38
289.77
288.70
290.54
289.68
289.53
290.78
291.39
289.40
286.28
286.86
286.40
285.79
284.38
274.25
278.27
279.08
281.03
279.73
279.75
279.54
278.74
277.28
275.97
273.89
278.71
278.33
276.93
278.16
278.41
279.16
278.55
274.98
273.36
275.51
278.16
276.06
276.32
277.70
278.20
279.34
278.12
281.18
279.87
280.63
279.88
278.47
276.33
277.01
275.25
274.63
275.34
277.13
276.68
278.16
279.64
279.21
282.02
282.03
282.51
282.78
283.98
282.22
281.23
280.18
279.09
277.99
277.62
281.82
281.82
285.33
286.96
287.64
287.64
288.32
286.45
285.84
285.84
285.84
286.51
289.23
290.88
291.15
288.52
286.87
288.09
287.50
290.40
291.12
293.24
293.00
293.41
294.44
293.33
290.91
291.50
290.95
290.33
291.95
294.46
293.98
293.71
294.04
298.31
298.83
297.80
298.33
299.28
300.16
300.40
297.70
296.29
299.64
301.36
303.06
302.78
302.57
303.58
305.82
307.20
305.52
306.31
308.66
311.45
313.27
315.69
318.31
318.86
313.66
316.80
316.93
316.88
318.45
319.31
315.46
315.63
314.12
313.74
315.32
315.31
317.68
318.49
316.85
316.63
315.91
319.32
317.74
318.36
318.36
318.36
320.42
321.83
323.30
323.94
325.06
323.72
323.39
324.99
321.87
319.64
317.67
317.36
314.02
314.02
313.72
313.90
315.79
314.17
314.25
316.44
316.47
317.49
314.12
311.64
309.48
308.71
304.99
304.99
305.48
307.16
310.16
311.05
311.56
308.28
308.28
305.75
306.82
307.11
306.93
309.56
309.89
313.07
313.71
313.07
316.25
315.88
317.18
315.61
315.92
319.13
321.44
321.81
321.40
321.98
324.74
323.11
324.20
324.94
323.65
322.42
324.61
326.95
332.00
332.80
332.90
332.58
332.36
331.79
333.71
335.73
330.44
327.73
330.94
330.69
333.74
335.06
335.04
337.89
338.92
336.82
341.72
340.54
341.15
340.80
342.35
344.12
348.21
350.69
349.67
350.78
351.12
355.54
355.53
355.28
353.97
355.77
358.47
355.43
358.13
362.94
365.69
362.58
360.05
354.38
354.27
352.41
345.67
346.88
347.87
348.69
351.61
343.50
345.53
346.05
349.31
347.40
345.12
346.29
345.69
348.34
348.19
347.31
349.83
351.78
353.93
357.98
361.86
360.48
360.76
362.10
362.40
362.20
363.51
367.18
370.59
371.66
375.33
379.31
382.80
381.77
379.92
375.60
382.62
383.44
385.71
386.96
391.67
391.73
382.81
380.57
381.30
377.99
374.85
377.85
383.35
382.68
381.35
383.30
381.51
372.35
372.64
372.85
379.71
381.64
381.03
383.46
388.15
388.48
390.26
392.15
392.99
396.42
395.21
395.07
393.60
390.24
389.19
394.88
398.96
405.93
405.16
408.80
411.17
411.03
416.46
412.35
412.01
414.27
414.27
420.37
420.89
422.40
423.57
424.02
424.42
424.01
416.35
415.65
420.62
422.93
425.16
427.33
424.98
428.52
429.75
426.29
425.62
425.71
429.78
438.71
435.74
437.38
435.33
437.10
428.43
436.54
437.40
437.32
434.87
428.78
429.90
431.61
432.91
426.86
425.53
422.23
425.81
418.31
415.64
420.75
415.94
407.27
412.41
414.25
424.76
423.02
420.75
422.60
417.93
423.90
427.27
425.24
424.50
418.24
416.24
414.33
415.38
408.09
406.83
410.93
406.90
404.71
403.85
403.85
403.85
405.40
412.81
412.92
415.59
422.71
423.94
424.08
423.69
425.12
421.43
416.45
414.84
415.41
419.11
414.96
418.42
417.32
415.81
413.06
413.72
416.39
411.74
410.73
411.35
406.03
409.99
412.57
412.57
411.58
413.00
413.81
416.04
415.53
412.77
412.77
408.29
403.50
404.74
401.63
402.42
400.77
397.52
399.74
403.08
407.35
405.28
406.50
405.26
406.71
401.69
401.39
400.78
395.74
392.62
382.84
376.69
382.74
387.38
381.43
377.10
381.22
382.30
383.54
384.52
388.00
389.70
385.36
386.22
385.84
387.24
383.21
386.31
388.84
392.09
393.61
399.12
397.80
399.04
403.02
403.25
404.96
404.29
405.22
408.21
412.14
419.24
420.88
419.79
419.67
421.36
416.83
417.62
416.81
414.43
415.18
417.07
417.80
414.17
412.45
409.33
410.83
414.04
417.73
420.83
424.60
421.00
419.44
416.11
419.14
417.97
414.28
415.17
415.84
413.19
411.81
412.69
410.56
411.61
407.58
407.09
401.55
401.09
400.36
403.61
400.47
400.66
405.11
403.91
402.27
398.78
398.49
390.13
390.78
392.87
398.88
404.11
402.30
407.31
408.16
408.44
405.50
404.01
403.37
399.85
401.33
398.20
399.15
403.87
409.05
412.62
410.25
405.75
410.36
410.76
408.56
407.69
411.54
410.74
407.69
408.92
412.21
412.10
411.29
409.85
411.19
406.44
402.00
406.81
406.45
408.44
406.74
409.40
408.18
410.01
413.35
411.18
410.09
409.29
406.32
404.49
406.81
407.19
407.69
408.38
410.85
410.64
413.35
415.35
414.40
414.40
417.96
414.81
414.47
414.47
417.19
416.82
417.38
414.68
415.17
414.57
412.96
411.73
410.42
412.61
415.38
413.89
414.45
413.51
410.76
405.05
407.52
407.09
410.73
412.46
411.85
408.11
410.36
409.40
412.54
413.42
414.13
413.53
414.67
415.64
414.75
413.97
413.27
410.09
410.95
410.03
410.12
408.46
411.46
410.60
409.41
407.76
408.48
409.13
405.60
402.12
398.74
395.99
392.71
393.66
393.33
394.81
394.71
393.03
392.80
394.87
394.37
392.86
388.33
391.06
393.24
392.77
393.10
399.97
393.40
394.28
396.81
397.83
400.22
403.94
404.28
404.03
404.94
406.59
406.59
406.59
405.47
404.34
405.94
408.42
408.61
409.23
413.79
415.54
416.89
420.42
422.50
424.30
424.80
424.80
424.00
423.84
425.99
428.89
430.02
429.54
428.50
425.79
424.81
419.82
425.63
426.82
430.52
430.52
426.49
426.40
428.53
431.52
434.95
433.10
433.10
435.23
434.69
435.62
432.47
431.98
431.83
430.57
432.86
430.71
433.44
434.26
434.36
435.52
434.93
437.01
437.38
433.57
433.68
432.38
434.61
437.15
438.70
440.04
447.04
455.85
453.99
456.44
458.85
455.68
459.90
458.74
454.38
451.93
454.42
460.19
460.25
461.93
460.87
457.62
458.13
457.90
463.36
458.60
457.99
458.85
459.66
459.33
458.70
459.00
457.98
462.51
460.83
459.23
461.55
463.43
464.04
463.58
464.49
464.61
461.41
457.96
459.34
458.26
460.92
464.34
465.29
468.23
466.17
466.98
467.41
467.99
471.78
472.06
472.72
469.77
472.45
471.96
471.74
464.88
465.14
469.10
465.05
462.51
466.26
465.12
463.80
463.92
462.68
462.21
458.46
454.62
457.98
459.48
461.40
459.15
456.57
457.77
456.48
454.85
449.17
452.56
455.23
448.39
444.51
447.93
453.56
456.10
454.02
455.65
453.32
452.17
451.31
452.72
454.75
457.41
458.82
459.01
460.23
460.41
463.51
461.30
462.17
463.99
467.37
475.62
473.85
477.22
478.11
477.77
477.88
481.86
481.98
477.03
478.38
479.27
479.04
478.03
478.70
477.09
474.25
472.51
480.61
480.36
481.52
481.52
481.52
485.02
485.35
485.35
485.35
495.24
499.41
501.10
497.57
503.61
500.89
499.21
498.78
502.81
501.77
504.56
505.00
504.93
508.58
508.43
504.80
508.69
508.01
506.46
505.61
502.74
503.38
503.74
504.59
498.37
502.73
504.81
501.72
501.99
503.55
509.99
510.73
511.16
508.56
502.74
499.67
503.94
507.50
510.60
507.26
507.60
512.80
513.22
516.59
519.05
519.18
518.23
519.34
514.29
507.69
510.17
514.34
520.55
520.18
524.82
527.93
527.72
527.21
528.20
527.48
525.58
529.11
526.88
531.65
537.28
537.49
534.35
536.93
536.93
536.93
537.08
544.77
543.26
541.90
549.00
548.23
545.68
543.56
546.66
552.33
552.25
553.88
551.33
553.25
554.60
554.60
555.72
558.28
554.17
559.82
559.59
551.56
555.65
554.91
555.67
557.91
558.93
558.93
554.20
558.18
561.84
561.31
563.80
564.28
564.28
568.10
566.72
565.03
570.09
569.20
568.61
570.69
571.76
565.51
570.31
570.19
569.58
561.57
558.30
561.07
563.95
558.10
554.89
554.11
554.49
556.53
559.49
556.48
560.33
560.03
559.45
560.31
562.96
558.93
554.45
556.76
554.52
549.38
547.01
539.24
528.27
527.11
529.40
534.05
525.62
525.41
512.80
523.61
521.20
525.92
526.50
535.73
540.07
550.45
550.12
547.79
553.44
550.20
549.48
548.71
549.28
549.45
554.80
557.42
560.85
565.72
559.48
564.95
560.73
556.19
560.41
563.38
558.98
550.99
554.98
550.98
554.16
553.08
553.39
561.64
562.26
562.07
564.90
566.05
568.17
564.27
563.16
563.81
565.70
561.67
563.97
570.61
571.37
571.92
576.96
576.93
581.91
581.59
584.93
587.46
589.15
587.84
584.37
587.20
588.91
592.45
590.48
589.74
594.33
592.43
593.11
583.57
585.16
590.18
591.15
581.75
577.09
577.02
581.31
581.32
586.03
589.43
588.60
592.71
597.10
597.59
602.02
604.91
608.88
610.04
609.46
606.59
608.24
615.47
623.27
627.10
618.40
624.23
631.06
627.24
636.37
630.81
628.44
616.26
623.90
622.33
610.56
611.41
606.65
616.12
612.94
618.43
625.56
632.71
635.03
633.95
633.95
633.95
639.09
648.24
648.24
648.24
634.41
645.95
652.84
648.29
652.34
650.08
646.69
652.76
657.83
661.67
669.55
670.08
673.63
672.32
681.28
685.02
676.68
682.48
683.18
672.63
675.09
675.68
674.77
680.22
689.49
687.22
694.25
695.04
698.72
704.97
712.50
719.49
731.99
735.42
738.23
733.71
728.92
733.51
750.19
750.51
747.15
737.46
736.26
753.40
755.23
764.67
764.96
769.96
774.20
759.41
758.03
766.06
753.40
741.73
735.04
710.31
727.30
715.22
727.84
734.40
740.99
740.99
740.99
708.60
708.55
702.11
708.43
727.59
727.61
738.69
733.47
724.38
716.21
736.37
729.58
739.63
741.79
744.92
748.69
758.94
763.16
752.62
749.76
763.34
763.34
772.74
771.57
779.57
781.76
775.99
775.99
780.81
788.08
786.03
796.86
795.02
794.30
794.30
787.45
803.93
800.84
803.96
812.19
806.13
804.95
804.62
790.97
807.48
811.99
817.12
820.69
824.43
829.33
830.77
827.15
839.36
846.09
849.99
847.15
849.13
856.59
862.20
860.86
861.06
871.46
870.63
870.45
861.55
871.31
879.02
897.10
907.19
918.85
918.04
935.37
924.71
936.51
948.17
949.16
965.25
953.37
941.79
931.34
960.62
990.90
985.25
989.03
992.89
974.96
975.31
983.33
980.74
979.35
979.59
992.89
1010.97
996.16
973.07
978.40
935.76
935.59
894.42
917.48
947.45
959.72
950.29
918.42
922.19
903.44
907.33
877.27
868.29
881.92
925.21
928.61
916.27
916.51
905.20
895.17
877.56
856.02
864.73
869.50
882.10
898.11
902.77
893.29
910.44
909.14
905.16
904.51
905.85
904.95
920.00
943.85
940.26
963.32
961.81
950.61
945.09
916.14
907.79
938.22
935.09
923.63
912.01
904.59
907.37
922.52
915.47
882.40
891.35
861.16
835.81
879.40
855.42
859.57
882.77
868.95
878.54
870.08
849.17
857.04
855.74
844.52
846.94
852.05
877.03
880.01
870.72
884.90
898.61
875.46
871.22
882.35
886.31
881.72
910.09
913.70
909.47
918.73
920.50
926.47
924.00
910.30
883.53
887.74
888.78
904.73
914.76
907.53
879.49
884.82
876.75
880.36
880.36
880.36
908.22
913.67
913.67