233.63
237.37
240.99
239.68
238.95
237.78
236.81
235.79
233.91
232.72
228.57
229.25
225.52
225.32
226.80
226.98
226.99
224.30
224.32
225.85
227.08
227.57
229.17
228.79
226.43
226.43
226.43
227.43
227.49
227.18
225.70
226.95
228.68
233.15
232.97
230.42
229.01
228.10
227.83
226.27
225.89
226.14
223.39
222.46
221.20
219.87
219.28
217.29
213.71
211.84
211.44
210.95
210.44
211.01
213.13
213.87
215.51
219.33
218.95
218.95
216.00
216.47
217.36
215.73
213.83
212.95
212.74
211.95
211.07
210.98
208.51
209.74
209.98
210.89
212.08
212.19
211.74
209.99
209.21
208.80
206.73
208.74
207.62
207.62
207.46
207.54
208.43
209.00
209.43
209.20
210.08
212.36
213.68
213.23
211.57
210.72
209.52
210.76
211.34
211.34
214.38
217.36
218.07
219.64
221.66
227.70
230.23
230.54
228.94
230.61
230.61
237.35
237.59
237.00
234.80
236.67
239.63
243.53
245.50
247.80
252.65
250.47
252.41
248.62
248.29
244.64
245.40
246.09
242.19
241.98
239.50
241.28
236.49
238.08
240.29
241.53
239.95
239.57
240.34
239.89
237.01
236.80
236.16
234.55
234.91
235.87
238.76
239.08
238.65
238.66
241.68
243.21
242.38
241.70
241.21
242.09
242.71
247.14
249.31
251.30
252.04
250.58
250.30
251.97
251.86
253.66
252.42
256.19
257.39
259.59
264.70
264.70
262.09
261.85
264.39
264.10
262.56
259.71
262.60
260.55
258.65
256.50
258.83
258.06
256.36
254.53
256.47
258.37
255.56
256.64
256.64
256.64
256.64
256.64
256.64
256.64
256.64
256.64
256.64
256.64
256.64
256.64
256.64
256.64
256.64
256.64
256.64
256.64
256.64
256.64
256.64
256.64
256.64
253.91
251.95
290.72
289.37
285.08
283.45
281.00
275.59
275.27
278.82
278.74
277.21
275.33
279.51
278.50
278.30
272.05
271.43
275.95
274.43
272.43
271.37
272.66
275.94
275.82
274.77
275.29
274.86
272.71
272.60
273.07
273.66
272.03
271.50
272.90
274.74
275.12
273.35
273.56
274.39
274.39
274.48
270.44
273.42
273.42
270.75
271.14
270.82
270.42
270.72
273.40
278.70
284.70
285.82
288.88
285.78
286.93
287.97
285.18
287.97
286.79
284.94
284.04
283.88
288.72
288.72
288.72
291.32
292.97
294.08
295.18
294.29
296.33
299.08
300.80
304.30
305.23
309.10
306.83
309.50
313.84
317.97
315.63
315.20
317.81
317.31
318.31
317.93
316.05
318.93
321.35
321.93
322.18
322.32
320.49
318.75
313.99
312.78
307.34
311.17
312.17
318.43
318.87
315.47
319.97
319.93
319.15
317.27
314.02
309.83
313.64
316.37
317.86
316.47
319.28
322.75
323.57
326.70
326.02
325.77
325.77
325.77
329.28
334.03
338.46
336.28
337.16
338.03
337.68
335.09
334.57
334.57
334.55
336.54
336.80
336.24
336.87
340.96
340.96
347.42
352.28
353.85
354.08
355.63
356.38
357.95
354.82
358.01
358.88
357.94
360.88
360.88
367.46
366.87
369.11
367.95
368.56
368.92
363.56
364.86
364.55
364.39
361.48
362.91
365.50
365.31
365.32
367.19
368.13
368.98
370.09
370.87
372.13
371.04
370.77
372.99
376.66
381.82
383.88
383.54
387.17
391.44
393.99
390.23
395.71
398.28
399.03
396.94
399.67
397.44
393.27
390.89
385.55
394.38
395.37
397.66
397.98
395.63
398.92
404.52
404.52
408.99
408.99
410.79
409.21
406.09
404.62
398.34
401.81
395.86
393.86
394.51
399.00
404.17
401.91
399.72
396.77
391.17
381.66
384.61
376.71
380.45
384.21
390.55
391.26
389.97
391.47
391.22
388.05
383.40
380.98
376.57
368.35
372.54
373.83
375.51
376.86
384.01
384.36
380.12
380.99
383.68
386.35
389.10
388.11
388.45
389.21
386.38
384.54
383.71
382.55
375.47
341.93
341.93
341.93
314.32
288.10
277.77
274.06
260.15
258.68
267.27
273.74
273.45
267.02
261.38
262.45
262.44
256.65
251.22
254.90
259.92
262.77
257.52
259.32
257.04
256.19
256.21
254.46
255.21
253.30
252.86
250.17
246.21
245.28
239.69
236.92
236.92
232.11
236.28
239.97
234.37
237.38
239.42
241.74
243.06
244.70
252.43
254.62
255.77
255.77
255.77
248.09
251.88
253.66
253.66
253.66
255.01
264.91
271.17
271.73
268.80
258.09
263.05
259.61
261.25
262.98
271.98
270.30
271.32
268.99
267.40
268.94
267.98
265.79
266.92
267.67
264.32
262.47
262.99
260.13
257.16
255.28
253.27
254.41
255.80
256.45
259.02
259.02
259.02
259.02
261.07
264.16
262.57
262.00
261.24
261.34
262.02
261.86
262.14
266.26
266.26
266.09
266.19
269.07
270.62
270.02
270.02
272.01
271.95
274.24
274.86
277.58
275.27
276.21
275.29
272.32
268.51
267.43
269.46
267.93
267.93
266.43
267.88
269.46
272.15
271.42
272.16
272.31
275.73
276.35
270.68
269.66
269.73
271.51
272.59
274.24
274.64
274.26
274.36
275.81
275.81
275.81
277.69
278.21
278.25
277.85
276.81
275.06
274.82
273.74
275.67
276.46
276.42
276.46
275.75
276.05
274.25
274.52
276.36
278.58
280.60
280.60
282.40
284.43
286.19
287.40
290.17
289.77
291.92
292.68
293.13
292.85
293.37
296.49
297.96
298.38
300.63
298.36
302.81
305.65
306.49
305.41
306.02
307.19
308.61
310.35
307.08
307.37
305.23
301.35
301.35
304.32
305.99
305.81
307.16
308.90
312.80
310.21
312.28
313.88
312.19
312.19
310.01
310.01
311.07
312.11
312.11
312.11
318.73
317.96
319.01
320.42
320.42
320.42
320.42
311.62
309.73
309.61
309.33
303.79
301.04
299.10
297.45
297.06
298.23
292.71
286.26
287.31
290.67
289.59
293.28
295.66
294.56
294.36
295.03
294.34
293.70
293.20
294.35
295.01
294.33
293.48
289.04
290.49
290.14
288.36
285.34
285.41
287.44
287.05
287.80
285.33
281.77
279.54
281.21
283.24
286.14
286.15
283.85
282.75
282.28
283.88
286.79
287.73
287.42
290.58
292.10
290.62
292.13
291.67
290.30
290.29
288.89
288.30
288.37
288.55
287.92
287.92
289.41
289.41
286.16
282.93
282.08
283.06
280.98
280.75
281.28
282.84
284.51
285.80
285.16
283.27
283.10
283.64
282.92
282.25
281.04
281.78
282.80
284.46
284.96
282.35
284.19
284.20
284.20
284.20
284.56
285.44
285.30
285.63
285.63
285.63
290.76
292.43
292.01
291.03
291.03
290.59
290.53
291.57
293.29
293.29
301.02
302.18
304.36
304.40
305.74
304.96
302.44
304.31
303.71
304.18
302.29
305.23
306.44
307.28
310.88
310.61
310.81
310.06
312.86
312.86
312.86
315.21
315.81
317.64
314.92
310.03
310.84
312.63
312.26
312.73
313.14
315.76
315.64
315.20
312.09
308.63
307.14
306.92
309.25
307.52
309.76
310.06
311.87
312.23
313.57
314.88
318.15
318.15
319.70
316.18
317.64
319.79
319.79
320.23
322.24
322.18
323.22
322.83
323.23
322.63
323.49
323.18
323.25
322.69
323.82
326.65
331.60
335.12
336.11
338.34
337.58
338.20
338.64
337.07
338.03
337.46
339.15
339.32
340.25
340.25
342.89
346.93
348.20
348.83
348.83
349.37
348.65
348.36
347.79
350.94
352.59
350.73
350.58
350.58
345.89
346.61
342.40
336.82
340.16
340.16
338.83
341.77
346.29
348.67
340.83
332.79
332.79
326.10
333.23
341.60
341.69
343.95
341.77
343.81
345.11
345.46
345.42
343.53
343.16
342.38
344.31
346.99
348.29
346.84
346.18
345.97
346.36
349.62
352.54
355.69
356.66
358.95
358.95
361.65
360.31
361.18
362.58
361.70
360.17
360.94
363.14
362.00
361.59
362.38
363.09
361.89
361.65
361.22
357.79
359.45
361.95
361.95
365.30
365.79
367.06
365.42
365.24
365.08
363.67
364.37
362.45
361.61
357.38
358.20
356.37
355.82
357.79
358.53
359.70
363.28
365.04
366.94
368.77
371.08
369.91
369.15
370.08
367.57
368.03
367.44
366.97
365.35
368.71
367.99
365.85
365.64
364.35
364.17
364.44
363.10
365.39
370.07
369.52
371.09
372.93
373.22
374.64
374.94
374.84
341.20
355.42
347.46
354.14
355.98
360.46
359.80
353.75
352.05
349.36
344.36
349.23
350.68
350.13
348.13
345.62
364.14
347.95
349.58
351.19
351.73
351.34
351.97
350.98
351.64
353.46
354.83
357.72
360.44
362.10
363.74
365.10
366.88
367.41
367.35
368.88
370.86
373.42
374.23
374.81
375.82
377.48
379.51
380.50
379.17
378.34
376.06
379.32
382.74
386.75
386.75
389.70
388.52
389.60
388.24
411.67
417.07
421.69
427.74
426.17
429.62
430.03
432.80
433.24
430.88
421.56
418.24
422.57
422.78
421.89
423.73
420.17
413.64
414.75
414.25
414.25
424.46
425.16
432.80
438.13
442.85
443.34
440.75
440.17
438.82
442.04
438.75
436.73
439.57
440.17
441.31
441.62
427.96
433.15
428.45
417.73
424.77
429.29
427.70
429.46
429.46
427.56
427.88
430.55
432.76
432.80
428.31
428.04
429.45
430.88
428.53
428.19
429.64
429.07
432.40
439.10
438.78
438.07
434.82
431.79
422.66
424.07
422.14
417.58
415.04
414.18
415.66
419.63
419.45
419.45
419.80
419.31
420.58
419.97
417.67
413.34
405.27
402.58
402.58
404.26
401.34
401.34
401.61
402.97
408.37
418.54
418.35
418.35
420.90
423.64
426.24
424.66
422.39
423.87
432.22
437.71
440.84
438.69
438.40
437.39
435.61
435.86
435.52
435.24
434.69
433.70
433.51
432.94
435.94
438.46
437.99
435.08
433.55
431.60
432.81
434.13
430.67
430.41
430.89
431.00
429.57
430.62
439.91
437.78
434.20
432.28
432.28
434.03
435.02
434.47
433.70
434.26
435.43
438.21
444.97
446.87
446.32
444.37
443.36
443.03
444.74
441.95
444.47
444.37
444.65
441.63
442.03
442.94
434.85
430.30
403.13
389.75
393.26
393.26
387.55
370.37
373.56
381.97
382.16
377.52
366.20
357.83
336.41
321.66
329.70
341.30
346.60
344.03
353.26
358.53
353.35
350.17
351.40
350.57
347.98
351.19
350.24
351.17
350.42
346.76
338.35
334.78
333.43
331.89
326.23
320.25
315.18
311.17
310.13
307.20
308.40
319.04
313.83
312.72
312.36
311.34
307.58
303.27
301.45
305.08
306.40
304.89
304.89
306.69
313.84
324.18
334.39
334.98
334.24
325.96
326.74
324.21
319.60
315.29
315.07
315.15
313.18
310.18
306.62
305.32
307.28
310.87
311.35
310.77
310.23
312.36
312.26
311.49
313.36
313.90
312.20
310.89
310.79
308.13
307.66
312.86
311.64
312.54
319.92
331.98
327.15
325.81
326.86
329.40
328.36
322.66
323.79
323.65
323.42
322.82
322.82
322.82
318.99
321.60
323.28
323.28
323.28
321.20
323.02
325.78
324.34
319.89
322.18
320.67
322.44
321.42
317.81
315.07
330.74
330.84
327.74
328.36
325.51
327.89
334.30
338.40
337.09
336.54
340.76
341.90
346.19
350.64
350.71
352.12
351.17
352.84
357.18
359.57
365.24
365.24
376.48
377.05
380.76
377.14
380.73
381.38
386.61
389.31
396.56
395.43
398.89
403.14
410.69
414.72
414.37
410.64
407.43
409.99
413.43
415.46
413.37
412.91
405.61
404.66
408.09
409.54
407.13
407.47
411.16
411.16
408.02
405.60
407.85
409.58
409.75
406.03
400.41
397.86
401.00
404.06
405.18
404.06
405.18
414.60
416.32
416.26
416.31
417.54
420.44
422.43
420.78
418.77
418.77
419.23
416.78
410.28
412.89
411.33
412.28
413.82
410.47
411.56
409.40
407.40
410.82
414.10
412.82
414.87
415.85
417.72
416.15
416.15
417.29
417.35
419.25
421.51
420.69
420.64
420.02
418.66
413.13
414.86
416.07
414.92
413.79
414.70
411.97
409.03
406.19
406.21
406.21
403.27
404.51
403.14
402.15
402.57
404.07
398.88
395.24
396.49
391.67
394.67
397.06
396.42
396.34
395.18
394.95
392.32
392.04
393.76
402.17
405.03
405.07
404.06
405.21
402.15
401.24
401.57
401.31
400.40
396.36
396.08
396.54
396.55
396.55
390.58
387.27
389.28
383.88
377.96
356.29
366.27
365.45
380.54
377.15
375.93
374.92
376.22
380.59
386.59
386.79
387.68
388.55
388.27
387.73
388.47
388.12
386.58
387.20
385.99
384.06
382.48
379.96
379.98
378.08
379.47
377.21
376.48
374.53
374.81
375.30
375.34
375.44
374.69
373.79
372.56
370.31
369.29
367.82
372.21
377.00
376.36
376.16
378.11
377.76
380.05
388.20
391.15
390.28
386.83
385.63
387.11
386.10
387.51
390.24
389.59
389.59
395.48
396.70
404.06
408.65
405.17
403.69
403.18
400.20
388.98
392.44
392.84
394.67
395.28
391.60
393.46
394.50
392.96
393.12
390.26
391.19
390.42
389.69
389.31
388.95
388.83
387.09
387.66
392.07
396.25
395.78
392.80
391.48
390.54
392.16
395.06
395.06
397.43
400.17
401.80
401.80
401.80
401.19
402.07
407.81
408.69
408.55
407.37
406.83
405.73
405.63
412.10
416.05
416.49
415.66
416.99
416.91
416.90
415.63
416.13
414.92
413.88
412.32
413.21
412.02
412.02
412.02
414.59
413.33
412.71
412.62
409.71
406.60
404.54
401.44
403.26
404.35
404.64
406.10
403.90
399.84
398.11
394.89
395.97
391.91
390.49
392.29
391.64
388.79
384.78
386.08
389.60
391.97
391.59
388.04
387.93
386.71
386.83
387.34
387.34
388.80
390.46
388.59
388.17
385.07
383.76
379.94
380.47
378.32
378.32
377.33
372.81
370.13
376.89
374.52
376.00
379.04
383.18
383.18
382.70
381.40
381.44
381.85
383.74
383.99
385.75
387.92
394.58
394.58
401.17
398.48
394.53
394.65
394.65
392.52
393.17
393.99
395.67
394.74
394.74
394.93
395.45
394.85
394.46
395.34
400.26
402.65
408.05
408.31
404.96
405.96
406.18
405.24
403.59
402.92
402.58
407.05
407.05
408.00
409.33
410.89
410.44
407.00
405.48
403.07
403.50
402.39
403.88
402.03
400.19
400.38
402.40
403.37
401.00
400.78
399.32
399.37
400.63
401.36
400.76
400.63
400.42
397.05
394.06
392.08
389.56
391.01
387.52
381.58
385.85
383.23
384.67
388.84
389.64
388.18
390.59
387.71
381.42
381.51
381.51
375.51
368.19
370.45
362.65
361.34
354.93
354.15
357.58
363.03
358.05
360.25
367.74
365.97
365.97
369.30
369.14
366.55
367.96
367.54
367.56
368.59
367.17
366.89
366.42
368.93
368.54
365.30
362.85
360.79
360.33
358.64
359.03
358.56
360.98
362.04
363.63
363.81
363.50
362.06
360.68
358.96
358.69
355.25
355.02
354.03
354.74
355.12
355.14
354.45
352.82
352.00
351.41
351.46
360.11
360.11
366.57
366.65
364.15
364.44
371.30
370.91
375.03
373.45
373.13
374.40
378.27
379.65
378.55
379.50
371.07
375.15
371.47
371.63
370.93
371.80
372.47
372.86
377.12
380.30
384.36
383.47
383.11
379.85
379.37
379.10
377.58
378.74
378.14
379.30
380.10
378.10
379.67
381.61
386.32
392.16
388.80
387.53
388.40
388.40
390.43
391.41
392.81
394.63
394.63
395.32
402.49
404.02
402.82
401.61
397.93
397.53
394.10
398.79
401.28
401.55
399.83
399.62
402.01
402.54
402.54
404.02
402.06
403.17
407.85
411.21
412.54
412.49
411.09
410.81
408.81
411.71
411.34
410.70
410.17
410.26
413.18
410.15
412.93
414.10
415.43
419.11
421.27
421.12
419.60
420.24
417.97
418.58
419.78
419.87
419.80
419.62
420.55
420.26
417.82
412.86
415.53
417.23
418.26
417.13
414.86
415.87
415.78
415.78
417.45
418.69
419.23
420.21
419.67
421.17
422.25
424.46
426.01
425.05
425.05
423.82
423.45
426.03
428.24
434.47
438.18
437.55
437.45
437.74
437.81
442.85
442.47
443.04
443.62
446.02
447.02
444.49
443.96
443.96
443.24
441.48
444.66
450.39
453.55
455.23
454.02
461.82
462.73
463.92
462.46
460.73
460.58
463.28
464.89
467.76
468.48
468.48
467.91
462.33
464.68
462.65
464.75
464.09
463.84
461.68
459.62
454.63
452.51
453.56
457.73
457.27
449.95
449.24
444.17
444.78
448.92
452.56
448.70
447.97
450.57
452.06
450.78
449.22
450.30
449.58
444.33
445.53
444.22
442.03
444.51
445.73
446.28
451.20
448.42
450.21
454.63
453.86
452.52
454.17
454.18
459.26
466.19
470.12
470.18
471.95
471.95
482.29
482.89
483.93
487.64
485.67
487.23
493.89
494.37
501.40
499.16
498.86
502.25
507.52
507.07
504.56
507.57
509.43
513.42
518.08
519.49
519.95
518.00
515.43
512.97
514.67
514.82
514.19
514.36
517.01
514.91
514.50
507.43
510.85
510.58
513.44
514.22
514.02
524.02
526.35
527.02
530.90
532.80
533.75
532.12
535.08
536.39
537.99
542.54
553.18
555.87
552.91
552.19
553.44
551.68
552.93
554.53
560.73
561.31
562.26
564.35
558.95
554.60
548.12
541.19
535.18
538.55
543.61
552.25
548.49
545.44
541.75
546.33
544.50
547.85
548.65
547.20
545.62
546.97
548.63
547.32
551.81
557.19
560.50
564.15
565.50
569.67
569.51
576.09
590.46
598.55
596.21
597.77
599.26
601.62
599.36
600.04
600.96
605.40
610.06
619.18
626.73
627.62
623.90
628.66
638.01
641.61
637.55
633.62
628.47
635.71
620.68
596.10
580.50
604.82
596.69
596.85
599.76
591.38
595.67
598.55
583.48
585.15
593.57
597.90
605.42
612.90
610.84
612.70
612.38
609.68
603.25
605.93
605.93
605.93
601.49
599.01
600.06
599.47
599.12
600.99
608.81
621.07
613.31
605.14
603.03
599.83
595.11
588.09
588.24
587.59
583.92
581.22
575.52
571.98
571.98
569.82
565.67
559.12
543.84
523.38
527.31
549.18
543.84
533.94
524.02
531.11
546.54
535.23
535.23
523.29
530.01
530.01
535.76
538.75
551.81
562.78
559.32
560.04
559.92
563.25
559.88
561.01
559.24
565.98
576.08
576.41
573.74
576.60
574.12
574.12
577.42
574.27
569.89
566.01
558.02
563.10
566.15
563.78
566.73
568.29
571.58
577.10
576.98
574.88
576.30
571.80
571.80
569.58
573.36
569.07
566.52
563.20
557.99
560.12
558.97
563.82
560.48
562.26
561.31
561.78
556.66
555.84
561.54
556.67
555.23
552.08
551.41
552.62
551.54
543.27
551.39
547.23
550.42
543.26
540.20
540.06
538.18
533.82
536.38
534.52
534.92
542.88
546.87
546.45
548.27
549.89
554.09
551.65
551.43
554.62
556.23
556.29
555.96
558.70
562.41
568.52
568.90
567.72
567.58
563.80
563.80
566.30
568.94
572.29
569.83
570.31
574.88
576.75
574.28
571.82
568.99
565.60
565.53
566.30
568.12
567.26
570.47
575.27
575.70
576.39
577.30
577.36
574.72
571.76
567.23
569.83
569.60
567.64
569.98
568.11
567.88
565.04
565.83
571.79
569.54
566.95
574.41
577.21
572.08
579.63
581.76
584.69
577.68
574.74
565.34
574.57
579.63
575.25
582.51
580.18
580.48
577.63
580.48
581.36
583.34
580.38
581.52
580.60
581.82
583.96
580.82
580.82
575.15
575.58
569.86
565.91
570.99
567.25
563.63
565.37
570.06
570.58
571.67
566.66
562.61
549.95
542.37
542.93
543.85
542.40
540.51
541.01
538.61
530.10
529.66
528.72
526.24
518.37
510.75
507.54
506.84
514.69
527.54
526.72
528.45
526.59
528.61
535.17
535.00
535.00
533.71
530.85
533.72
533.57
533.57
530.94
530.00
535.06
533.85
528.46
521.72
522.31
511.09
504.69
509.93
512.04
509.36
505.07
495.09
472.90
475.74
485.92
492.86
498.08
507.27
507.27
507.27
512.25
517.35
519.53
515.55
507.45
511.59
512.64
512.92
510.42
511.58
512.81
511.77
511.10
507.11
504.60
508.04
510.58
505.21
513.08
509.93
509.94
509.94
508.68
508.88
499.89
502.03
500.37
500.31
496.98
500.63
500.54
503.12
504.26
503.55
500.84
500.51
496.82
499.45
502.68
507.40
504.46
504.76
501.08
499.13
502.77
501.61
497.89
494.31
493.19
492.76
493.61
493.61
491.99
491.75
491.55
494.02
501.16
501.59
501.63
501.76
500.00
501.83
501.83
499.72
499.09
501.18
500.47
501.45
506.62
506.62
526.73
532.41
532.41
532.35
526.91
527.84
522.92
524.10
530.97
529.92
528.12
523.35
519.13
520.09
524.85
532.89
529.48
532.45
527.82
525.64
527.54
522.00
519.79
518.69
518.77
522.54
518.90
518.97
516.28
517.83
512.13
512.53
511.62
510.29
507.45
507.17
508.42
509.07
512.17
515.39
516.18
524.23
533.53
524.79
526.41
524.86
526.49
524.44
522.52
520.66
520.43
520.67
518.48
520.65
520.55
521.19
523.02
519.88
517.50
518.90
516.09
512.58
508.78
505.38
505.38
505.71
504.59
501.44
498.20
500.93
504.94
509.75
509.10
508.88
508.99
507.22
510.67
513.39
512.46
512.24
513.55
515.02
513.27
511.97
512.28
512.43
514.88
514.53
513.20
514.89
513.57
517.07
514.32
510.93
510.08
509.59
511.22
515.22
514.81
514.48
515.27
517.07
518.24
517.85
518.48
520.73
519.55
520.72
518.01
517.60
517.26
516.94
513.62
511.26
512.72
510.03
512.97
512.97
507.76
508.85
509.94
513.01
510.09
512.19
509.35
511.21
512.73
512.93
511.44
510.55
507.65
505.43
503.34
503.38
505.80
508.76
506.84
510.30
512.06
513.07
512.32
511.55
514.27
516.18
518.06
519.13
518.59
525.05
527.24
527.41
527.66
525.71
524.95
528.86
533.47
544.19
549.15
539.92
540.94
550.32
552.88
558.94
558.94
555.10
553.55
551.46
555.39
555.39
553.89
566.66
576.40
577.14
580.37
575.42
574.25
574.66
582.29
582.73
581.61
578.62
576.71
580.78
587.32
589.17
591.05
596.51
598.76
592.66
594.31
597.97
600.98
603.56
610.37
607.49
603.01
602.19
597.93
588.33
591.59
592.55
601.13
601.36
601.36
601.36
601.36
600.55
603.69
604.49
601.10
598.74
599.76
599.32
598.33
594.92
595.35
585.11
580.44
563.91
571.11
561.33
572.10
574.23
573.90
577.50
577.39
587.77
588.03
589.91
590.12
589.05
587.51
585.34
579.11
579.57
583.52
587.36
587.36
577.17
581.13
582.97
583.65
586.48
586.55
590.14
590.92
587.20
588.92
585.71
583.33
582.55
580.38
586.49
586.49
587.73
587.73
588.53
583.28
581.21
580.05
574.45
584.87
581.06
585.05
582.88
575.12
578.28
575.40
573.35
573.12
574.94
579.62
585.95
589.01
589.79
589.71
590.57
590.57
595.24
581.03
581.41
587.11
587.04
586.56
586.17
582.32
575.90
574.83
579.25
579.84
581.86
582.11
584.83
582.38
582.10
580.52
580.47
575.25
570.25
567.37
568.64
568.07
565.69
554.84
553.94
558.62
554.24
549.56
549.53
548.10
551.76
549.83
553.99
550.63
546.94
540.02
537.08
533.88
526.23
522.15
530.10
536.09
540.06
541.70
538.40
534.10
539.59
531.69
531.69
528.80
529.11
529.61
530.09
524.71
532.75
541.46
538.29
542.05
536.34
539.10
540.31
538.72
537.57
530.14
526.54
526.89
528.19
525.15
523.57
527.15
523.57
527.50
531.46
530.04
531.41
525.89
529.64
526.82
524.08
524.19
525.75
527.01
529.17
529.60
526.07
525.17
522.92
524.16
516.02
513.56
517.33
513.80
508.56
505.30
509.48
510.32
508.23
509.44
509.44
504.36
509.58
512.85
514.96
512.51
508.89
512.63
516.53
512.06
514.29
513.19
513.39
517.08
522.03
522.03
524.78
528.38
536.50
538.11
534.65
533.17
538.77
539.27
538.64
540.41
540.73
541.31
536.78
533.35
540.20
535.56
539.78
540.77
533.30
535.58
537.23
533.83
525.39
530.29
536.16
532.35
530.05
530.38
527.98
527.91
528.91
528.91
528.99
530.24
532.64
536.12
536.12
536.12
537.76
540.36
541.13
543.23
544.17
539.03
535.50
532.82
537.22
535.47
543.87
549.46
546.08
548.86
551.20
550.10
546.81
546.98
547.48
549.38
550.60
552.11
548.95
548.07
549.95
549.95
549.95
554.04
561.49
570.02
572.33
573.03
567.24
568.62
569.81
568.18
561.56
559.50
561.36
556.91
557.01
552.36
551.90
550.96
550.47
552.10
548.44
551.65
546.11
541.75
538.55
535.79
532.32
529.61
525.84
517.54
520.66
531.80
527.94
522.42
522.42
516.81
516.04
518.46
510.70
514.48
517.60
523.84
522.52
516.86
509.72
501.91
501.07
504.60
503.26
503.26
501.22
499.81
498.22
494.52
492.74
483.35
479.94
484.79
484.79
486.13
490.97
496.57
502.38
499.14
504.37
510.63
513.99
513.24
502.44
499.42
495.17
498.28
498.28
499.65
497.25
496.13
497.88
498.64
501.17
504.48
505.75
504.64
502.54
501.50
500.68
497.51
493.05
494.16
491.11
490.60
489.85
492.06
489.04
491.70
489.35
493.47
494.13
495.66
495.76
487.16
491.31
494.00
490.48
491.21
493.75
498.14
501.38
494.24
485.92
489.06
485.91
484.74
483.53
487.85
490.48
495.77
497.64
500.62
503.34
505.18
502.39
503.54
499.78
499.30
496.88
495.62
489.25
490.54
494.83
498.94
481.28
483.67
479.54
485.83
495.53
482.79
480.83
484.62
482.79
482.24
482.07
482.74
477.71
460.16
453.57
441.82
437.04
438.62
440.57
455.21
464.97
476.70
471.58
462.71
464.81
466.80
464.51
462.18
458.06
458.12
457.40
462.04
462.65
470.88
476.79
472.43
479.15
471.43
469.54
463.09
457.93
457.81
459.21
454.55
459.80
456.83
456.83
459.43
453.06
456.20
446.75
440.99
430.18
412.28
409.04
409.61
380.78
394.45
394.45
400.40
424.93
427.90
425.63
428.05
424.10
421.19
427.46
428.25
427.32
425.89
431.51
431.71
427.33
423.59
427.36
439.59
433.31
434.89
441.01
440.54
441.16
448.12
439.01
442.09
445.31
455.71
449.53
442.65
431.79
429.42
419.50
414.48
418.68
425.12
426.75
420.68
420.18
424.74
424.74
422.92
420.42
423.34
425.94