13053.80
12991.20
13056.40
13034.20
12998.20
12977.02
12928.60
12928.60
13027.10
13009.70
12952.00
12881.50
12923.30
12888.89
12904.20
12983.40
12993.70
12957.10
12949.00
13024.30
13086.50
13138.10
13185.70
13186.60
13212.13
13226.10
13226.10
13300.60
13293.80
13342.78
13447.90
13436.20
13466.60
13355.40
13394.31
13503.50
13576.20
13621.70
13642.10
13640.83
13757.60
13784.30
13807.50
13901.60
13994.60
14056.50
14066.19
14238.13
14414.69
14516.77
14655.50
14639.30
14476.50
14753.30
14753.30
14975.50
14826.86
15059.70
15337.18
15364.30
15859.69
15745.89
15555.50
15272.19
15019.81
15062.00
15014.10
15110.19
15203.60
15326.30
15396.80
15352.32
15358.39
15486.80
15758.61
15827.30
15712.89
15748.00
15682.00
15689.88
15757.90
15757.90
15825.50
15782.60
15868.44
15868.44
15900.14
15953.85
16078.23
16194.98
16105.19
15982.30
15943.69
15924.70
15739.05
15697.50
15690.00
15808.10
15917.30
16204.98
16409.50
16467.30
16553.39
16610.60
16670.77
16739.30
16669.50
16802.70
16811.00
16817.90
17008.30
16967.69
17096.39
17131.19
17205.97
17185.60
17075.89
17177.06
17277.59
17403.13
17457.89
17342.39
17516.63
17600.94
17500.43
17654.19
17622.69
17669.89
17691.80
17597.73
17714.10
17734.10
17506.10
17469.80
17670.77
17820.60
17882.80
17700.89
17725.60
17838.84
17522.19
17639.30
17860.10
18026.19
18050.59
18038.89
17728.89
17799.00
17509.69
17321.93
17263.10
17414.80
17353.50
17422.39
17435.52
17479.10
17794.69
18000.76
18264.69
18376.39
18597.39
18792.60
18936.19
18675.60
18441.31
18565.60
18640.81
18503.27
18367.98
18553.68
18820.75
18694.93
18505.44
18559.64
18775.07
18552.20
18474.10
18619.30
18561.25
18100.52
18100.52
17463.19
17336.60
17478.30
17523.39
17706.30
17706.30
17955.80
17988.30
17960.69
18106.31
17852.89
17564.39
17019.10
17240.22
17435.30
17604.39
17514.80
17650.19
17650.19
17338.69
17318.00
16970.10
16871.89
16701.34
16523.39
16205.80
15819.50
16308.30
16284.00
16157.80
16397.80
16505.39
17010.89
16910.63
16910.63
16786.89
16713.69
16758.30
16973.60
17053.20
17300.60
17447.89
17438.50
17390.50
17208.10
17273.52
17283.81
17304.60
17489.57
17489.57
17747.50
17727.89
17883.65
18083.00
18308.00
18191.00
18455.10
18623.89
18637.39
18710.69
18602.69
18776.19
18731.19
18830.60
18788.89
18933.10
18847.89
18723.69
18930.00
18825.39
18808.50
18902.85
18902.85
18820.64
18820.64
18820.64
18820.64
18820.64
18820.64
18820.50
18936.80
18842.39
18778.69
18810.30
18669.00
18544.00
18784.64
18784.64
19149.63
19188.70
19216.10
19429.19
19380.50
19456.60
19554.69
19686.80
19789.89
19921.00
20048.30
20072.10
19956.30
19973.89
19795.10
19668.81
19679.31
19814.00
19814.00
19874.89
19628.86
19532.50
19637.89
19881.80
20228.10
20080.39
19940.50
20076.50
20186.30
20453.89
20421.64
20933.80
20971.39
21031.69
21176.02
21105.80
21166.39
21214.50
21313.00
21470.19
21497.89
21415.39
21514.69
21705.10
21644.30
21657.60
21588.19
21435.30
21473.00
21558.80
22026.60
21627.60
21566.69
22040.19
22367.69
22410.80
22586.10
22784.60
22913.00
22922.19
23216.50
22919.50
23524.10
23510.69
23868.43
23868.43
23868.43
23886.10
24097.69
24024.60
24006.30
23072.39
22889.89
22889.89
23274.80
23680.80
23680.80
23680.80
23918.50
24207.55
24589.23
24608.22
24535.85
24363.19
24651.44
24729.02
24298.98
24077.88
23419.60
23754.01
24156.69
24582.77
24580.85
24539.75
24433.64
24772.39
24992.77
24902.63
25049.39
25366.10
25271.30
25523.89
25379.88
25738.95
25890.94
25894.27
25756.44
25738.85
25929.42
25750.55
25288.10
24640.35
24794.89
24892.75
25031.35
25049.81
24509.39
24176.39
24252.38
24636.44
24465.48
23870.85
23816.09
23472.42
23755.89
24102.98
24118.01
23931.52
23969.76
24003.60
23983.44
23328.64
23078.35
22702.73
23036.52
23942.94
24104.98
24385.81
24427.10
24510.35
24488.10
24483.81
24172.60
24297.14
24658.23
24800.94
25119.69
25282.97
25559.23
25575.73
25494.01
25378.88
25344.34
25231.59
25396.56
25559.18
25754.31
25643.39
25875.73
25968.77
25974.96
26029.22
26118.42
25946.60
25649.88
25744.03
25004.09
25204.09
24937.93
24795.24
24828.27
24954.02
24954.02
24967.73
24855.31
24844.84
24912.42
24866.06
24866.06
24944.90
25095.80
25837.30
25998.00
26010.88
25721.74
25862.45
26018.33
26088.97
25952.27
26286.75
26338.77
26284.65
26400.63
26646.43
26428.22
26366.74
25746.56
21910.08
23947.40
24404.45
23201.22
22202.56
22834.96
22577.53
22033.89
22765.04
23358.60
23358.60
23060.53
22629.56
22795.02
22418.37
21686.46
21036.76
21546.50
22448.25
22615.43
22344.28
22734.49
22668.80
22705.56
22705.56
22856.02
23219.69
23282.19
23268.20
22686.78
22832.89
22915.49
22808.16
22602.75
22586.52
22948.34
22885.70
23280.24
23035.81
22926.28
22846.73
22819.42
22899.83
22826.97
22956.84
22741.02
22693.85
22543.37
22120.94
21564.00
21564.00
21564.00
21564.00
21564.00
21217.04
21575.28
22790.50
22792.13
22872.56
22578.13
22625.05
22324.99
22603.65
22603.65
22910.20
22898.17
22843.14
22710.26
22876.58
23318.40
23498.76
23335.91
23587.25
23622.32
23732.32
23672.21
23595.37
23709.10
23650.80
23771.60
23662.27
23771.88
23771.88
23981.94
24207.40
24345.66
24429.95
24675.36
24773.41
24846.71
24949.45
24968.65
25100.66
25165.18
25242.81
25435.90
25682.82
25596.31
25615.62
25616.58
25463.73
25605.39
25617.82
25543.73
25433.51
25475.67
25704.43
25872.29
25966.26
25966.26
25842.75
25895.23
25781.28
25626.35
25622.71
25953.09
26320.07
26260.26
26104.22
26335.29
26315.35
26511.17
26769.22
26748.89
26924.87
26930.84
26985.55
27111.35
26893.57
26671.45
26657.00
26864.09
26828.16
26837.12
27213.45
27246.77
27191.97
27434.12
27434.12
27669.72
27669.72
27669.72
27669.72
27534.39
27264.30
27412.25
27161.05
27212.58
27468.31
27759.87
27819.98
27767.58
27373.24
27393.85
27249.76
27312.66
27443.65
27428.24
27290.49
27223.10
27416.70
27703.91
27869.36
27821.54
27996.24
27967.32
27912.65
28072.02
27920.36
28036.54
28061.80
28093.52
28147.32
28342.46
28139.03
27925.57
27860.78
27732.93
27750.39
27435.01
27398.09
27607.33
27769.40
27503.53
27360.39
27577.17
27766.60
27728.13
27917.08
27985.99
28099.84
28020.10
28084.08
27913.79
27662.12
27149.03
27553.98
27676.14
27285.01
27183.53
27303.76
27738.57
27796.09
27911.63
28326.31
28366.33
28348.45
28292.66
28423.38
28253.12
28170.36
27554.87
27784.98
27833.51
27901.29
27896.55
28178.86
28178.36
28209.42
28079.18
27919.95
27799.67
27870.44
27565.41
27379.10
27511.65
27365.95
26934.26
27116.50
27341.58
27320.51
27504.01
27740.11
27647.10
27756.74
27794.16
27805.67
27805.67
27866.38
27901.00
27548.58
27712.66
27428.31
27428.31
27330.95
27499.56
27752.01
27700.13
27923.67
27545.53
27501.02
27405.49
27172.34
27258.27
27258.27
27469.60
27409.37
27273.30
27306.57
27268.74
27141.98
27293.67
27390.55
27401.42
27281.54
27421.49
27620.60
27722.92
27741.34
27982.54
28013.67
27985.26
27985.26
27953.25
27866.36
28007.27
28212.78
28166.42
28489.57
28520.90
28829.41
28996.12
29076.81
29180.20
29284.26
29430.12
29430.12
29340.03
29406.65
28983.32
29318.30
29578.90
29541.46
29532.25
29614.68
29669.38
30050.82
29758.90
29793.42
29672.29
29597.81
29754.73
29705.75
29536.71
29470.08
29567.94
29698.19
29774.61
29686.26
29868.01
30050.93
30159.00
30159.00
30159.00
30159.00
30159.00
30243.66
30183.79
30209.54
30678.39
31006.51
31143.45
31143.45
31298.38
31298.38
31227.52
31354.55
31311.40
31170.38
31332.88
31557.68
31567.79
31511.81
31646.13
31567.50
31581.30
31360.68
31498.30
31685.78
31828.70
31880.65
32065.12
32078.43
32131.99
31985.32
31982.89
32149.48
32083.58
32173.39
32177.08
31980.08
32311.93
32452.49
32452.49
32285.77
31985.60
31964.30
32073.73
32000.10
31876.86
31937.94
31837.66
31656.45
31701.78
31552.96
31724.35
32100.48
32098.24
32021.01
31654.80
31654.80
31443.24
31588.66
31568.52
31512.40
32306.36
32737.28
32826.13
32838.68
33042.07
33312.25
33360.79
32995.78
33185.05
32999.02
33249.58
33256.45
33063.94
33150.44
33308.33
33321.66
33363.83
33185.15
33029.81
32805.92
33244.78
33434.93
33500.83
33713.85
33793.17
33954.99
33954.99
33954.99
33954.99
34135.24
34031.87
33992.35
34081.49
33866.33
33716.29
33926.45
33992.45
33856.33
34000.98
34067.86
33816.61
33851.82
34005.39
34191.62
34160.83
34076.89
34266.75
33981.35
33667.42
33457.08
33452.01
33626.89
33718.29
33639.98
33398.01
33213.55
33402.99
32913.09
33055.17
33013.18
33233.47
33345.28
33324.97
33530.71
33625.82
33469.21
33245.60
32956.31
32948.69
33236.42
33190.38
33309.71
33423.48
33703.97
33676.02
33746.77
33701.52
33631.16
33574.77
33456.22
33343.73
33557.17
33664.87
33899.43
34093.33
34538.90
34545.83
34785.28
34705.63
34953.87
34898.46
34899.34
34779.81
34741.99
34630.38
34759.48
34859.27
34719.80
34712.96
34671.62
34810.69
35084.15
35090.11
35063.14
35140.83
35114.35
34893.28
34786.55
34739.93
34607.41
34687.65
34471.66
34431.20
34348.22
34483.78
34441.95
34271.31
34152.56
34115.81
34113.66
34332.88
34286.94
34401.88
34401.88
34472.54
34471.07
34470.58
34745.02
34771.79
34960.71
35444.82
35370.57
35689.98
35636.76
35622.97
35366.37
35382.80
35522.99
35209.35
35376.35
35376.35
35240.07
34795.34
35116.02
34468.69
34996.08
35107.56
35374.22
35486.38
35585.52
35526.55
35442.40
35678.49
35527.29
35417.44
35549.44
35564.43
35494.86
35494.86
35434.00
35270.46
35595.59
35657.42
35663.20
35750.12
35768.64
35852.23
35876.34
35963.74
35893.58
36059.87
36286.92
36286.92
36484.47
36881.53
36985.30
37021.46
37268.79
37132.68
37303.87
37494.17
37654.29
37858.11
37724.06
37752.67
37803.53
38062.42
38180.70
38271.04
38586.18
38439.10
38512.00
38215.48
38040.37
38423.62
38684.55
38801.63
38876.94
38915.87
38915.87
38915.87
38915.87
38712.88
38274.76
38294.96
37951.46
37696.51
38170.13
37516.77
37516.77
36850.36
36821.14
36729.46
36836.54
37257.01
37378.02
36778.98
36969.11
36874.07
37173.70
37215.67
37188.95
37206.42
37650.15
37631.41
37666.83
37301.87
37516.24
37288.14
37288.14
37107.03
37155.89
37471.99
37460.32
37222.60
36895.52
35734.33
35826.84
34890.97
33321.87
33897.95
34591.99
33829.58
34057.56
33845.20
33791.08
33362.34
33690.89
33993.12
33368.23
32620.57
32352.13
32671.64
32616.44
31263.24
30807.19
30807.19
29843.34
30372.16
31840.49
31825.96
31263.57
31026.16
29980.45
28002.07
28759.72
28442.94
28249.06
29278.78
30397.93
29624.68
29440.28
29623.20
29213.92
28463.18
28461.60
29249.06
29945.41
29835.44
29679.07
29501.38
29564.36
29424.58
29584.80
29584.80
29689.83
30173.64
30173.64
30173.64
30956.27
30970.58
30945.61
30980.26
31512.14
32042.65
31997.04
31967.62
32061.60
32013.72
31765.05
31938.30
32176.51
32311.75
32793.88
33191.61
32817.67
32926.26
33130.80
32891.12
32925.37
32921.62
32953.50
33192.50
32993.29
32540.18
32322.31
32371.77
32668.11
32538.40
32376.80
32040.38
32087.76
32087.27
31694.57
31124.19
31571.77
32312.75
32106.19
31940.24
32160.23
32414.60
32445.92
32351.67
32445.12
32538.28
32152.43
32294.18
32575.32
32644.37
33021.73
33172.28
33048.11
33055.62
32421.52
31894.79
31702.46
31701.27
31369.75
30863.48
30442.95
31035.66
30837.99
30245.18
29515.76
28599.53
27653.07
28509.14
27615.73
27329.55
26176.43
26672.33
28112.12
27549.44
26786.72
26490.47
26297.84
25210.91
23737.63
24165.76
25141.76
25710.76
24894.79
25669.96
25978.37
25420.43
24907.64
24078.34
23811.93
23962.07
25080.90
24604.66
25216.14
25075.08
24897.46
24365.86
23884.82
23726.17
23602.98
23777.83
23777.83
23359.32
22250.62
21771.91
20983.50
20221.86
22898.41
22849.39
22278.19
22827.65
23630.00
23495.11
23495.11
22585.63
22390.16
23109.20
23606.10
23859.36
24367.08
24481.49
25070.86
25298.30
24876.88
25352.63
25005.64
25329.31
25242.40
25194.10
24295.16
24194.99
24385.33
23965.75
23500.25
22969.81
22931.80
22931.80
23973.67
23937.44
23487.48
23171.63
23518.16
23205.48
22816.99
23400.28
23400.28
23762.86
23623.51
23053.88
22712.60
22454.63
22725.99
21862.61
22193.72
22553.10
23522.49
23784.67
23956.97
23999.41
24642.97
24349.50
24087.91
24424.02
24876.78
24524.94
24119.60
24119.60
23767.88
23887.56
23940.70
23848.71
23848.71
23848.71
23848.71
23848.71
24069.18
23736.57
22897.84
22969.27
23047.36
23241.02
23213.23
23213.23
22442.70
23446.81
23808.30
23352.19
23253.65
23050.10
23269.01
23573.25
23569.44
23460.12
23409.61
23293.14
23156.70
23287.36
23821.57
23952.04
24104.43
24296.08
24296.08
24935.01
25139.47
25356.37
25343.74
26230.01
26166.98
26198.79
26024.37
25902.81
26462.76
26282.96
26094.25
26409.22
25881.57
25976.02
25913.48
26382.99
26397.96
26607.52
26669.37
26727.42
26418.32
26542.33
26843.10
27146.91
27006.66
26449.35
26449.35
26613.19
26645.79
26339.38
26104.65
26206.92
26292.04
26007.40
26252.00
26780.06
26689.81
26767.33
26607.65
26317.39
26268.86
26425.19
26582.50
26695.53
26813.30
26980.37
26798.90
26541.97
26237.01
26491.57
26330.21
26038.86
26123.68
26123.68
26111.25
26489.00
26477.86
26477.86
26477.86
26342.14
26309.79
26438.50
26274.29
26093.20
26030.08
25822.47
25520.27
25701.94
25523.03
25481.21
25398.66
25643.65
25529.14
25425.88
25390.67
25495.41
25647.40
25789.62
25912.61
25556.86
25289.57
24984.12
25035.11
24598.38
24662.59
24482.69
24808.17
25093.89
24943.09
24685.47
23996.75
24082.26
24275.08
23765.46
23907.42
23766.38
23543.03
23290.96
24108.76
23995.76
23373.47
23135.61
22898.34
22176.17
22608.96
23121.30
22937.92
23137.78
23459.04
23375.15
23060.70
22908.71
22866.36
22705.29
22758.98
23297.47
23332.71
23519.07
23443.58
23872.63
24120.75
24072.73
24027.97
23833.25
23464.96
23691.02
23482.46
23434.62
22985.67
22872.00
23393.30
23018.68
22814.37
21456.76
21687.06
22051.60
22515.77
22065.34
21592.27
21641.30
21621.63
22002.17
22335.87
22469.01
22469.80
22402.69
22499.65
22692.60
22573.98
22411.58
22504.79
22530.20
23134.43
23134.43
23443.61
23317.78
23332.31
23192.74
23192.74
23333.70
23577.42
23968.08
23969.47
23916.44
24377.01
24375.11
24711.44
24596.90
24330.83
24155.62
24485.26
24485.26
24157.72
23860.67
24307.65
24334.67
24439.85
24894.82
25016.81
24954.66
24799.94
24949.26
24906.43
24901.72
25140.61
24981.18
25222.28
25044.24
25044.24
24950.86
24750.20
24446.76
24486.49
24232.99
24667.73
24416.23
24176.54
24099.18
23400.12
23326.86
23199.86
23177.84
23117.39
22868.69
23112.09
22973.28
22780.42
22687.35
21992.29
22166.83
22669.44
22459.17
22445.06
22352.88
21953.06
21502.90
21712.57
22754.90
22836.67
22736.29
22629.90
21991.19
21777.12
21777.12
21664.53
22461.17
22555.07
22437.32
22983.77
22983.77
22983.77
22983.77
22983.77
23801.18
23566.39
22715.00
23113.64
22381.90
21696.86
21775.13
21775.13
21612.19
21321.37
20913.82
20858.30
21534.12
21580.72
21072.15
21007.11
21390.52
21362.26
21557.67
22023.05
22139.59
21999.60
21936.37
22104.92
22107.12
21819.52
21819.52
21541.64
21391.02
20883.86
21324.98
20872.03
20618.30
20771.92
21291.81
20973.24
21025.55
21364.77
21333.70
21338.81
21487.82
21051.71
21105.42
20864.42
20992.99
20797.68
20854.59
20592.14
20561.88
20456.06
19837.16
19917.63
19764.31
20185.09
20185.09
20239.60
19891.57
20226.78
19885.49
19636.99
19669.31
19345.95
18581.79
18286.03
18559.71
18436.37
17791.55
17175.53
16598.15
17850.66
17236.65
17439.58
17948.01
17959.76
17580.69
17071.36
16787.33
16839.12
17402.05
17542.45
17450.52
17527.40
17527.40
17390.71
17303.39
17303.39
17303.39
17878.66
18410.88
18375.95
18608.09
18508.53
18768.57
18804.60
18074.27
18443.10
18754.11
18674.93
18691.29
18221.00
18555.00
18204.64
17822.56
17931.25
18347.75
18004.11
18125.55
18188.68
17964.07
17790.04
17655.06
17845.04
17742.87
17709.05
17383.68
16953.23
16953.53
16445.80
16045.56
16519.87
15921.22
16106.99
15853.67
16143.72
15812.73
15741.27
15951.73
16325.07
16757.63
16717.78
16657.07
16459.55
16600.26
16848.66
16783.72
17201.73
17064.63
17116.92
16987.66
16548.07
15884.48
16002.41
15541.95
16039.94
15497.79
15373.34
15426.64
15095.95
15555.60
15910.28
15709.45
15692.59
15983.64
15926.44
15518.27
15066.34
14822.56
14773.79
14768.17
14820.25
14929.55
14309.41
14650.74
15267.76
16216.88
16627.96
16380.77
16541.65
17555.00
17970.79
18061.12
17740.06
17587.72
18386.49
18555.30
18440.18
18282.42
18875.55
18908.47
18107.69
18471.40
18471.40
17944.70
18116.52
18166.80
18066.24
18282.72
18282.72
18609.95
18394.76
17972.61
17748.09
17399.08
17369.91
17324.07
17101.50
17268.10
17111.74
17335.51
17059.78
17302.01
17490.67
17344.03
17628.49
17369.81
16903.81
16987.66
17141.52
17013.04
17117.65
17011.33
17185.26
17068.41
16937.71
16767.40
16853.36
16853.36
17065.20
17031.59
16869.81
16417.05
16437.11
16318.15
16376.93
16330.79
16162.99
15993.48
16778.84
16871.31
17033.60
17033.60
17096.09
17302.01
17479.04
17470.61
17683.65
17313.04
17393.68
17260.08
17295.69
17207.12
17281.85
17406.22
17501.30
17441.02
17289.97
17480.74
17268.71
17437.91
17680.74
17645.44
17690.67
17690.67
17648.85
17557.04
17188.62
17285.64
16924.95
16924.95
16924.95
16994.08
16842.58
16782.88
16780.98
16634.69
16589.55
16681.05
16517.91
16515.60
16515.60
16617.24
16798.64
16510.18
16538.68
16336.81
16287.45
16492.63
16509.68
17063.41
17023.78
17133.64
17186.31
17222.03
17190.63
17332.90
17281.73
17022.27
17089.90
17089.90
16851.51
17117.99
16916.32
17009.63
16982.14
17010.03
16820.61
16863.15
16798.94
16907.39
16953.35
16879.60
16864.25
16853.92
16759.61
16817.70
17686.47
17848.30
17858.63
17904.79
18037.52
18086.18
17968.30
18173.37
18727.90
18537.17
18784.39
18491.62
18450.69
18764.92
18788.70
19048.38
18963.16
18591.45
19099.09
19446.94
19759.46
19486.80
19829.23
19967.27
19892.18
19882.14
20740.29
20533.38
20675.84
20297.86
20112.34
19828.43
19773.01
19591.31
19704.15
19623.63
20206.71
20454.57
20454.57
20919.18
20919.18
20919.18
20919.18
20622.03
20811.36
21054.71
20940.37
20615.20
20532.78
20474.15
20565.51
20229.39
20380.79
20330.39
20557.47
20476.16
20631.76
20895.99
20852.63
20843.69
20552.35
20591.41
20691.70
21076.00
20882.24
20844.19
20575.24
20575.24
20493.32
20500.95
20397.35
20045.88
19902.42
19925.51
19804.54
19212.43
19538.30
19492.52
19685.07
19659.57
19886.76
19543.42
19590.00
19924.61
19621.46
19623.06
19829.78
19720.67
19688.67
19877.39
19980.00
20180.42
20139.11
20158.02
20331.53
20150.92
20038.00
20080.91
20115.81
19734.57
19822.08
19891.39
19829.58
20456.85
20380.14
20343.53
20357.64
20497.55
20425.64
20357.94
20493.05
20493.75
20732.57
20765.28
20745.17
20901.49
20841.98
20773.18
20687.47
20607.26
20414.14
20431.84
20521.45
20591.76
20791.68
20912.69
21026.60
20953.30
20983.20
21116.21
21060.81
20962.10
20918.19
20825.58
20817.98
21148.11
20947.79
20947.79
20502.15
20391.04
20266.03
20466.65
20174.62
20174.62
20307.53
20094.11
20172.72
20077.41
20105.71
20283.13
20264.43
20321.93
20500.25
20265.63
20378.64
20378.64
20137.31
20038.40
20082.81
20174.42
20072.21
20069.91
20173.42
20179.42
20264.83
20309.33
20023.60
19838.78
19479.45
19702.97
19438.24
19381.24
19381.24
18949.79
18590.46
18625.16
18125.71
18121.71
18158.52
18493.55
18074.61
18246.12
18108.71
18166.32
17941.19
17384.84
17384.84
17067.11
17222.92
16726.37
16078.71
16406.54
17125.31
17458.75
17459.35
16840.38
16903.49
16507.95
17061.91
17257.43
17327.33
17308.73
17489.15
17789.28
18051.91
17404.24
17315.43
17445.74
17445.74
17141.11
16819.88
17131.21
17272.03
17417.24
17417.24
17417.24
17369.74
17783.48
17881.99
18124.01
18443.44
18485.25
18793.88
18577.26
18973.70
18725.37
18514.55
19039.40
19183.92
19307.43
18353.24
18648.36
19138.21
18891.79
18757.88
20229.12
20416.34
20250.03
20174.82
20301.43
20014.40
20251.23
19841.38
19990.70
19990.70
19459.25
18974.60
19052.11
18931.39
18959.60
19393.94
19342.63
19341.83
19765.48
19803.38
19997.20
20216.62
19744.77
19605.86
19966.00
19811.88
19898.39
19839.18
20090.71
20115.31
20526.15
20508.85
20677.77
20592.16
20469.45
20469.45
20253.53
19962.10
20037.90
19836.48
19941.79
19709.74
19559.91
19111.92
19277.16
19122.22
19563.21
19696.74
19890.98
19934.99
19898.08
19648.33
20060.41
19987.20
20164.63
20277.36
20192.34
19882.18
19799.36
19964.39
19709.14
19628.93
19729.15
19725.25
19725.25
19570.21
19570.21
19570.21
19570.21
19862.47
19786.96
19917.78
20150.13
20224.24
20270.75
20188.44
20133.53
20152.73
20221.34
20342.17
20568.71
20622.12
20663.63
20495.80
20777.16
20838.97
20973.59
21053.11
21009.00
20954.19
20726.65
21042.71
21261.95
21402.78
21395.18
21552.81
21353.97
21282.96
21367.47
21503.30
21152.03
20813.16
20581.32
21040.21
20766.75
20300.96
20639.23
20481.00
20643.93
20543.41
20631.93
20834.37
20629.03
20620.02
20526.51
20473.09
20400.48
20540.41
20718.04
20770.15
20717.64
20775.16
20780.76
20622.92
20462.89
20297.66
20345.37
20137.23
20247.85
20449.39
20271.35
20660.13
20632.73
20676.84
20521.70
20635.83
20590.22
20770.25
20821.36
20663.83
20626.33
20786.36
20824.56
20862.77
20512.70
20394.58
20380.78
20511.60
20443.29
20471.49
20600.42
20592.12
20628.53
20642.93
20653.83
20409.18
20393.98
20023.80
19917.78
19897.88
19917.28
20046.11
19919.38
19919.38
19796.26
19554.11
19837.27
19885.38
19833.67
19833.67
19814.36
19468.89
19507.60
19615.12
19563.81
19650.03
19568.61
19751.55
19655.23
19744.75
19744.75
19821.46
20089.72
20148.83
19969.29
19958.29
19992.40
19868.87
19991.90
19899.08
19852.37
19732.15
19746.35
19796.36
19805.16
19989.60
19916.48
19750.65
19750.65
19811.56
19619.22
19609.02
19423.88
19264.85
19284.36
19261.45
19391.68
19306.66
19336.57
19302.56
19121.72
18962.99
18962.99
18701.24
18666.93
18811.36
18926.49
19075.62
19013.60
18998.30
19305.66
19340.47
19174.23
19180.04
18978.30
18975.10
18875.48
18931.49
19121.12
19163.43
19270.85
19406.98
19340.67
19633.53
19633.53
19726.75
19711.36
19665.53
19752.98
19723.06
19723.06
19723.06
19684.04
19616.11
19519.46
19444.92
19501.45
19548.47
19410.01
19331.17
19331.17
19241.32
19223.31
19075.74
18840.22
17785.49
18060.73
18159.48
18070.84
18104.35
18752.88
18649.82
18739.47
18604.30
18538.97
18667.23
18500.55
18290.25
18099.55
18291.35
18313.86
18138.47
17991.00
17780.59
18020.51
17956.48
18096.25
18106.65
17830.02
17472.94
16808.70
17053.43
16618.71
16963.18
17039.62
17040.72
16955.28
16621.31
16763.08
16358.38
16477.64
16245.82
16666.83
16355.68
16251.23
16129.96
16129.96
15904.85
15813.41
15749.72
16096.25
16681.73
16460.73
16512.22
16139.95
15381.29
15630.53
15882.49
15815.87
15719.50
16163.09
16268.88
16344.92
16438.79
16047.89
16304.15
16225.11
16376.08
16643.06
16968.24
16804.05
16910.54
16826.49
16883.99
16806.75
16811.46
17088.66
17088.66
17088.66
17088.66
17103.69
16958.22
16826.49
16461.73
16420.76
16609.70
16388.90
16471.35
16312.56
16140.85
15789.12
15916.15
15970.75
15579.44
15694.25
15574.03
15762.97
15436.79
15594.57
15849.13
15897.32
15660.99
15679.62
15442.30
15044.18
14813.46
14599.68
14660.49
14867.26
14703.17
14700.06
14665.70
14951.21
14926.37
15265.18
15145.36
14759.05
14618.07
14507.17
14517.40
14485.41
14755.74
14830.44
15256.89
16213.08
16242.66
16588.19
16605.74
16505.67
16517.70
16842.47
16574.35
16422.44
16453.42
16589.09
16591.50
16148.40
16387.25
16625.19
16649.45
16677.53
16358.57
16720.75
16893.71
16741.20
16615.46
16838.97
16789.33
16728.97
16792.34
16916.57
17452.72
18158.73
18149.70
18032.49
17871.05
17877.77
17731.98
17921.99
17770.68
17847.29
18135.16
17983.86
18117.22
18120.73
17748.52
17794.04
17620.38
17621.18
18279.55
18486.11
18472.17
18614.26
18758.55
18758.55
18319.16
18474.38
18198.64
18034.79
17713.93
17566.43
17921.98
18262.43
18022.86
17913.06
17739.84
18142.99
18145.08
18220.41
18506.28
18176.27
18176.27
17891.19
17971.40
17880.83
18016.44
17916.60
17895.97
17955.36
18157.33
18156.24
18014.25
17970.81
17726.68
17337.19
17509.17
17654.64
17474.49
18028.80
18028.80
18036.97
18021.22
17863.29
17821.04
17843.56
17789.46
17802.51
17682.74
17939.52
18151.16
18383.82
18384.32
18239.84
18239.84
18215.23
18543.14
18688.42
18533.98
18744.42
18833.10
18897.37
18879.53
19067.86
19412.32
19286.97
19226.78
19312.77
19283.48
19499.30
19346.55
19311.08
19140.49
19448.59
19653.25
19744.42
19775.40
19904.72
20011.76
19873.13
19868.15
19868.15
19868.15
19868.15
20618.00
20669.03
20563.58
20652.08
20612.32
20377.92
20287.42
20287.42
20567.07
20570.26
20370.04
20365.76
20196.53
20080.92
20312.74
20414.69
20663.84
20589.20
20722.44
20812.74
20935.12
20904.03
20653.38
20751.15
20943.49
21118.30
20934.82
20934.82
20784.23
20943.59
20886.19
20802.77
20721.25
20655.67
20372.23
20340.94
20300.38
20480.27
20000.40
19919.97
20125.37
20168.63
20063.88
20183.87
20241.18
19957.15
20155.87
19796.29
19950.27
19734.70
19923.66
20190.85
20285.13
20442.60
20442.60
20727.53
20700.92
20915.44
21014.77
21329.98
21295.82
21406.85
21560.39
21600.08
21464.73
21471.16
21695.84
21424.24
21744.17
21791.70
21694.43
21660.47
21883.04
21868.17
21816.22
21812.50
21883.84
22123.89
22119.88
22282.05
22230.10
22235.03
22235.03
22041.30
21815.01
21662.38
21662.38
21662.38
21495.28
21728.60
21411.88
21420.12
21171.82
21301.05
22055.97
22147.21
21916.60
21979.00
22091.74
21958.00
21724.08
21798.43
21699.76
21944.53
22021.50
21886.35
21956.19
21588.52
21858.12
21881.43
21804.46
21751.81
21719.15
21817.62
22104.80
22082.40
22289.39
22245.38
22332.40
22367.36
22437.30
22530.65
22603.20
22597.17
22666.80
22501.61
22530.75
22455.49
22347.97
22379.02
22292.91
22232.42
21924.94
21919.82
21778.94
21892.58
21656.45
21753.42
21406.35
21412.88
21566.42
21476.29
21005.63
21163.69
20631.03
20883.84
21124.90
20967.54
20880.33
20692.83
20984.83
20940.41
21077.47
20744.88
20477.59
20731.31
20551.05
20666.60
20864.95
20981.11
20968.25
20834.00
21106.41
21127.01
21275.02
21363.24
21228.80
20883.74
20910.27
20709.81
20553.16
20166.90
20107.11
20198.15
20201.87
20379.82
20152.53
20202.27
20559.59
20571.04
20443.93
20842.64
20842.64
21310.59
21156.75
21322.85
21112.24
21112.24
21171.99
21350.67
21461.37
21547.02
21556.40
21462.97
21498.60
21331.50
21148.03
21161.01
21038.53
20870.83
20870.83
20968.16
21029.25
21429.93
21397.19
21423.74
21612.30
21302.95
21123.68
21082.15
21003.49
20739.97
20885.41
20958.08
20681.67
20466.86
20633.06
20633.06
20592.33
20991.52
20771.11
21201.04
21065.08
21206.43
20979.44
21031.04
20929.73
20796.37
20956.18
21189.96
21143.34
21216.11
21293.57
21418.25
21345.28
21035.54
21020.36
20674.69
20630.56
20659.91
20943.90
20276.70
20603.71
20822.12
20568.38
20501.20
20341.39
20422.04
20413.46
20093.03
19570.67
19690.46
19690.46
19161.71
19549.41
19291.58
19369.04
19361.35
19361.35
19361.35
19361.35
19361.35
19446.00
18896.19
18680.38
18073.87
17303.65
18118.79
18093.13
18093.13
18144.34
18090.04
17480.34
17358.16
18013.88
17909.46
17689.36
17334.90
17796.57
18335.30
17864.04
18330.01
18085.95
18314.33
18185.97
18038.43
17867.04
18181.17
18181.17
18409.96
18688.06
18722.00
18750.65
18470.75
18599.12
19051.71
19034.54
18896.99
19070.07
18990.92
19021.56
18557.00
18429.13
18564.78
18273.51
18041.33
18198.74
18113.89
18267.72
18183.27
17900.48
17923.64
18053.50
18445.20
18493.71
18493.71
18633.16
18043.82
18439.61
18472.45
18210.42
18189.72
18003.40
17869.59
18037.30
18129.31
17860.59
17715.67
18021.70
17703.37
17485.75
17846.98
17692.47
17933.59
18031.20
18093.41
18352.14
18551.66
18544.45
18735.47
18698.07
18612.86
18670.37
18670.37
19151.12
19275.33
19514.75
19514.75
20180.92
20048.90
20061.81
19802.78
20143.51
20129.11
20209.72
20056.31
20324.73
20489.75
20332.83
19841.98
19877.39
20009.00
20043.50
19889.89
20351.34
20312.23
20068.81
20451.85
20563.16
20611.56
20488.15
20485.75
20223.82
20532.55
20289.93
20564.46
20528.35
20681.07
20593.66
20497.85
20507.85
20385.54
20436.14
20341.93
20679.27
20624.76
20523.75
20604.96
20175.52
20196.42
20121.41
19968.00
19705.17
19853.89
19697.17
19754.78
19875.49
20228.72
20069.41
20358.74
20519.25
20249.32
20249.32
20157.02
20130.51
20286.23
20389.54
20575.26
20402.74
20212.82
20331.43
19804.38
19668.07
19514.45
19702.07
19475.85
19604.46
18824.18
19099.11
19008.60
19222.62
19326.03
19041.10
18961.00
19252.23
19157.12
18650.17
18656.17
18814.98
18441.94
18451.45
18229.42
17974.30
18232.52
18735.17
18615.06
18650.17
18633.86
18695.97
18704.77
18282.23
17965.80
17965.80
17974.50
17683.27
17930.09
18058.21
18201.32
18201.32
18420.08
18341.96
17994.71
17987.21
17887.71
17842.16
17455.04
17647.45
17824.78
17511.19
17619.18
17376.92
17376.92
17204.70
17306.39
17331.37
17707.49
17478.42
17294.51
17210.09
17687.61
17151.55
17363.74
17038.36
16312.69
16857.04
16364.94
16458.94
16458.94
16500.10
16448.05
16533.87
15836.36
15697.20
15867.23
15434.17
15427.27
15082.52
16283.32
16726.57
15842.46
16308.49
16721.58
16721.58
15867.53
16045.55
16603.20
16636.26
17007.59
16910.29
16585.51
16306.79
16424.48
16131.57
16686.51
16478.12
16050.15
15904.30
15909.39
15985.21
16541.06
16161.64
15314.89
14799.40
14799.40
14924.98
15300.10
14802.60
14775.22
15258.74
15258.74