25.20
24.30
24.30
21.40
19.80
17.00
17.20
17.60
20.20
21.60
22.50
24.00
25.30
26.40
24.90
21.80
21.00
19.30
20.80
19.60
20.20
21.60
22.50
24.00
24.80
25.20
24.30
21.60
19.20
17.40
18.90
17.50
19.70
21.60
22.90
23.90
22.90
24.50
23.20
21.80
19.30
16.60
16.50
18.80
18.10
22.00
21.70
24.10
24.40
25.00
26.40
23.60
21.70
18.20
17.60
17.80
17.30
20.20
22.20
24.60
25.00
26.20
24.30
22.30
21.90
18.20
17.10
18.00
19.50
19.40
23.20
23.60
23.80
25.00
23.90
21.60
19.90
20.30
18.80
18.70
19.70
20.60
22.40
23.80
25.90
25.90
24.10
22.60
20.90
16.90
17.20
17.90
17.10
20.40
23.50
24.50
26.20
26.60
24.70
22.20
21.80
19.50
18.30
16.20
18.30
21.40
22.30
23.00
24.00
25.50
25.30
23.80
20.10
18.00
18.00
19.10
19.20
21.60
22.60
24.00