27.10
25.30
25.80
23.70
21.60
20.00
19.30
20.20
20.20
21.30
23.70
25.50
26.40
27.40
26.30
23.80
22.30
20.80
22.60
21.60
21.60
22.50
23.30
24.10
25.90
25.80
25.50
22.90
21.50
19.80
21.40
20.80
21.80
22.30
23.70
24.70
24.00
25.30
24.20
23.20
22.30
19.60
19.20
21.70
20.50
22.50
22.50
24.50
26.10
26.60
27.70
24.40
23.00
20.50
20.10
20.30
19.70
21.50
22.60
25.60
25.90
27.00
24.70
22.90
22.30
19.90
19.00
20.20
21.40
20.70
23.40
23.80
24.30
25.90
23.70
22.10
20.10
20.30
20.30
20.80
20.80
21.50
24.30
23.80
26.40
26.60
23.50
18.90
18.00
15.30
14.70
14.40
16.20
19.90
22.60
23.30
25.60
25.60
23.30
19.10
19.40
20.10
19.00
19.00
18.30
22.00
22.50
23.10
23.80
26.20
25.10
24.50
21.60
19.80
19.80
20.10
20.20
22.20
22.90
23.90