1954.00
2302.00
3054.00
2414.00
2226.00
2725.00
2589.00
3470.00
2400.00
3180.00
4009.00
3924.00
2072.00
2434.00
2956.00
2828.00
2687.00
2629.00
3150.00
4119.00
3030.00
3055.00
3821.00
4001.00
2529.00
2472.00
3134.00
2789.00
2758.00
2993.00
3282.00
3437.00
2804.00
3076.00
3782.00
3889.00
2271.00
2452.00
3084.00
2522.00
2769.00
3438.00
2839.00
3746.00
2632.00
2851.00
3871.00
3618.00
2389.00
2344.00
2678.00
2492.00
2858.00
2246.00
2800.00
3869.00
3007.00
3023.00
3907.00
4209.00
2353.00
2570.00
2903.00
2910.00
3782.00
2759.00
2931.00
3641.00
2794.00
3070.00
3576.00
4106.00
2452.00
2206.00
2488.00
2416.00
2534.00
2521.00
3093.00
3903.00
2907.00
3025.00
3812.00
4209.00
2138.00
2419.00
2622.00
2912.00
2708.00
2798.00
3254.00
2895.00
3263.00
3736.00
4077.00
4097.00
2175.00
3138.00
2823.00
2498.00
2822.00
2738.00
4137.00
3515.00
3785.00
3632.00
4504.00
4451.00
2550.00
2867.00
3458.00
2961.00
3163.00
2880.00
3331.00
3062.00
3534.00
3622.00
4464.00
5411.00
2564.00
2820.00
3508.00
3088.00
3299.00
2939.00
3320.00
3418.00
3604.00
3495.00
4163.00
4882.00
2211.00
3260.00
2992.00
2425.00
2707.00
3244.00
3965.00
3315.00
3333.00
3583.00
4021.00
4904.00
2252.00
2952.00
3573.00
3048.00
3059.00
2731.00
3563.00
3092.00
3478.00
3478.00
4308.00
5029.00
2075.00
3264.00
3308.00
3688.00
3136.00
2824.00
3644.00
4694.00
2914.00
3686.00
4358.00
5587.00
2265.00
3685.00
3754.00
3708.00
3210.00
3517.00
3905.00
3670.00
4221.00
4404.00
5086.00
5725.00
2367.00
3819.00
4067.00
4022.00
3937.00
4365.00
4290.00