85.00
89.00
109.00
95.00
91.00
95.00
96.00
128.00
124.00
111.00
178.00
140.00
150.00
132.00
155.00
132.00
91.00
94.00
109.00
155.00
123.00
130.00
150.00
163.00
101.00
123.00
127.00
112.00
108.00
116.00
153.00
163.00
128.00
142.00
170.00
214.00
134.00
122.00
142.00
156.00
145.00
169.00
134.00
165.00
156.00
111.00
165.00
197.00
124.00
124.00
139.00
137.00
127.00
134.00
136.00
171.00
112.00
110.00
147.00
196.00
112.00
118.00
125.00
122.00
120.00
118.00
281.00
344.00
366.00
362.00
580.00
523.00
348.00
246.00
197.00
306.00
279.00
280.00
358.00
431.00
448.00
433.00
504.00
579.00
384.00
335.00
320.00
496.00
448.00
377.00
523.00
468.00
428.00
520.00
493.00
662.00
304.00
308.00
313.00
328.00
354.00
338.00
483.00
355.00
439.00
290.00
352.00
454.00
306.00
303.00
344.00
254.00
309.00
310.00
379.00
294.00
356.00
318.00
405.00
545.00
268.00
243.00
273.00
273.00
236.00
222.00
302.00
285.00
309.00
322.00
362.00
471.00
198.00
253.00
173.00
186.00
185.00
105.00
228.00
214.00
189.00
270.00
277.00
378.00
185.00
182.00
258.00
179.00
197.00
168.00
250.00
211.00
260.00
234.00
305.00
347.00
203.00
217.00
227.00
242.00
185.00
175.00
252.00
319.00
202.00
254.00
336.00
431.00
150.00
280.00
187.00
279.00
193.00
227.00
225.00
205.00
259.00
254.00
275.00
394.00
159.00
230.00
188.00
195.00
189.00
220.00
274.00