464.00
675.00
703.00
887.00
1139.00
1077.00
1318.00
1260.00
1120.00
963.00
996.00
960.00
530.00
883.00
894.00
1045.00
1199.00
1287.00
1565.00
1577.00
1076.00
918.00
1008.00
1063.00
544.00
635.00
804.00
980.00
1018.00
1064.00
1404.00
1286.00
1104.00
999.00
996.00
1015.00
615.00
722.00
832.00
977.00
1270.00
1437.00
1520.00
1708.00
1151.00
934.00
1159.00
1209.00
699.00
830.00
996.00
1124.00
1458.00
1270.00
1753.00
2258.00
1208.00
1241.00
1265.00
1828.00
809.00
997.00
1164.00
1205.00
1538.00
1513.00
1378.00
2083.00
1357.00
1536.00
1526.00
1376.00
779.00
1005.00
1193.00
1522.00
1539.00
1546.00
2116.00
2326.00
1596.00
1356.00
1553.00
1613.00
814.00
1150.00
1225.00
1691.00
1759.00
1754.00
2100.00
2062.00
2012.00
1897.00
1964.00
2186.00
966.00
1549.00
1538.00
1612.00
2078.00
2137.00
2907.00
2249.00
1883.00
1739.00
1828.00
1868.00
1138.00
1430.00
1809.00
1763.00
2200.00
2067.00
2503.00
2141.00
2103.00
1972.00
2181.00
2344.00
970.00
1199.00
1718.00
1683.00
2025.00
2051.00
2439.00
2353.00
2230.00
1852.00
2147.00
2286.00
1007.00
1665.00
1642.00
1518.00
1831.00
2207.00
2822.00
2393.00
2306.00
1785.00
2047.00
2171.00
1212.00
1335.00
2011.00
1860.00
1954.00
2152.00
2835.00
2224.00
2182.00
1992.00
2389.00
2724.00
891.00
1247.00
2017.00
2257.00
2255.00
2255.00
3057.00
3330.00
1896.00
2096.00
2374.00
2535.00
1041.00
1728.00
2201.00
2455.00
2204.00
2660.00
3670.00
2665.00
2639.00
2226.00
2586.00
2684.00
1185.00
1749.00
2459.00
2618.00
2585.00
3310.00
3923.00