1686.00
1591.00
2304.00
1712.00
1471.00
1377.00
1966.00
2453.00
1984.00
2596.00
4087.00
5179.00
1530.00
1523.00
1633.00
1976.00
1170.00
1480.00
1781.00
2472.00
1981.00
2273.00
3857.00
4551.00
1510.00
1329.00
1518.00
1790.00
1537.00
1449.00
1954.00
1897.00
1706.00
2514.00
3593.00
4524.00
1609.00
1638.00
2030.00
1375.00
1320.00
1245.00
1600.00
2298.00
2191.00
2511.00
3440.00
4923.00
1609.00
1435.00
2061.00
1789.00
1567.00
1404.00
1597.00
3159.00
1759.00
2504.00
4273.00
5274.00
1771.00
1682.00
1846.00
1589.00
1896.00
1379.00
1645.00
2512.00
1771.00
3727.00
4388.00
5434.00
1606.00
1523.00
1577.00
1605.00
1765.00
1403.00
2584.00
3318.00
1562.00
2349.00
3987.00
5891.00
1389.00
1442.00
1548.00
1935.00
1518.00
1250.00
1847.00
1930.00
2638.00
3114.00
4405.00
7242.00
1853.00
1779.00
2108.00
2336.00
1728.00
1661.00
2230.00
1645.00
2421.00
3740.00
4988.00
6757.00
1757.00
1394.00
1982.00
1650.00
1654.00
1406.00
1971.00
1968.00
2608.00
3845.00
4514.00
6694.00
1720.00
1321.00
1859.00
1628.00
1615.00
1457.00
1899.00
1605.00
2424.00
3116.00
4286.00
6047.00
1902.00
2049.00
1874.00
1279.00
1432.00
1540.00
2214.00
1857.00
2408.00
3252.00
3627.00
6153.00
1577.00
1667.00
1993.00
1997.00
1783.00
1625.00
2076.00
1773.00
2377.00
3088.00
4096.00
6119.00
1494.00
1564.00
1898.00
2121.00
1831.00
1515.00
2048.00
2795.00
1749.00
3339.00
4227.00
6410.00
1197.00
1968.00
1720.00
1725.00
1674.00
1693.00
2031.00
1495.00
2968.00
3385.00
3729.00
5999.00
1070.00
1402.00
1897.00
1862.00
1670.00
1688.00
2031.00