112.00
118.00
129.00
99.00
116.00
168.00
118.00
129.00
205.00
147.00
150.00
267.00
126.00
129.00
124.00
97.00
102.00
127.00
222.00
214.00
118.00
141.00
154.00
226.00
89.00
77.00
82.00
97.00
127.00
121.00
117.00
117.00
106.00
112.00
134.00
169.00
75.00
108.00
115.00
85.00
101.00
108.00
109.00
124.00
105.00
95.00
135.00
164.00
88.00
85.00
112.00
87.00
91.00
87.00
87.00
142.00
95.00
108.00
139.00
159.00
61.00
82.00
124.00
93.00
108.00
75.00
87.00
103.00
90.00
108.00
123.00
129.00
57.00
65.00
67.00
71.00
76.00
67.00
110.00
118.00
99.00
85.00
107.00
141.00
58.00
65.00
70.00
86.00
93.00
74.00
87.00
73.00
101.00
100.00
96.00
157.00
63.00
115.00
70.00
66.00
67.00
83.00
79.00
77.00
102.00
116.00
100.00
135.00
71.00
60.00
89.00
74.00
73.00
91.00
86.00
74.00
87.00
87.00
109.00
137.00
43.00
69.00
73.00
77.00
69.00
76.00
78.00
70.00
83.00
65.00
110.00
132.00
54.00
55.00
66.00
65.00
60.00
65.00
96.00
55.00
71.00
63.00
74.00
106.00
34.00
47.00
56.00
53.00
53.00
55.00
67.00
52.00
46.00
51.00
58.00
91.00
33.00
40.00
46.00
45.00
41.00
55.00
57.00
54.00
46.00
52.00
48.00
77.00
30.00
35.00
42.00
48.00
44.00
45.00
46.00
44.00
46.00
51.00
63.00
84.00
30.00
39.00
45.00
52.00
28.00
40.00
62.00