2585.00
3368.00
3210.00
3111.00
3756.00
4216.00
5225.00
4426.00
3932.00
3816.00
3661.00
3795.00
2285.00
2934.00
2985.00
3646.00
4198.00
4935.00
5618.00
5454.00
3624.00
2898.00
3802.00
2369.00
2369.00
2511.00
3079.00
3728.00
4151.00
4326.00
5054.00
5138.00
3310.00
3508.00
3790.00
3446.00
2127.00
2523.00
3017.00
3265.00
3822.00
4027.00
4420.00
5255.00
4009.00
3074.00
3465.00
3718.00
1954.00
2604.00
3626.00
2836.00
4042.00
3584.00
4225.00
4523.00
2892.00
2876.00
3420.00
3159.00
2101.00
2181.00
2724.00
2954.00
4092.00
3470.00
3990.00
4239.00
2855.00
2897.00
3433.00
3307.00
1914.00
2214.00
2320.00
2714.00
3633.00
3295.00
4377.00
4442.00
2774.00
2840.00
2828.00
3758.00
1610.00
1968.00
2248.00
3262.00
3164.00
2972.00
4041.00
3402.00
2898.00
2555.00
3056.00
3717.00
1755.00
2193.00
2198.00
2777.00
3076.00
3389.00
4231.00
3118.00
2524.00
2280.00
2862.00
3502.00
1558.00
1940.00
2226.00
2676.00
3145.00
3224.00
4117.00
3446.00
2482.00
2349.00
2986.00
3163.00
1651.00
1725.00
2622.00
2316.00
2976.00
3263.00
3951.00
2917.00
2380.00
2458.00
2883.00
2579.00
1330.00
1686.00
2457.00
2514.00
2834.00
2757.00
3425.00
3006.00
2369.00
2017.00
2507.00
3168.00
1545.00
1643.00
2112.00
2415.00
2862.00
2822.00
3260.00
2606.00
2264.00
2250.00
2545.00
2856.00
1208.00
1412.00
1964.00
2018.00
2329.00
2660.00
2923.00
2626.00
2132.00
1772.00
2526.00
2755.00
1154.00
1568.00
1965.00
2659.00
2354.00
2592.00
2714.00
2294.00
2416.00
2016.00
2799.00
2467.00
1153.00
1482.00
1818.00
2262.00
2612.00
2967.00
3179.00